<PointSplatMark HeadPosAtStart="(1.00099, -0.357241, 2.12203)" BrushTip="0" BrushInterface="ForceTapeDraw" SuperSamplesPerWidth="20" Draw="0" Width="0.022" Pose="1" LayerIndex="0" Name="arm" RoomToVirtualScaleAtStart="1.03571" RoomToVirtualFrameAtStart="((0.818146, 0.274793, 0.505100, -0.034692), (-0.171045, 0.954959, -0.242480, 0.119440), (-0.548982, 0.111989, 0.828298, 0.035520), (0.000000, 0.000000, 0.000000, 1.000000)" ColorSwatch="0.170979"><SamplePoints Num="180">(-0.119767, 0.0821239, 0.1392)
(-0.119779, 0.0821132, 0.139203)
(-0.119893, 0.082014, 0.139229)
(-0.120064, 0.0818655, 0.139268)
(-0.12074, 0.081278, 0.139425)
(-0.120897, 0.0811406, 0.139462)
(-0.120926, 0.0811159, 0.139468)
(-0.120928, 0.0811142, 0.139469)
(-0.121026, 0.0810279, 0.139493)
(-0.121072, 0.0809878, 0.139504)
(-0.121098, 0.0809645, 0.13951)
(-0.121127, 0.0809395, 0.139517)
(-0.121197, 0.0808764, 0.139535)
(-0.12158, 0.0805329, 0.139631)
(-0.121821, 0.0803132, 0.139692)
(-0.12213, 0.0800318, 0.139772)
(-0.122894, 0.0793341, 0.139971)
(-0.123119, 0.0791303, 0.14003)
(-0.12312, 0.0791286, 0.140031)
(-0.123395, 0.078876, 0.140104)
(-0.123399, 0.0788721, 0.140106)
(-0.123998, 0.0783209, 0.14027)
(-0.124008, 0.0783113, 0.140273)
(-0.124217, 0.0781209, 0.140332)
(-0.124226, 0.0781127, 0.140335)
(-0.124509, 0.0778584, 0.140416)
(-0.124987, 0.0774325, 0.140561)
(-0.125843, 0.0766716, 0.14082)
(-0.126731, 0.075887, 0.141089)
(-0.127224, 0.0754513, 0.141239)
(-0.127465, 0.0752435, 0.141313)
(-0.128355, 0.0744854, 0.141586)
(-0.128537, 0.0743309, 0.141641)
(-0.128767, 0.0741415, 0.141712)
(-0.128767, 0.0741415, 0.141712)
(-0.128879, 0.074051, 0.141748)
(-0.128959, 0.0739871, 0.141773)
(-0.129251, 0.0737522, 0.141865)
(-0.129498, 0.0735582, 0.141944)
(-0.129831, 0.0732973, 0.14205)
(-0.130354, 0.0728927, 0.142212)
(-0.131068, 0.0723396, 0.142434)
(-0.131846, 0.0717475, 0.142674)
(-0.132863, 0.0709793, 0.142989)
(-0.133731, 0.0703286, 0.143259)
(-0.134491, 0.0697599, 0.143493)
(-0.136205, 0.06849, 0.144015)
(-0.136631, 0.0681772, 0.144141)
(-0.137145, 0.0678003, 0.144293)
(-0.138119, 0.0670876, 0.144573)
(-0.139527, 0.0660533, 0.144978)
(-0.141008, 0.064976, 0.14539)
(-0.142492, 0.0639012, 0.1458)
(-0.145211, 0.0619571, 0.146531)
(-0.147363, 0.0604374, 0.147089)
(-0.147378, 0.0604267, 0.147093)
(-0.151817, 0.0573416, 0.148186)
(-0.151855, 0.0573154, 0.148195)
(-0.154792, 0.0552961, 0.148928)
(-0.156917, 0.0538362, 0.149445)
(-0.158795, 0.0525463, 0.149889)
(-0.159671, 0.0519451, 0.150095)
(-0.160948, 0.0510722, 0.150392)
(-0.161223, 0.0508841, 0.150457)
(-0.16195, 0.0503893, 0.150626)
(-0.163557, 0.0492956, 0.150997)
(-0.164201, 0.0488572, 0.151145)
(-0.165418, 0.0480292, 0.151426)
(-0.16624, 0.0474722, 0.151618)
(-0.167357, 0.0467149, 0.151879)
(-0.169854, 0.0450299, 0.15246)
(-0.170811, 0.0443795, 0.152681)
(-0.17268, 0.0431034, 0.153116)
(-0.174965, 0.0415256, 0.153652)
(-0.176864, 0.040199, 0.154097)
(-0.177619, 0.0396653, 0.154272)
(-0.179982, 0.0379313, 0.154797)
(-0.180527, 0.0375259, 0.154922)
(-0.181244, 0.0369921, 0.155086)
(-0.182411, 0.0361243, 0.15535)
(-0.182843, 0.0358024, 0.155447)
(-0.183643, 0.0351945, 0.15563)
(-0.184097, 0.0348491, 0.155733)
(-0.185331, 0.0339025, 0.156012)
(-0.186887, 0.0326802, 0.15635)
(-0.187451, 0.0322373, 0.156473)
(-0.187974, 0.031818, 0.156588)
(-0.188732, 0.0312108, 0.156755)
(-0.190289, 0.0299524, 0.157099)
(-0.192521, 0.0280885, 0.15759)
(-0.194289, 0.0265974, 0.157967)
(-0.195211, 0.0258203, 0.158163)
(-0.196719, 0.0245348, 0.158484)
(-0.197556, 0.0238139, 0.158662)
(-0.197806, 0.023597, 0.158715)
(-0.199241, 0.022334, 0.159014)
(-0.199995, 0.021671, 0.159171)
(-0.200024, 0.0216447, 0.159177)
(-0.201159, 0.0206346, 0.159431)
(-0.203827, 0.0182163, 0.160021)
(-0.205618, 0.0165521, 0.160387)
(-0.206307, 0.0159112, 0.160528)
(-0.207928, 0.0143788, 0.160859)
(-0.209923, 0.0124963, 0.161249)
(-0.212081, 0.0104312, 0.161664)
(-0.215144, 0.00745636, 0.16224)
(-0.217951, 0.004728, 0.16276)
(-0.219393, 0.00332324, 0.163021)
(-0.220985, 0.00176061, 0.163318)
(-0.224469, -0.00172143, 0.163931)
(-0.23107, -0.00835839, 0.165079)
(-0.23215, -0.00946293, 0.165258)
(-0.233563, -0.0109479, 0.165474)
(-0.234636, -0.012081, 0.165639)
(-0.235621, -0.0131474, 0.165787)
(-0.236762, -0.0143927, 0.165962)
(-0.23745, -0.0151435, 0.166067)
(-0.238395, -0.0161869, 0.166206)
(-0.24023, -0.0182667, 0.166486)
(-0.241663, -0.0198965, 0.166708)
(-0.243906, -0.0225076, 0.167053)
(-0.244909, -0.0236953, 0.167204)
(-0.245426, -0.0243263, 0.167285)
(-0.246158, -0.0252189, 0.1674)
(-0.247501, -0.0268552, 0.167616)
(-0.248554, -0.0281359, 0.167789)
(-0.249769, -0.0296077, 0.167984)
(-0.249855, -0.0297111, 0.167998)
(-0.252982, -0.0335303, 0.168482)
(-0.255403, -0.0365585, 0.168851)
(-0.256139, -0.0374914, 0.168968)
(-0.256772, -0.0382927, 0.169068)
(-0.257085, -0.038689, 0.169117)
(-0.258132, -0.0400143, 0.169282)
(-0.259059, -0.0411826, 0.169428)
(-0.260259, -0.0426964, 0.169618)
(-0.261028, -0.0436696, 0.16973)
(-0.265804, -0.0497228, 0.170437)
(-0.268436, -0.053062, 0.170833)
(-0.270708, -0.0559623, 0.171156)
(-0.273211, -0.0591582, 0.171512)
(-0.277777, -0.0649792, 0.172182)
(-0.280216, -0.0680886, 0.17254)
(-0.283201, -0.0719393, 0.172991)
(-0.284595, -0.0737227, 0.173198)
(-0.284721, -0.0738835, 0.173217)
(-0.28756, -0.0775047, 0.173645)
(-0.288904, -0.0792195, 0.173848)
(-0.288909, -0.0792253, 0.173849)
(-0.291121, -0.0820419, 0.174186)
(-0.293219, -0.0847125, 0.174504)
(-0.295962, -0.0882046, 0.174909)
(-0.296552, -0.0889529, 0.174998)
(-0.298609, -0.0915415, 0.175308)
(-0.300297, -0.0936275, 0.175566)
(-0.300324, -0.0936609, 0.17557)
(-0.305273, -0.0996697, 0.176354)
(-0.306119, -0.100668, 0.176488)
(-0.306169, -0.100725, 0.176495)
(-0.309715, -0.104771, 0.177001)
(-0.311592, -0.106877, 0.177265)
(-0.315373, -0.110943, 0.177778)
(-0.317231, -0.112941, 0.178031)
(-0.318189, -0.113983, 0.178166)
(-0.319537, -0.115449, 0.178358)
(-0.319584, -0.1155, 0.178365)
(-0.322702, -0.118749, 0.178802)
(-0.324371, -0.120488, 0.179036)
(-0.325637, -0.1218, 0.17922)
(-0.325681, -0.121844, 0.179226)
(-0.328492, -0.124688, 0.179619)
(-0.328569, -0.124764, 0.179629)
(-0.332224, -0.12833, 0.180084)
(-0.334193, -0.130249, 0.180329)
(-0.336268, -0.13224, 0.180588)
(-0.340309, -0.136095, 0.181081)
(-0.342356, -0.138021, 0.181315)
(-0.35004, -0.14514, 0.182234)
(-0.350633, -0.145681, 0.182304)
(-0.351685, -0.146627, 0.18242)
</SamplePoints>
<SampleFrames Num="180">((-0.433930, 0.580785, 0.688762, -0.119767), (-0.052902, 0.746743, -0.663005, 0.082124), (-0.899392, -0.324135, -0.293310, 0.139200), (0.000000, 0.000000, 0.000000, 1.000000)
((0.434084, 0.419017, 0.797494, -0.119779), (-0.052866, 0.895569, -0.441771, 0.082113), (-0.899320, 0.149606, 0.410904, 0.139203), (0.000000, 0.000000, 0.000000, 1.000000)
((0.434051, 0.419124, 0.797455, -0.119893), (-0.052659, 0.895478, -0.441981, 0.082014), (-0.899348, 0.149849, 0.410754, 0.139229), (0.000000, 0.000000, 0.000000, 1.000000)
((0.434051, 0.419124, 0.797455, -0.120064), (-0.052659, 0.895478, -0.441981, 0.081865), (-0.899348, 0.149849, 0.410754, 0.139268), (0.000000, 0.000000, 0.000000, 1.000000)
((0.431828, 0.422345, 0.796962, -0.120740), (-0.050834, 0.893585, -0.446006, 0.081278), (-0.900522, 0.152085, 0.407345, 0.139425), (0.000000, 0.000000, 0.000000, 1.000000)
((0.431673, 0.422543, 0.796941, -0.120897), (-0.050870, 0.893495, -0.446182, 0.081141), (-0.900595, 0.152064, 0.407193, 0.139462), (0.000000, 0.000000, 0.000000, 1.000000)
((0.429808, 0.425486, 0.796383, -0.120926), (-0.048317, 0.891583, -0.450272, 0.081116), (-0.901627, 0.155052, 0.403768, 0.139468), (0.000000, 0.000000, 0.000000, 1.000000)
((0.431640, 0.422650, 0.796903, -0.120928), (-0.050663, 0.893403, -0.446389, 0.081114), (-0.900622, 0.152306, 0.407042, 0.139469), (0.000000, 0.000000, 0.000000, 1.000000)
((0.431452, 0.422955, 0.796842, -0.121026), (-0.050493, 0.893221, -0.446773, 0.081028), (-0.900722, 0.152526, 0.406738, 0.139493), (0.000000, 0.000000, 0.000000, 1.000000)
((0.434270, 0.419957, 0.796898, -0.121072), (-0.050074, 0.894559, -0.444136, 0.080988), (-0.899390, 0.152971, 0.409509, 0.139504), (0.000000, 0.000000, 0.000000, 1.000000)
((0.434082, 0.420263, 0.796838, -0.121098), (-0.049903, 0.894377, -0.444521, 0.080964), (-0.899490, 0.153194, 0.409205, 0.139510), (0.000000, 0.000000, 0.000000, 1.000000)
((0.434049, 0.420371, 0.796800, -0.121127), (-0.049696, 0.894285, -0.444730, 0.080939), (-0.899518, 0.153437, 0.409054, 0.139517), (0.000000, 0.000000, 0.000000, 1.000000)
((0.435721, 0.417710, 0.797286, -0.121197), (-0.052077, 0.896009, -0.440972, 0.080876), (-0.898574, 0.150620, 0.412163, 0.139535), (0.000000, 0.000000, 0.000000, 1.000000)
((0.435259, 0.418305, 0.797227, -0.121580), (-0.052184, 0.895740, -0.441505, 0.080533), (-0.898792, 0.150566, 0.411708, 0.139631), (0.000000, 0.000000, 0.000000, 1.000000)
((0.435213, 0.416327, 0.798287, -0.121821), (-0.052116, 0.896825, -0.439305, 0.080313), (-0.898818, 0.149588, 0.412007, 0.139692), (0.000000, 0.000000, 0.000000, 1.000000)
((0.436722, 0.413873, 0.798739, -0.122130), (-0.054538, 0.898433, -0.435711, 0.080032), (-0.897942, 0.146723, 0.414937, 0.139772), (0.000000, 0.000000, 0.000000, 1.000000)
((0.434322, 0.417406, 0.798208, -0.122894), (-0.052538, 0.896382, -0.440157, 0.079334), (-0.899224, 0.149234, 0.411248, 0.139971), (0.000000, 0.000000, 0.000000, 1.000000)
((0.434014, 0.417801, 0.798169, -0.123119), (-0.052609, 0.896205, -0.440511, 0.079130), (-0.899369, 0.149197, 0.410945, 0.140030), (0.000000, 0.000000, 0.000000, 1.000000)
((0.434014, 0.417801, 0.798169, -0.123120), (-0.052609, 0.896205, -0.440511, 0.079129), (-0.899369, 0.149197, 0.410945, 0.140031), (0.000000, 0.000000, 0.000000, 1.000000)
((0.429746, 0.424254, 0.797074, -0.123395), (-0.048052, 0.892239, -0.448999, 0.078876), (-0.901670, 0.154655, 0.403823, 0.140104), (0.000000, 0.000000, 0.000000, 1.000000)
((0.429746, 0.424254, 0.797074, -0.123399), (-0.048052, 0.892239, -0.448999, 0.078872), (-0.901670, 0.154655, 0.403823, 0.140106), (0.000000, 0.000000, 0.000000, 1.000000)
((0.427270, 0.425832, 0.797564, -0.123998), (-0.045758, 0.891194, -0.451309, 0.078321), (-0.902966, 0.156336, 0.400265, 0.140270), (0.000000, 0.000000, 0.000000, 1.000000)
((0.427270, 0.425832, 0.797564, -0.124008), (-0.045758, 0.891194, -0.451309, 0.078311), (-0.902966, 0.156336, 0.400265, 0.140273), (0.000000, 0.000000, 0.000000, 1.000000)
((0.423139, 0.431999, 0.796449, -0.124217), (-0.041151, 0.887275, -0.459401, 0.078121), (-0.905130, 0.161616, 0.393218, 0.140332), (0.000000, 0.000000, 0.000000, 1.000000)
((0.423139, 0.431999, 0.796449, -0.124226), (-0.041151, 0.887275, -0.459401, 0.078113), (-0.905130, 0.161616, 0.393218, 0.140335), (0.000000, 0.000000, 0.000000, 1.000000)
((0.418833, 0.438315, 0.795273, -0.124509), (-0.036580, 0.883223, -0.467524, 0.077858), (-0.907326, 0.166723, 0.385957, 0.140416), (0.000000, 0.000000, 0.000000, 1.000000)
((0.418365, 0.438885, 0.795205, -0.124987), (-0.036690, 0.882959, -0.468015, 0.077432), (-0.907538, 0.166625, 0.385502, 0.140561), (0.000000, 0.000000, 0.000000, 1.000000)
((0.418387, 0.437986, 0.795689, -0.125843), (-0.033805, 0.882952, -0.468244, 0.076672), (-0.907640, 0.169009, 0.384222, 0.140820), (0.000000, 0.000000, 0.000000, 1.000000)
((0.417571, 0.439041, 0.795536, -0.126731), (-0.033781, 0.882415, -0.469257, 0.075887), (-0.908016, 0.169074, 0.383302, 0.141089), (0.000000, 0.000000, 0.000000, 1.000000)
((0.415062, 0.442652, 0.794847, -0.127224), (-0.031358, 0.880099, -0.473754, 0.075451), (-0.909253, 0.171712, 0.379176, 0.141239), (0.000000, 0.000000, 0.000000, 1.000000)
((0.414786, 0.442920, 0.794842, -0.127465), (-0.031638, 0.880023, -0.473877, 0.075243), (-0.909369, 0.171410, 0.379034, 0.141313), (0.000000, 0.000000, 0.000000, 1.000000)
((0.414019, 0.441767, 0.795883, -0.128355), (-0.031697, 0.880806, -0.472415, 0.074485), (-0.909716, 0.170362, 0.378673, 0.141586), (0.000000, 0.000000, 0.000000, 1.000000)
((0.413826, 0.442063, 0.795820, -0.128537), (-0.031527, 0.880620, -0.472773, 0.074331), (-0.909810, 0.170556, 0.378360, 0.141641), (0.000000, 0.000000, 0.000000, 1.000000)
((0.413633, 0.442358, 0.795756, -0.128767), (-0.031357, 0.880434, -0.473131, 0.074142), (-0.909904, 0.170750, 0.378047, 0.141712), (0.000000, 0.000000, 0.000000, 1.000000)
((0.413633, 0.442358, 0.795756, -0.128767), (-0.031357, 0.880434, -0.473131, 0.074142), (-0.909904, 0.170750, 0.378047, 0.141712), (0.000000, 0.000000, 0.000000, 1.000000)
((0.413633, 0.442358, 0.795756, -0.128879), (-0.031357, 0.880434, -0.473131, 0.074051), (-0.909904, 0.170750, 0.378047, 0.141748), (0.000000, 0.000000, 0.000000, 1.000000)
((0.413477, 0.442544, 0.795733, -0.128959), (-0.031394, 0.880347, -0.473289, 0.073987), (-0.909973, 0.170713, 0.377897, 0.141773), (0.000000, 0.000000, 0.000000, 1.000000)
((0.413007, 0.443107, 0.795664, -0.129251), (-0.031504, 0.880086, -0.473768, 0.073752), (-0.910183, 0.170603, 0.377441, 0.141865), (0.000000, 0.000000, 0.000000, 1.000000)
((0.412694, 0.443480, 0.795619, -0.129498), (-0.031578, 0.879912, -0.474085, 0.073558), (-0.910322, 0.170528, 0.377139, 0.141944), (0.000000, 0.000000, 0.000000, 1.000000)
((0.414227, 0.441132, 0.796127, -0.129831), (-0.034020, 0.881591, -0.470787, 0.073297), (-0.909537, 0.167928, 0.380186, 0.142050), (0.000000, 0.000000, 0.000000, 1.000000)
((0.416524, 0.439114, 0.796045, -0.130354), (-0.033291, 0.882396, -0.469328, 0.072893), (-0.908515, 0.168985, 0.382158, 0.142212), (0.000000, 0.000000, 0.000000, 1.000000)
((0.415863, 0.439975, 0.795914, -0.131068), (-0.033231, 0.881949, -0.470171, 0.072340), (-0.908820, 0.169078, 0.381391, 0.142434), (0.000000, 0.000000, 0.000000, 1.000000)
((0.415210, 0.438751, 0.796930, -0.131846), (-0.033053, 0.882709, -0.468756, 0.071748), (-0.909125, 0.168291, 0.381012, 0.142674), (0.000000, 0.000000, 0.000000, 1.000000)
((0.414309, 0.439769, 0.796838, -0.132863), (-0.033480, 0.882287, -0.469520, 0.070979), (-0.909520, 0.167848, 0.380263, 0.142989), (0.000000, 0.000000, 0.000000, 1.000000)
((0.413647, 0.440625, 0.796709, -0.133731), (-0.033421, 0.881843, -0.470357, 0.070329), (-0.909824, 0.167935, 0.379498, 0.143259), (0.000000, 0.000000, 0.000000, 1.000000)
((0.413021, 0.441374, 0.796620, -0.134491), (-0.033568, 0.881496, -0.470997, 0.069760), (-0.910103, 0.167790, 0.378892, 0.143493), (0.000000, 0.000000, 0.000000, 1.000000)
((0.413155, 0.438875, 0.797929, -0.136205), (-0.035370, 0.883282, -0.467507, 0.068490), (-0.909974, 0.164930, 0.380455, 0.144015), (0.000000, 0.000000, 0.000000, 1.000000)
((0.415489, 0.436761, 0.797877, -0.136631), (-0.034842, 0.884174, -0.465857, 0.068177), (-0.908931, 0.165759, 0.382582, 0.144141), (0.000000, 0.000000, 0.000000, 1.000000)
((0.413028, 0.440222, 0.797253, -0.137145), (-0.032613, 0.881999, -0.470121, 0.067800), (-0.910134, 0.168172, 0.378647, 0.144293), (0.000000, 0.000000, 0.000000, 1.000000)
((0.414012, 0.436580, 0.798744, -0.138119), (-0.034648, 0.884401, -0.465440, 0.067088), (-0.909612, 0.165023, 0.381279, 0.144573), (0.000000, 0.000000, 0.000000, 1.000000)
((0.412688, 0.438284, 0.798496, -0.139527), (-0.034529, 0.883525, -0.467110, 0.066053), (-0.910218, 0.165199, 0.379754, 0.144978), (0.000000, 0.000000, 0.000000, 1.000000)
((0.411245, 0.437975, 0.799409, -0.141008), (-0.034544, 0.883860, -0.466473, 0.064976), (-0.910870, 0.164220, 0.378613, 0.145390), (0.000000, 0.000000, 0.000000, 1.000000)
((0.409882, 0.439771, 0.799123, -0.142492), (-0.034220, 0.882896, -0.468321, 0.063901), (-0.911497, 0.164610, 0.376932, 0.145800), (0.000000, 0.000000, 0.000000, 1.000000)
((0.406455, 0.443527, 0.798798, -0.145211), (-0.028861, 0.880069, -0.473967, 0.061957), (-0.913215, 0.169592, 0.370509, 0.146531), (0.000000, 0.000000, 0.000000, 1.000000)
((0.404473, 0.443914, 0.799589, -0.147363), (-0.028564, 0.880003, -0.474109, 0.060437), (-0.914104, 0.168925, 0.368617, 0.147089), (0.000000, 0.000000, 0.000000, 1.000000)
((0.404473, 0.443914, 0.799589, -0.147378), (-0.028564, 0.880003, -0.474109, 0.060427), (-0.914104, 0.168925, 0.368617, 0.147093), (0.000000, 0.000000, 0.000000, 1.000000)
((0.401810, 0.444339, 0.800694, -0.151817), (-0.024845, 0.879353, -0.475522, 0.057342), (-0.915386, 0.171176, 0.364372, 0.148186), (0.000000, 0.000000, 0.000000, 1.000000)
((0.401810, 0.444339, 0.800694, -0.151855), (-0.024845, 0.879353, -0.475522, 0.057315), (-0.915386, 0.171176, 0.364372, 0.148195), (0.000000, 0.000000, 0.000000, 1.000000)
((0.399436, 0.445233, 0.801385, -0.154792), (-0.024208, 0.878966, -0.476269, 0.055296), (-0.916442, 0.170839, 0.361869, 0.148928), (0.000000, 0.000000, 0.000000, 1.000000)
((0.400344, 0.442846, 0.802254, -0.156917), (-0.023671, 0.880180, -0.474049, 0.053836), (-0.916059, 0.170792, 0.362858, 0.149445), (0.000000, 0.000000, 0.000000, 1.000000)
((0.399030, 0.442343, 0.803186, -0.158795), (-0.023431, 0.880577, -0.473324, 0.052546), (-0.916638, 0.170051, 0.361741, 0.149889), (0.000000, 0.000000, 0.000000, 1.000000)
((0.398399, 0.443051, 0.803109, -0.159671), (-0.023581, 0.880256, -0.473913, 0.051945), (-0.916909, 0.169868, 0.361141, 0.150095), (0.000000, 0.000000, 0.000000, 1.000000)
((0.397557, 0.442006, 0.804101, -0.160948), (-0.023230, 0.880898, -0.472736, 0.051072), (-0.917283, 0.169260, 0.360475, 0.150392), (0.000000, 0.000000, 0.000000, 1.000000)
((0.397557, 0.442006, 0.804101, -0.161223), (-0.023230, 0.880898, -0.472736, 0.050884), (-0.917283, 0.169260, 0.360475, 0.150457), (0.000000, 0.000000, 0.000000, 1.000000)
((0.397045, 0.442638, 0.804007, -0.161950), (-0.023136, 0.880565, -0.473360, 0.050389), (-0.917508, 0.169344, 0.359865, 0.150626), (0.000000, 0.000000, 0.000000, 1.000000)
((0.400541, 0.436832, 0.805447, -0.163557), (-0.024841, 0.883895, -0.467025, 0.049296), (-0.915942, 0.167055, 0.364888, 0.150997), (0.000000, 0.000000, 0.000000, 1.000000)
((0.400029, 0.437466, 0.805357, -0.164201), (-0.024747, 0.883564, -0.467655, 0.048857), (-0.916168, 0.167146, 0.364277, 0.151145), (0.000000, 0.000000, 0.000000, 1.000000)
((0.399339, 0.436254, 0.806356, -0.165418), (-0.024366, 0.884270, -0.466340, 0.048029), (-0.916479, 0.166580, 0.363753, 0.151426), (0.000000, 0.000000, 0.000000, 1.000000)
((0.398827, 0.436885, 0.806268, -0.166240), (-0.024271, 0.883941, -0.466967, 0.047472), (-0.916705, 0.166670, 0.363143, 0.151618), (0.000000, 0.000000, 0.000000, 1.000000)
((0.398019, 0.435740, 0.807287, -0.167357), (-0.024135, 0.884664, -0.465605, 0.046715), (-0.917060, 0.165836, 0.362629, 0.151879), (0.000000, 0.000000, 0.000000, 1.000000)
((0.400702, 0.431082, 0.808459, -0.169854), (-0.025182, 0.887245, -0.460611, 0.045030), (-0.915862, 0.164209, 0.366376, 0.152460), (0.000000, 0.000000, 0.000000, 1.000000)
((0.400072, 0.431786, 0.808396, -0.170811), (-0.025332, 0.886935, -0.461199, 0.044380), (-0.916134, 0.164034, 0.365776, 0.152681), (0.000000, 0.000000, 0.000000, 1.000000)
((0.400399, 0.428844, 0.809798, -0.172680), (-0.027805, 0.889009, -0.457044, 0.043103), (-0.915919, 0.160484, 0.367882, 0.153116), (0.000000, 0.000000, 0.000000, 1.000000)
((0.398831, 0.428715, 0.810640, -0.174965), (-0.027212, 0.889133, -0.456839, 0.041526), (-0.916621, 0.160142, 0.366280, 0.153652), (0.000000, 0.000000, 0.000000, 1.000000)
((0.401991, 0.425333, 0.810861, -0.176864), (-0.029337, 0.891092, -0.452874, 0.040199), (-0.915174, 0.158263, 0.370689, 0.154097), (0.000000, 0.000000, 0.000000, 1.000000)
((0.403233, 0.421366, 0.812314, -0.177619), (-0.031608, 0.893564, -0.447822, 0.039665), (-0.914551, 0.154901, 0.373633, 0.154272), (0.000000, 0.000000, 0.000000, 1.000000)
((0.403324, 0.418972, 0.813506, -0.179982), (-0.033082, 0.895117, -0.444602, 0.037931), (-0.914459, 0.152406, 0.374883, 0.154797), (0.000000, 0.000000, 0.000000, 1.000000)
((0.404714, 0.416934, 0.813863, -0.180527), (-0.035418, 0.896488, -0.441650, 0.037526), (-0.913757, 0.149916, 0.377588, 0.154922), (0.000000, 0.000000, 0.000000, 1.000000)
((0.406101, 0.414893, 0.814215, -0.181244), (-0.037753, 0.897850, -0.438680, 0.036992), (-0.913048, 0.147409, 0.380281, 0.155086), (0.000000, 0.000000, 0.000000, 1.000000)
((0.408021, 0.411405, 0.815025, -0.182411), (-0.036778, 0.899397, -0.435582, 0.036124), (-0.912232, 0.147752, 0.382103, 0.155350), (0.000000, 0.000000, 0.000000, 1.000000)
((0.407864, 0.411583, 0.815013, -0.182843), (-0.036815, 0.899322, -0.435735, 0.035802), (-0.912300, 0.147716, 0.381953, 0.155447), (0.000000, 0.000000, 0.000000, 1.000000)
((0.408734, 0.410170, 0.815289, -0.183643), (-0.039059, 0.900361, -0.433387, 0.035195), (-0.911817, 0.145296, 0.384029, 0.155630), (0.000000, 0.000000, 0.000000, 1.000000)
((0.408383, 0.410626, 0.815236, -0.184097), (-0.038927, 0.900127, -0.433884, 0.034849), (-0.911980, 0.145456, 0.383581, 0.155733), (0.000000, 0.000000, 0.000000, 1.000000)
((0.409404, 0.406896, 0.816593, -0.185331), (-0.041279, 0.902385, -0.428950, 0.033902), (-0.911419, 0.141906, 0.386236, 0.156012), (0.000000, 0.000000, 0.000000, 1.000000)
((0.410140, 0.403659, 0.817829, -0.186887), (-0.043061, 0.904291, -0.424739, 0.032680), (-0.911006, 0.138986, 0.388268, 0.156350), (0.000000, 0.000000, 0.000000, 1.000000)
((0.409594, 0.404390, 0.817742, -0.187451), (-0.042760, 0.903908, -0.425583, 0.032237), (-0.911265, 0.139350, 0.387527, 0.156473), (0.000000, 0.000000, 0.000000, 1.000000)
((0.409243, 0.404843, 0.817693, -0.187974), (-0.042628, 0.903680, -0.426081, 0.031818), (-0.911429, 0.139514, 0.387082, 0.156588), (0.000000, 0.000000, 0.000000, 1.000000)
((0.410328, 0.403075, 0.818023, -0.188732), (-0.045257, 0.904911, -0.423187, 0.031211), (-0.910814, 0.136624, 0.389553, 0.156755), (0.000000, 0.000000, 0.000000, 1.000000)
((0.412103, 0.399681, 0.818796, -0.190289), (-0.044542, 0.906415, -0.420033, 0.029952), (-0.910048, 0.136626, 0.391339, 0.157099), (0.000000, 0.000000, 0.000000, 1.000000)
((0.412184, 0.397186, 0.819968, -0.192521), (-0.046493, 0.907972, -0.416443, 0.028089), (-0.909914, 0.133529, 0.392718, 0.157590), (0.000000, 0.000000, 0.000000, 1.000000)
((0.412358, 0.396613, 0.820158, -0.194289), (-0.048697, 0.908570, -0.414884, 0.026597), (-0.909719, 0.131142, 0.393970, 0.157967), (0.000000, 0.000000, 0.000000, 1.000000)
((0.414780, 0.392422, 0.820952, -0.195211), (-0.048049, 0.910410, -0.410907, 0.025820), (-0.908652, 0.130990, 0.396476, 0.158163), (0.000000, 0.000000, 0.000000, 1.000000)
((0.413495, 0.393943, 0.820872, -0.196719), (-0.048137, 0.909753, -0.412350, 0.024535), (-0.909233, 0.130990, 0.395141, 0.158484), (0.000000, 0.000000, 0.000000, 1.000000)
((0.414517, 0.392289, 0.821148, -0.197556), (-0.050572, 0.910855, -0.409616, 0.023814), (-0.908635, 0.128266, 0.397404, 0.158662), (0.000000, 0.000000, 0.000000, 1.000000)
((0.414441, 0.390300, 0.822134, -0.197806), (-0.050543, 0.911845, -0.407411, 0.023597), (-0.908672, 0.127295, 0.397633, 0.158715), (0.000000, 0.000000, 0.000000, 1.000000)
((0.413237, 0.391833, 0.822011, -0.199241), (-0.050183, 0.911118, -0.409080, 0.022334), (-0.909240, 0.127796, 0.396171, 0.159014), (0.000000, 0.000000, 0.000000, 1.000000)
((0.414252, 0.390190, 0.822281, -0.199995), (-0.052622, 0.912201, -0.406349, 0.021671), (-0.908640, 0.125061, 0.398414, 0.159171), (0.000000, 0.000000, 0.000000, 1.000000)
((0.414252, 0.390190, 0.822281, -0.200024), (-0.052622, 0.912201, -0.406349, 0.021645), (-0.908640, 0.125061, 0.398414, 0.159177), (0.000000, 0.000000, 0.000000, 1.000000)
((0.416191, 0.386549, 0.823022, -0.201159), (-0.052091, 0.913788, -0.402837, 0.020635), (-0.907784, 0.124785, 0.400446, 0.159431), (0.000000, 0.000000, 0.000000, 1.000000)
((0.415801, 0.386718, 0.823140, -0.203827), (-0.054005, 0.913992, -0.402121, 0.018216), (-0.907851, 0.122749, 0.400924, 0.160021), (0.000000, 0.000000, 0.000000, 1.000000)
((0.414508, 0.386274, 0.824000, -0.205618), (-0.053628, 0.914243, -0.401602, 0.016552), (-0.908464, 0.122278, 0.399676, 0.160387), (0.000000, 0.000000, 0.000000, 1.000000)
((0.413810, 0.387173, 0.823929, -0.206307), (-0.053364, 0.913815, -0.402610, 0.015911), (-0.908798, 0.122636, 0.398807, 0.160528), (0.000000, 0.000000, 0.000000, 1.000000)
((0.417009, 0.381664, 0.824886, -0.207928), (-0.055008, 0.916497, -0.396242, 0.014379), (-0.907236, 0.119861, 0.403182, 0.160859), (0.000000, 0.000000, 0.000000, 1.000000)
((0.415378, 0.383626, 0.824798, -0.209923), (-0.054964, 0.915650, -0.398202, 0.012496), (-0.907987, 0.120070, 0.401426, 0.161249), (0.000000, 0.000000, 0.000000, 1.000000)
((0.416334, 0.381366, 0.825364, -0.212081), (-0.053592, 0.916495, -0.396441, 0.010431), (-0.907631, 0.120819, 0.402006, 0.161664), (0.000000, 0.000000, 0.000000, 1.000000)
((0.415539, 0.382085, 0.825432, -0.215144), (-0.055182, 0.916410, -0.396418, 0.007456), (-0.907900, 0.119178, 0.401888, 0.162240), (0.000000, 0.000000, 0.000000, 1.000000)
((0.416290, 0.379897, 0.826064, -0.217951), (-0.054503, 0.917322, -0.394399, 0.004728), (-0.907597, 0.119161, 0.402577, 0.162760), (0.000000, 0.000000, 0.000000, 1.000000)
((0.415162, 0.381226, 0.826019, -0.219393), (-0.054554, 0.916764, -0.395687, 0.003323), (-0.908110, 0.119212, 0.401403, 0.163021), (0.000000, 0.000000, 0.000000, 1.000000)
((0.416677, 0.380195, 0.825731, -0.220985), (-0.053936, 0.917080, -0.395038, 0.001761), (-0.907453, 0.120067, 0.402632, 0.163318), (0.000000, 0.000000, 0.000000, 1.000000)
((0.415569, 0.379031, 0.826824, -0.224469), (-0.056219, 0.918002, -0.392572, -0.001721), (-0.907822, 0.116657, 0.402802, 0.163931), (0.000000, 0.000000, 0.000000, 1.000000)
((0.415771, 0.376366, 0.827939, -0.231070), (-0.054088, 0.918976, -0.390587, -0.008358), (-0.907860, 0.117613, 0.402440, 0.165079), (0.000000, 0.000000, 0.000000, 1.000000)
((0.417789, 0.374720, 0.827670, -0.232150), (-0.053556, 0.919558, -0.389287, -0.009463), (-0.906964, 0.118313, 0.404250, 0.165258), (0.000000, 0.000000, 0.000000, 1.000000)
((0.416739, 0.376052, 0.827595, -0.233563), (-0.053161, 0.918943, -0.390791, -0.010948), (-0.907471, 0.118862, 0.402950, 0.165474), (0.000000, 0.000000, 0.000000, 1.000000)
((0.418598, 0.374774, 0.827237, -0.234636), (-0.051806, 0.919252, -0.390246, -0.012081), (-0.906693, 0.120500, 0.404212, 0.165639), (0.000000, 0.000000, 0.000000, 1.000000)
((0.418014, 0.375580, 0.827166, -0.235621), (-0.051301, 0.918841, -0.391280, -0.013147), (-0.906991, 0.121126, 0.403356, 0.165787), (0.000000, 0.000000, 0.000000, 1.000000)
((0.417392, 0.376283, 0.827161, -0.236762), (-0.051447, 0.918567, -0.391904, -0.014393), (-0.907269, 0.121022, 0.402761, 0.165962), (0.000000, 0.000000, 0.000000, 1.000000)
((0.419562, 0.374452, 0.826894, -0.237450), (-0.050875, 0.919219, -0.390447, -0.015143), (-0.906300, 0.121748, 0.404719, 0.166067), (0.000000, 0.000000, 0.000000, 1.000000)
((0.418785, 0.375333, 0.826888, -0.238395), (-0.051057, 0.918876, -0.391229, -0.016187), (-0.906649, 0.121622, 0.403975, 0.166206), (0.000000, 0.000000, 0.000000, 1.000000)
((0.416018, 0.379066, 0.826582, -0.240230), (-0.048580, 0.916941, -0.396054, -0.018267), (-0.908058, 0.124610, 0.399879, 0.166486), (0.000000, 0.000000, 0.000000, 1.000000)
((0.417928, 0.375471, 0.827259, -0.241663), (-0.048038, 0.918456, -0.392594, -0.019897), (-0.907209, 0.124336, 0.401886, 0.166708), (0.000000, 0.000000, 0.000000, 1.000000)
((0.414886, 0.379640, 0.826887, -0.243906), (-0.044978, 0.916240, -0.398096, -0.022508), (-0.908761, 0.127973, 0.397211, 0.167053), (0.000000, 0.000000, 0.000000, 1.000000)
((0.416975, 0.378019, 0.826580, -0.244909), (-0.043992, 0.916738, -0.397059, -0.023695), (-0.907853, 0.129201, 0.398887, 0.167204), (0.000000, 0.000000, 0.000000, 1.000000)
((0.416623, 0.378461, 0.826555, -0.245426), (-0.043860, 0.916531, -0.397552, -0.024326), (-0.908021, 0.129377, 0.398447, 0.167285), (0.000000, 0.000000, 0.000000, 1.000000)
((0.416155, 0.378986, 0.826550, -0.246158), (-0.043970, 0.916326, -0.398012, -0.025219), (-0.908230, 0.129291, 0.397998, 0.167400), (0.000000, 0.000000, 0.000000, 1.000000)
((0.415376, 0.379861, 0.826540, -0.247501), (-0.044154, 0.915984, -0.398778, -0.026855), (-0.908578, 0.129148, 0.397250, 0.167616), (0.000000, 0.000000, 0.000000, 1.000000)
((0.414712, 0.380652, 0.826510, -0.248554), (-0.044096, 0.915639, -0.399575, -0.028136), (-0.908884, 0.129263, 0.396512, 0.167789), (0.000000, 0.000000, 0.000000, 1.000000)
((0.416783, 0.376887, 0.827193, -0.249769), (-0.043507, 0.917225, -0.395986, -0.029608), (-0.907964, 0.129052, 0.398681, 0.167984), (0.000000, 0.000000, 0.000000, 1.000000)
((0.416627, 0.377061, 0.827192, -0.249855), (-0.043544, 0.917157, -0.396139, -0.029711), (-0.908034, 0.129023, 0.398531, 0.167998), (0.000000, 0.000000, 0.000000, 1.000000)
((0.415999, 0.377294, 0.827402, -0.252982), (-0.046184, 0.917459, -0.395139, -0.033530), (-0.908191, 0.126165, 0.399087, 0.168482), (0.000000, 0.000000, 0.000000, 1.000000)
((0.416932, 0.374850, 0.828043, -0.255403), (-0.045650, 0.918487, -0.392808, -0.036559), (-0.907791, 0.125974, 0.400058, 0.168851), (0.000000, 0.000000, 0.000000, 1.000000)
((0.416193, 0.375631, 0.828061, -0.256139), (-0.046038, 0.918219, -0.393389, -0.037491), (-0.908110, 0.125604, 0.399449, 0.168968), (0.000000, 0.000000, 0.000000, 1.000000)
((0.415726, 0.376153, 0.828059, -0.256772), (-0.046148, 0.918016, -0.393848, -0.038293), (-0.908318, 0.125520, 0.399002, 0.169068), (0.000000, 0.000000, 0.000000, 1.000000)
((0.415529, 0.376419, 0.828037, -0.257085), (-0.045980, 0.917879, -0.394187, -0.038689), (-0.908417, 0.125723, 0.398713, 0.169117), (0.000000, 0.000000, 0.000000, 1.000000)
((0.419243, 0.372401, 0.827981, -0.258132), (-0.047524, 0.919752, -0.389613, -0.040014), (-0.906629, 0.123994, 0.403297, 0.169282), (0.000000, 0.000000, 0.000000, 1.000000)
((0.417532, 0.373234, 0.828471, -0.259059), (-0.050495, 0.919869, -0.388961, -0.041183), (-0.907258, 0.120570, 0.402921, 0.169428), (0.000000, 0.000000, 0.000000, 1.000000)
((0.416869, 0.374024, 0.828448, -0.260259), (-0.050437, 0.919532, -0.389766, -0.042696), (-0.907566, 0.120697, 0.402189, 0.169618), (0.000000, 0.000000, 0.000000, 1.000000)
((0.420854, 0.369544, 0.828444, -0.261028), (-0.052556, 0.921659, -0.384426, -0.043670), (-0.905605, 0.118247, 0.407305, 0.169730), (0.000000, 0.000000, 0.000000, 1.000000)
((0.417856, 0.370773, 0.829412, -0.265804), (-0.053672, 0.921413, -0.384860, -0.049723), (-0.906926, 0.116300, 0.404918, 0.170437), (0.000000, 0.000000, 0.000000, 1.000000)
((0.417744, 0.368317, 0.830562, -0.268436), (-0.056393, 0.922895, -0.380899, -0.053062), (-0.906813, 0.112280, 0.406304, 0.170833), (0.000000, 0.000000, 0.000000, 1.000000)
((0.420405, 0.363371, 0.831397, -0.270708), (-0.058385, 0.925240, -0.374863, -0.055962), (-0.905456, 0.109053, 0.410191, 0.171156), (0.000000, 0.000000, 0.000000, 1.000000)
((0.418598, 0.363290, 0.832344, -0.273211), (-0.059015, 0.925449, -0.374248, -0.059158), (-0.906252, 0.107539, 0.408831, 0.171512), (0.000000, 0.000000, 0.000000, 1.000000)
((0.419532, 0.360290, 0.833177, -0.277777), (-0.061419, 0.927022, -0.369944, -0.064979), (-0.905660, 0.104030, 0.411044, 0.172182), (0.000000, 0.000000, 0.000000, 1.000000)
((0.422195, 0.355309, 0.833970, -0.280216), (-0.063630, 0.929331, -0.363724, -0.068089), (-0.904269, 0.100497, 0.414967, 0.172540), (0.000000, 0.000000, 0.000000, 1.000000)
((0.424150, 0.353253, 0.833852, -0.283201), (-0.065580, 0.930345, -0.360773, -0.071939), (-0.903214, 0.098338, 0.417772, 0.172991), (0.000000, 0.000000, 0.000000, 1.000000)
((0.424467, 0.350288, 0.834941, -0.284595), (-0.068440, 0.931909, -0.356176, -0.073723), (-0.902853, 0.094042, 0.419538, 0.173198), (0.000000, 0.000000, 0.000000, 1.000000)
((0.427247, 0.347764, 0.834578, -0.284721), (-0.067689, 0.932781, -0.354032, -0.073884), (-0.901597, 0.094767, 0.422068, 0.173217), (0.000000, 0.000000, 0.000000, 1.000000)
((0.426738, 0.345783, 0.835661, -0.287560), (-0.070535, 0.933931, -0.350426, -0.077505), (-0.901620, 0.090597, 0.422934, 0.173645), (0.000000, 0.000000, 0.000000, 1.000000)
((0.430138, 0.341981, 0.835482, -0.288904), (-0.072565, 0.935575, -0.345592, -0.079220), (-0.899842, 0.088026, 0.427242, 0.173848), (0.000000, 0.000000, 0.000000, 1.000000)
((0.430138, 0.341981, 0.835482, -0.288909), (-0.072565, 0.935575, -0.345592, -0.079225), (-0.899842, 0.088026, 0.427242, 0.173849), (0.000000, 0.000000, 0.000000, 1.000000)
((0.431229, 0.339289, 0.836017, -0.291121), (-0.072431, 0.936627, -0.342759, -0.082042), (-0.899330, 0.087254, 0.428476, 0.174186), (0.000000, 0.000000, 0.000000, 1.000000)
((0.431230, 0.338725, 0.836245, -0.293219), (-0.075360, 0.937136, -0.340730, -0.084712), (-0.899089, 0.083914, 0.429647, 0.174504), (0.000000, 0.000000, 0.000000, 1.000000)
((0.433648, 0.334001, 0.836895, -0.295962), (-0.077634, 0.939161, -0.334589, -0.088205), (-0.897732, 0.080122, 0.433195, 0.174909), (0.000000, 0.000000, 0.000000, 1.000000)
((0.433296, 0.332392, 0.837717, -0.296552), (-0.077739, 0.939824, -0.332697, -0.088953), (-0.897893, 0.079033, 0.433062, 0.174998), (0.000000, 0.000000, 0.000000, 1.000000)
((0.433512, 0.331505, 0.837957, -0.298609), (-0.081045, 0.940452, -0.330124, -0.091542), (-0.897496, 0.075201, 0.434564, 0.175308), (0.000000, 0.000000, 0.000000, 1.000000)
((0.435247, 0.330097, 0.837613, -0.300297), (-0.080735, 0.940922, -0.328858, -0.093628), (-0.896684, 0.075510, 0.436184, 0.175566), (0.000000, 0.000000, 0.000000, 1.000000)
((0.435247, 0.330097, 0.837613, -0.300324), (-0.080735, 0.940922, -0.328858, -0.093661), (-0.896684, 0.075510, 0.436184, 0.175570), (0.000000, 0.000000, 0.000000, 1.000000)
((0.439716, 0.321905, 0.838467, -0.305273), (-0.088390, 0.944541, -0.316275, -0.099670), (-0.893777, 0.064959, 0.443783, 0.176354), (0.000000, 0.000000, 0.000000, 1.000000)
((0.439031, 0.322615, 0.838553, -0.306119), (-0.088972, 0.944334, -0.316730, -0.100668), (-0.894056, 0.064446, 0.443295, 0.176488), (0.000000, 0.000000, 0.000000, 1.000000)
((0.439031, 0.322615, 0.838553, -0.306169), (-0.088972, 0.944334, -0.316730, -0.100725), (-0.894056, 0.064446, 0.443295, 0.176495), (0.000000, 0.000000, 0.000000, 1.000000)
((0.440921, 0.318503, 0.839133, -0.309715), (-0.091372, 0.945991, -0.311051, -0.104771), (-0.892883, 0.060476, 0.446209, 0.177001), (0.000000, 0.000000, 0.000000, 1.000000)
((0.441251, 0.315584, 0.840062, -0.311592), (-0.094267, 0.947245, -0.306335, -0.106877), (-0.892419, 0.055980, 0.447722, 0.177265), (0.000000, 0.000000, 0.000000, 1.000000)
((0.442958, 0.311547, 0.840670, -0.315373), (-0.097556, 0.948862, -0.300239, -0.110943), (-0.891219, 0.050981, 0.450699, 0.177778), (0.000000, 0.000000, 0.000000, 1.000000)
((0.444500, 0.310378, 0.840289, -0.317231), (-0.097064, 0.949219, -0.299269, -0.112941), (-0.890505, 0.051463, 0.452054, 0.178031), (0.000000, 0.000000, 0.000000, 1.000000)
((0.443643, 0.309396, 0.841103, -0.318189), (-0.097312, 0.949600, -0.297978, -0.113983), (-0.890905, 0.050346, 0.451391, 0.178166), (0.000000, 0.000000, 0.000000, 1.000000)
((0.444039, 0.308382, 0.841267, -0.319537), (-0.100149, 0.950104, -0.295418, -0.115449), (-0.890393, 0.046925, 0.452768, 0.178358), (0.000000, 0.000000, 0.000000, 1.000000)
((0.444039, 0.308382, 0.841267, -0.319584), (-0.100149, 0.950104, -0.295418, -0.115500), (-0.890393, 0.046925, 0.452768, 0.178365), (0.000000, 0.000000, 0.000000, 1.000000)
((0.446053, 0.304119, 0.841753, -0.322702), (-0.102736, 0.951681, -0.289394, -0.118749), (-0.889091, 0.042607, 0.455744, 0.178802), (0.000000, 0.000000, 0.000000, 1.000000)
((0.446250, 0.303372, 0.841919, -0.324371), (-0.105408, 0.952057, -0.287188, -0.120488), (-0.888679, 0.039413, 0.456833, 0.179036), (0.000000, 0.000000, 0.000000, 1.000000)
((0.449406, 0.297838, 0.842215, -0.325637), (-0.107521, 0.953965, -0.279983, -0.121800), (-0.886833, 0.035270, 0.460741, 0.179220), (0.000000, 0.000000, 0.000000, 1.000000)
((0.449406, 0.297838, 0.842215, -0.325681), (-0.107521, 0.953965, -0.279983, -0.121844), (-0.886833, 0.035270, 0.460741, 0.179226), (0.000000, 0.000000, 0.000000, 1.000000)
((0.450569, 0.295284, 0.842494, -0.328492), (-0.113729, 0.955011, -0.273897, -0.124688), (-0.885468, 0.027593, 0.463881, 0.179619), (0.000000, 0.000000, 0.000000, 1.000000)
((0.450569, 0.295284, 0.842494, -0.328569), (-0.113729, 0.955011, -0.273897, -0.124764), (-0.885468, 0.027593, 0.463881, 0.179629), (0.000000, 0.000000, 0.000000, 1.000000)
((0.455301, 0.286825, 0.842871, -0.332224), (-0.121319, 0.957844, -0.260416, -0.128330), (-0.882033, 0.016311, 0.470905, 0.180084), (0.000000, 0.000000, 0.000000, 1.000000)
((0.455220, 0.284416, 0.843731, -0.334193), (-0.124547, 0.958633, -0.255951, -0.130249), (-0.881625, 0.011430, 0.471812, 0.180329), (0.000000, 0.000000, 0.000000, 1.000000)
((0.459279, 0.277244, 0.843919, -0.336268), (-0.129791, 0.960795, -0.245005, -0.132240), (-0.878759, 0.002992, 0.477257, 0.180588), (0.000000, 0.000000, 0.000000, 1.000000)
((0.462025, 0.271666, 0.844234, -0.340309), (-0.134921, 0.962379, -0.235846, -0.136095), (-0.876544, -0.004938, 0.481297, 0.181081), (0.000000, 0.000000, 0.000000, 1.000000)
((0.464537, 0.265249, 0.844895, -0.342356), (-0.143179, 0.964031, -0.223929, -0.138021), (-0.873902, -0.016948, 0.485806, 0.181315), (0.000000, 0.000000, 0.000000, 1.000000)
((0.473655, 0.246480, 0.845517, -0.350040), (-0.161838, 0.968050, -0.191539, -0.145140), (-0.865713, -0.046113, 0.498412, 0.182234), (0.000000, 0.000000, 0.000000, 1.000000)
((0.474543, 0.244891, 0.845481, -0.350633), (-0.164736, 0.968257, -0.187992, -0.145681), (-0.864680, -0.050071, 0.499822, 0.182304), (0.000000, 0.000000, 0.000000, 1.000000)
((0.477660, 0.241322, 0.844751, -0.351685), (-0.166736, 0.968960, -0.182525, -0.146627), (-0.862578, -0.053665, 0.503070, 0.182420), (0.000000, 0.000000, 0.000000, 1.000000)
</SampleFrames>
<SampleWeights Num="180">0.00206511
0.0062965
0.00919483
0.0149725
0.0268086
0.0271005
0.0240508
0.0240507
0.0184052
0.0193135
0.0156971
0.0128077
0.00996748
0.011105
0.0136792
0.0166508
0.0291915
0.0318643
0.0318643
0.040713
0.0407126
0.0526726
0.0526704
0.0628682
0.062867
0.0775229
0.0884302
0.100633
0.11009
0.11251
0.12036
0.131755
0.130733
0.129666
0.129666
0.133409
0.137173
0.142232
0.147156
0.149544
0.1508
0.153242
0.159217
0.168233
0.165191
0.167281
0.176909
0.182707
0.192171
0.196661
0.207135
0.217101
0.216901
0.240028
0.258595
0.258594
0.260251
0.260246
0.258023
0.273751
0.276449
0.2752
0.265077
0.263553
0.252971
0.254016
0.252089
0.244745
0.243816
0.23868
0.232727
0.235964
0.236389
0.224321
0.227234
0.226787
0.208227
0.203793
0.200732
0.195081
0.196145
0.192554
0.189934
0.183034
0.175903
0.1682
0.164402
0.168868
0.165821
0.15729
0.159379
0.16184
0.163876
0.163626
0.164105
0.159293
0.160251
0.160246
0.166901
0.155346
0.153158
0.1476
0.148028
0.155006
0.145423
0.1323
0.135164
0.138341
0.143111
0.145734
0.151016
0.15393
0.147145
0.141117
0.128875
0.130809
0.132024
0.138026
0.134028
0.135869
0.120915
0.116261
0.113337
0.113988
0.112819
0.109416
0.115168
0.113566
0.116105
0.130188
0.137813
0.140193
0.136557
0.130994
0.123015
0.116421
0.117825
0.127032
0.130978
0.132414
0.143971
0.158406
0.168445
0.17908
0.185972
0.188639
0.194071
0.196274
0.196274
0.207232
0.21413
0.211848
0.209163
0.213155
0.213937
0.213933
0.203145
0.206353
0.206339
0.204468
0.205384
0.204777
0.203895
0.208343
0.215134
0.215123
0.224221
0.222338
0.225866
0.225857
0.2228
0.222773
0.215683
0.212258
0.21017
0.206714
0.207151
0.204786
0.207148
0.215689
</SampleWeights>
</PointSplatMark>
