<PointSplatMark HeadPosAtStart="(0.973874, -0.314069, 2.11636)" BrushTip="0" BrushInterface="ForceTapeDraw" SuperSamplesPerWidth="20" Draw="0" Width="0.022" Pose="1" LayerIndex="0" Name="armbone" RoomToVirtualScaleAtStart="1" RoomToVirtualFrameAtStart="((0.841795, 0.267115, 0.469075, 0.019055), (-0.170463, 0.956060, -0.238519, -0.004510), (-0.512176, 0.120824, 0.850340, 0.112134), (0.000000, 0.000000, 0.000000, 1.000000)" ColorSwatch="0.170979"><SamplePoints Num="99">(0.232921, -0.382852, -0.0280409)
(0.232788, -0.38172, -0.0276309)
(0.232594, -0.380137, -0.0270604)
(0.232488, -0.379288, -0.0267559)
(0.232443, -0.378932, -0.0266291)
(0.232364, -0.378317, -0.0264095)
(0.232066, -0.376062, -0.0256049)
(0.231762, -0.373829, -0.0248113)
(0.231506, -0.372035, -0.0241754)
(0.230946, -0.368268, -0.0228469)
(0.230469, -0.365099, -0.0217261)
(0.230257, -0.363711, -0.0212335)
(0.2301, -0.36268, -0.020868)
(0.230013, -0.362114, -0.0206674)
(0.229796, -0.360692, -0.0201632)
(0.229311, -0.357506, -0.0190389)
(0.228823, -0.354258, -0.0178964)
(0.228674, -0.353266, -0.0175475)
(0.228209, -0.35013, -0.0164453)
(0.227359, -0.344248, -0.0143774)
(0.226892, -0.340889, -0.0131923)
(0.225755, -0.332446, -0.010201)
(0.225581, -0.33112, -0.00972933)
(0.225171, -0.327944, -0.00859383)
(0.225018, -0.326758, -0.00816815)
(0.224832, -0.325311, -0.00764891)
(0.224654, -0.32392, -0.00714844)
(0.224395, -0.321892, -0.00641929)
(0.224138, -0.319885, -0.00569811)
(0.223726, -0.316622, -0.00452037)
(0.223619, -0.315779, -0.00421634)
(0.223102, -0.311631, -0.00271537)
(0.222043, -0.3031, 0.0003682)
(0.221481, -0.298637, 0.00197348)
(0.22086, -0.293759, 0.00371324)
(0.220348, -0.289834, 0.00510201)
(0.219877, -0.28627, 0.00635364)
(0.21955, -0.283799, 0.00722144)
(0.219231, -0.28147, 0.00803068)
(0.218648, -0.277277, 0.00947808)
(0.218097, -0.273316, 0.0108436)
(0.217394, -0.268234, 0.0125928)
(0.216813, -0.264023, 0.0140435)
(0.216233, -0.259831, 0.0154826)
(0.215947, -0.257764, 0.0161866)
(0.215292, -0.253046, 0.0177878)
(0.214668, -0.248568, 0.0192938)
(0.213533, -0.240507, 0.0219142)
(0.212809, -0.235348, 0.0235617)
(0.2125, -0.233111, 0.0242607)
(0.212134, -0.230451, 0.025092)
(0.211855, -0.228391, 0.0257174)
(0.21171, -0.227321, 0.0260423)
(0.211047, -0.222277, 0.0275276)
(0.210387, -0.217103, 0.028995)
(0.209948, -0.213442, 0.0299969)
(0.208857, -0.202706, 0.0327449)
(0.208537, -0.199051, 0.0336523)
(0.208264, -0.195582, 0.0344953)
(0.207994, -0.191717, 0.0354159)
(0.207889, -0.190044, 0.0358053)
(0.207759, -0.187969, 0.0362885)
(0.207622, -0.185583, 0.0368297)
(0.2073, -0.179411, 0.0381567)
(0.207187, -0.177167, 0.0386312)
(0.207096, -0.175244, 0.0390301)
(0.207046, -0.174135, 0.0392559)
(0.20698, -0.172663, 0.0395558)
(0.206917, -0.171188, 0.0398485)
(0.20686, -0.169845, 0.0401148)
(0.206725, -0.166303, 0.0407997)
(0.206725, -0.166302, 0.0407999)
(0.206497, -0.159882, 0.041992)
(0.206434, -0.157946, 0.0423376)
(0.206264, -0.151862, 0.0433789)
(0.206208, -0.149199, 0.04382)
(0.206169, -0.147317, 0.0441318)
(0.206149, -0.145405, 0.044438)
(0.206128, -0.1434, 0.0447592)
(0.206126, -0.139709, 0.0453387)
(0.206166, -0.135636, 0.0459602)
(0.206229, -0.13235, 0.0464446)
(0.20627, -0.130159, 0.0467675)
(0.206325, -0.128148, 0.047054)
(0.206365, -0.126684, 0.0472625)
(0.206463, -0.124125, 0.0476062)
(0.206599, -0.121351, 0.0479642)
(0.206719, -0.119457, 0.0481872)
(0.206763, -0.118746, 0.0482708)
(0.206955, -0.116424, 0.0485269)
(0.207192, -0.11355, 0.0488439)
(0.207463, -0.111099, 0.0491056)
(0.207653, -0.109375, 0.0492896)
(0.208373, -0.104564, 0.0498111)
(0.208882, -0.102025, 0.0501104)
(0.209402, -0.0994328, 0.0504159)
(0.21019, -0.0964195, 0.0508372)
(0.210965, -0.0934538, 0.0512517)
(0.211897, -0.0906656, 0.0517377)
</SamplePoints>
<SampleFrames Num="99">((-0.247529, 0.734505, 0.631848, 0.232921), (-0.304087, 0.560295, -0.770455, -0.382852), (-0.919924, -0.382847, 0.084664, -0.028041), (0.000000, 0.000000, 0.000000, 1.000000)
((0.252333, 0.691447, 0.676926, 0.232788), (-0.307486, 0.720601, -0.621439, -0.381720), (-0.917486, -0.051336, 0.394442, -0.027631), (0.000000, 0.000000, 0.000000, 1.000000)
((0.251189, 0.691598, 0.677197, 0.232594), (-0.307992, 0.720374, -0.621452, -0.380137), (-0.917630, -0.052469, 0.393957, -0.027060), (0.000000, 0.000000, 0.000000, 1.000000)
((0.257701, 0.685803, 0.680635, 0.232488), (-0.312237, 0.725741, -0.613032, -0.379288), (-0.914384, -0.054540, 0.401157, -0.026756), (0.000000, 0.000000, 0.000000, 1.000000)
((0.256992, 0.686722, 0.679977, 0.232443), (-0.313578, 0.724793, -0.613469, -0.378932), (-0.914125, -0.055569, 0.401607, -0.026629), (0.000000, 0.000000, 0.000000, 1.000000)
((0.259436, 0.685344, 0.680438, 0.232364), (-0.314656, 0.726102, -0.611365, -0.378317), (-0.913063, -0.055494, 0.404025, -0.026409), (0.000000, 0.000000, 0.000000, 1.000000)
((0.261952, 0.684130, 0.680697, 0.232066), (-0.315400, 0.727283, -0.609576, -0.376062), (-0.912088, -0.055012, 0.406288, -0.025605), (0.000000, 0.000000, 0.000000, 1.000000)
((0.262453, 0.683060, 0.681577, 0.231762), (-0.317996, 0.728105, -0.607240, -0.373829), (-0.911042, -0.057367, 0.408304, -0.024811), (0.000000, 0.000000, 0.000000, 1.000000)
((0.266455, 0.679510, 0.683570, 0.231506), (-0.319924, 0.731354, -0.602304, -0.372035), (-0.909203, -0.058203, 0.412265, -0.024175), (0.000000, 0.000000, 0.000000, 1.000000)
((0.274767, 0.670465, 0.689188, 0.230946), (-0.323932, 0.739423, -0.590188, -0.368268), (-0.905302, -0.061086, 0.420354, -0.022847), (0.000000, 0.000000, 0.000000, 1.000000)
((0.276482, 0.670316, 0.688647, 0.230469), (-0.324383, 0.739618, -0.589695, -0.365099), (-0.904618, -0.060345, 0.421930, -0.021726), (0.000000, 0.000000, 0.000000, 1.000000)
((0.275996, 0.671203, 0.687977, 0.230257), (-0.324034, 0.738853, -0.590845, -0.363711), (-0.904891, -0.059857, 0.421413, -0.021233), (0.000000, 0.000000, 0.000000, 1.000000)
((0.276996, 0.668790, 0.689923, 0.230100), (-0.325983, 0.740842, -0.587271, -0.362680), (-0.903885, -0.062231, 0.423225, -0.020868), (0.000000, 0.000000, 0.000000, 1.000000)
((0.276164, 0.667808, 0.691207, 0.230013), (-0.326101, 0.741620, -0.586224, -0.362114), (-0.904097, -0.063509, 0.422581, -0.020667), (0.000000, 0.000000, 0.000000, 1.000000)
((0.277986, 0.667407, 0.690863, 0.229796), (-0.326679, 0.742027, -0.585386, -0.360692), (-0.903330, -0.062961, 0.424301, -0.020163), (0.000000, 0.000000, 0.000000, 1.000000)
((0.280318, 0.666068, 0.691213, 0.229311), (-0.326097, 0.743336, -0.584048, -0.357506), (-0.902819, -0.061683, 0.425573, -0.019039), (0.000000, 0.000000, 0.000000, 1.000000)
((0.284469, 0.663238, 0.692237, 0.228823), (-0.327338, 0.745871, -0.580108, -0.354258), (-0.901070, -0.061573, 0.429280, -0.017896), (0.000000, 0.000000, 0.000000, 1.000000)
((0.284098, 0.663891, 0.691764, 0.228674), (-0.327115, 0.745317, -0.580945, -0.353266), (-0.901268, -0.061241, 0.428912, -0.017547), (0.000000, 0.000000, 0.000000, 1.000000)
((0.285062, 0.661848, 0.693323, 0.228209), (-0.327093, 0.747085, -0.578684, -0.350130), (-0.900972, -0.061820, 0.429451, -0.016445), (0.000000, 0.000000, 0.000000, 1.000000)
((0.288815, 0.660536, 0.693021, 0.227359), (-0.325471, 0.748497, -0.577772, -0.344248), (-0.900364, -0.058689, 0.431162, -0.014377), (0.000000, 0.000000, 0.000000, 1.000000)
((0.290167, 0.660428, 0.692559, 0.226892), (-0.324780, 0.748704, -0.577893, -0.340889), (-0.900178, -0.057244, 0.431743, -0.013192), (0.000000, 0.000000, 0.000000, 1.000000)
((0.292503, 0.659827, 0.692150, 0.225755), (-0.324434, 0.749350, -0.577250, -0.332446), (-0.899547, -0.055710, 0.433257, -0.010201), (0.000000, 0.000000, 0.000000, 1.000000)
((0.291212, 0.659361, 0.693137, 0.225581), (-0.324665, 0.749656, -0.576722, -0.331120), (-0.899882, -0.057089, 0.432380, -0.009729), (0.000000, 0.000000, 0.000000, 1.000000)
((0.295943, 0.654657, 0.695588, 0.225171), (-0.328917, 0.753515, -0.569235, -0.327944), (-0.896789, -0.060329, 0.438325, -0.008594), (0.000000, 0.000000, 0.000000, 1.000000)
((0.295536, 0.655237, 0.695215, 0.225018), (-0.328857, 0.753022, -0.569922, -0.326758), (-0.896946, -0.060194, 0.438024, -0.008168), (0.000000, 0.000000, 0.000000, 1.000000)
((0.295276, 0.655652, 0.694934, 0.224832), (-0.328760, 0.752673, -0.570438, -0.325311), (-0.897067, -0.060030, 0.437798, -0.007649), (0.000000, 0.000000, 0.000000, 1.000000)
((0.297163, 0.654265, 0.695436, 0.224654), (-0.330230, 0.753814, -0.568078, -0.323920), (-0.895903, -0.060842, 0.440064, -0.007148), (0.000000, 0.000000, 0.000000, 1.000000)
((0.297197, 0.650764, 0.698699, 0.224395), (-0.332502, 0.756497, -0.563164, -0.321892), (-0.895051, -0.064948, 0.441209, -0.006419), (0.000000, 0.000000, 0.000000, 1.000000)
((0.294246, 0.653722, 0.697185, 0.224138), (-0.330807, 0.754051, -0.567427, -0.319885), (-0.896653, -0.063671, 0.438132, -0.005698), (0.000000, 0.000000, 0.000000, 1.000000)
((0.291279, 0.656533, 0.695788, 0.223726), (-0.327739, 0.751796, -0.572180, -0.316622), (-0.898746, -0.061373, 0.434154, -0.004520), (0.000000, 0.000000, 0.000000, 1.000000)
((0.290870, 0.657106, 0.695418, 0.223619), (-0.327680, 0.751306, -0.572857, -0.315779), (-0.898900, -0.061247, 0.433853, -0.004216), (0.000000, 0.000000, 0.000000, 1.000000)
((0.288183, 0.655759, 0.697804, 0.223102), (-0.325717, 0.752396, -0.572545, -0.311631), (-0.900477, -0.062289, 0.430420, -0.002715), (0.000000, 0.000000, 0.000000, 1.000000)
((0.271217, 0.668722, 0.692280, 0.222043), (-0.314751, 0.741315, -0.592777, -0.303100), (-0.909601, -0.057125, 0.411538, 0.000368), (0.000000, 0.000000, 0.000000, 1.000000)
((0.265608, 0.667001, 0.696105, 0.221481), (-0.311959, 0.742656, -0.592574, -0.298637), (-0.912214, -0.059764, 0.405332, 0.001973), (0.000000, 0.000000, 0.000000, 1.000000)
((0.261117, 0.672440, 0.692562, 0.220860), (-0.305367, 0.738149, -0.601570, -0.293759), (-0.915734, -0.054405, 0.398084, 0.003713), (0.000000, 0.000000, 0.000000, 1.000000)
((0.257071, 0.673821, 0.692734, 0.220348), (-0.304156, 0.736810, -0.603822, -0.289834), (-0.917280, -0.055474, 0.394359, 0.005102), (0.000000, 0.000000, 0.000000, 1.000000)
((0.256250, 0.674750, 0.692133, 0.219877), (-0.302595, 0.736048, -0.605532, -0.286270), (-0.918026, -0.054268, 0.392788, 0.006354), (0.000000, 0.000000, 0.000000, 1.000000)
((0.256223, 0.674843, 0.692052, 0.219550), (-0.299380, 0.736151, -0.607004, -0.283799), (-0.919087, -0.051658, 0.390653, 0.007221), (0.000000, 0.000000, 0.000000, 1.000000)
((0.255801, 0.675159, 0.691900, 0.219231), (-0.298036, 0.735928, -0.607935, -0.281470), (-0.919641, -0.050701, 0.389473, 0.008031), (0.000000, 0.000000, 0.000000, 1.000000)
((0.250708, 0.681744, 0.687292, 0.218648), (-0.293664, 0.730071, -0.617056, -0.277277), (-0.922446, -0.047132, 0.383238, 0.009478), (0.000000, 0.000000, 0.000000, 1.000000)
((0.246398, 0.683134, 0.687471, 0.218097), (-0.291005, 0.728759, -0.619861, -0.273316), (-0.924448, -0.047325, 0.378360, 0.010844), (0.000000, 0.000000, 0.000000, 1.000000)
((0.239163, 0.690816, 0.682330, 0.217394), (-0.281858, 0.721858, -0.632042, -0.268234), (-0.929170, -0.041159, 0.367354, 0.012593), (0.000000, 0.000000, 0.000000, 1.000000)
((0.233400, 0.695321, 0.679745, 0.216813), (-0.278034, 0.717588, -0.638565, -0.264023), (-0.931784, -0.039951, 0.360808, 0.014043), (0.000000, 0.000000, 0.000000, 1.000000)
((0.230522, 0.697901, 0.678081, 0.216233), (-0.272438, 0.715270, -0.643558, -0.259831), (-0.934151, -0.036381, 0.355020, 0.015483), (0.000000, 0.000000, 0.000000, 1.000000)
((0.227434, 0.700067, 0.676890, 0.215947), (-0.270813, 0.713157, -0.646582, -0.257764), (-0.935379, -0.036256, 0.351783, 0.016187), (0.000000, 0.000000, 0.000000, 1.000000)
((0.228440, 0.702080, 0.674461, 0.215292), (-0.272299, 0.711207, -0.648103, -0.253046), (-0.934702, -0.035602, 0.353644, 0.017788), (0.000000, 0.000000, 0.000000, 1.000000)
((0.226820, 0.701697, 0.675407, 0.214668), (-0.270773, 0.711574, -0.648339, -0.248568), (-0.935540, -0.035826, 0.351400, 0.019294), (0.000000, 0.000000, 0.000000, 1.000000)
((0.228789, 0.701365, 0.675087, 0.213533), (-0.272803, 0.711887, -0.647144, -0.240507), (-0.934470, -0.036106, 0.354206, 0.021914), (0.000000, 0.000000, 0.000000, 1.000000)
((0.232850, 0.699437, 0.675699, 0.212809), (-0.272475, 0.713890, -0.645073, -0.235348), (-0.933562, -0.033906, 0.356808, 0.023562), (0.000000, 0.000000, 0.000000, 1.000000)
((0.230287, 0.703512, 0.672338, 0.212500), (-0.270215, 0.709966, -0.650332, -0.233111), (-0.934854, -0.031913, 0.353595, 0.024261), (0.000000, 0.000000, 0.000000, 1.000000)
((0.229996, 0.703690, 0.672252, 0.212134), (-0.268817, 0.709832, -0.651058, -0.230451), (-0.935328, -0.030972, 0.352422, 0.025092), (0.000000, 0.000000, 0.000000, 1.000000)
((0.232729, 0.704190, 0.670785, 0.211855), (-0.268376, 0.709445, -0.651662, -0.228391), (-0.934779, -0.028362, 0.354096, 0.025717), (0.000000, 0.000000, 0.000000, 1.000000)
((0.229776, 0.706242, 0.669645, 0.211710), (-0.266734, 0.707408, -0.654544, -0.227321), (-0.935979, -0.028219, 0.350924, 0.026042), (0.000000, 0.000000, 0.000000, 1.000000)
((0.231815, 0.707709, 0.667390, 0.211047), (-0.264346, 0.706092, -0.656929, -0.222277), (-0.936153, -0.024136, 0.350763, 0.027528), (0.000000, 0.000000, 0.000000, 1.000000)
((0.231765, 0.710283, 0.664667, 0.210387), (-0.260438, 0.703635, -0.661112, -0.217103), (-0.937260, -0.019882, 0.348063, 0.028995), (0.000000, 0.000000, 0.000000, 1.000000)
((0.228966, 0.714414, 0.661201, 0.209948), (-0.256820, 0.699514, -0.666876, -0.213442), (-0.938945, -0.017118, 0.343641, 0.029997), (0.000000, 0.000000, 0.000000, 1.000000)
((0.229040, 0.721671, 0.653248, 0.208857), (-0.250016, 0.692187, -0.677029, -0.202706), (-0.940762, -0.008256, 0.338968, 0.032745), (0.000000, 0.000000, 0.000000, 1.000000)
((0.230805, 0.720813, 0.653573, 0.208537), (-0.250158, 0.693089, -0.676053, -0.199051), (-0.940292, -0.007460, 0.340286, 0.033652), (0.000000, 0.000000, 0.000000, 1.000000)
((0.230626, 0.723273, 0.650913, 0.208264), (-0.248126, 0.690545, -0.679397, -0.195582), (-0.940875, -0.004822, 0.338720, 0.034495), (0.000000, 0.000000, 0.000000, 1.000000)
((0.234458, 0.721119, 0.651933, 0.207994), (-0.250102, 0.692796, -0.676374, -0.191717), (-0.939403, -0.004468, 0.342785, 0.035416), (0.000000, 0.000000, 0.000000, 1.000000)
((0.233657, 0.721657, 0.651626, 0.207889), (-0.250477, 0.692233, -0.676813, -0.190044), (-0.939503, -0.005075, 0.342503, 0.035805), (0.000000, 0.000000, 0.000000, 1.000000)
((0.230928, 0.723257, 0.650824, 0.207759), (-0.249148, 0.690558, -0.679010, -0.187969), (-0.940530, -0.005349, 0.339667, 0.036288), (0.000000, 0.000000, 0.000000, 1.000000)
((0.229986, 0.724004, 0.650326, 0.207622), (-0.249390, 0.689771, -0.679721, -0.185583), (-0.940697, -0.005859, 0.339197, 0.036830), (0.000000, 0.000000, 0.000000, 1.000000)
((0.231216, 0.723149, 0.650841, 0.207300), (-0.250342, 0.690665, -0.678462, -0.179411), (-0.940143, -0.006062, 0.340727, 0.038157), (0.000000, 0.000000, 0.000000, 1.000000)
((0.232376, 0.720449, 0.653417, 0.207187), (-0.252711, 0.693457, -0.674725, -0.177167), (-0.939222, -0.008336, 0.343208, 0.038631), (0.000000, 0.000000, 0.000000, 1.000000)
((0.231245, 0.721069, 0.653135, 0.207096), (-0.254952, 0.692783, -0.674575, -0.175244), (-0.938896, -0.010526, 0.344041, 0.039030), (0.000000, 0.000000, 0.000000, 1.000000)
((0.236028, 0.718232, 0.654549, 0.207046), (-0.256508, 0.695739, -0.670933, -0.174135), (-0.937280, -0.009538, 0.348446, 0.039256), (0.000000, 0.000000, 0.000000, 1.000000)
((0.235385, 0.718650, 0.654321, 0.206980), (-0.256842, 0.695300, -0.671260, -0.172663), (-0.937351, -0.010053, 0.348243, 0.039556), (0.000000, 0.000000, 0.000000, 1.000000)
((0.235056, 0.718811, 0.654263, 0.206917), (-0.257097, 0.695128, -0.671341, -0.171188), (-0.937363, -0.010406, 0.348198, 0.039848), (0.000000, 0.000000, 0.000000, 1.000000)
((0.234726, 0.718973, 0.654203, 0.206860), (-0.257351, 0.694955, -0.671422, -0.169845), (-0.937376, -0.010760, 0.348152, 0.040115), (0.000000, 0.000000, 0.000000, 1.000000)
((0.233936, 0.717321, 0.656296, 0.206725), (-0.256588, 0.696645, -0.669961, -0.166303), (-0.937783, -0.011670, 0.347026, 0.040800), (0.000000, 0.000000, 0.000000, 1.000000)
((0.233936, 0.717321, 0.656296, 0.206725), (-0.256588, 0.696645, -0.669961, -0.166302), (-0.937783, -0.011670, 0.347026, 0.040800), (0.000000, 0.000000, 0.000000, 1.000000)
((0.226326, 0.722152, 0.653661, 0.206497), (-0.250130, 0.691660, -0.677526, -0.159882), (-0.941388, -0.010159, 0.337173, 0.041992), (0.000000, 0.000000, 0.000000, 1.000000)
((0.225430, 0.720715, 0.655554, 0.206434), (-0.250640, 0.693129, -0.675834, -0.157946), (-0.941467, -0.011955, 0.336892, 0.042338), (0.000000, 0.000000, 0.000000, 1.000000)
((0.220973, 0.722050, 0.655602, 0.206264), (-0.246054, 0.691748, -0.678927, -0.151862), (-0.943731, -0.011289, 0.330521, 0.043379), (0.000000, 0.000000, 0.000000, 1.000000)
((0.208434, 0.729375, 0.651588, 0.206208), (-0.237578, 0.684025, -0.689686, -0.149199), (-0.948742, -0.011049, 0.315858, 0.043820), (0.000000, 0.000000, 0.000000, 1.000000)
((0.197533, 0.733246, 0.650639, 0.206169), (-0.232900, 0.679815, -0.695420, -0.147317), (-0.952228, -0.014165, 0.305059, 0.044132), (0.000000, 0.000000, 0.000000, 1.000000)
((0.184799, 0.740064, 0.646649, 0.206149), (-0.223821, 0.672384, -0.705552, -0.145405), (-0.956950, -0.014348, 0.289898, 0.044438), (0.000000, 0.000000, 0.000000, 1.000000)
((0.171894, 0.742360, 0.647575, 0.206128), (-0.213503, 0.669809, -0.711176, -0.143400), (-0.961701, -0.016012, 0.273632, 0.044759), (0.000000, 0.000000, 0.000000, 1.000000)
((0.136179, 0.754955, 0.641481, 0.206126), (-0.189977, 0.655396, -0.731002, -0.139709), (-0.972298, -0.022319, 0.232675, 0.045339), (0.000000, 0.000000, 0.000000, 1.000000)
((0.117935, 0.759030, 0.640285, 0.206166), (-0.177422, 0.650516, -0.738479, -0.135636), (-0.977043, -0.026508, 0.211387, 0.045960), (0.000000, 0.000000, 0.000000, 1.000000)
((0.105036, 0.760822, 0.640404, 0.206229), (-0.168234, 0.648278, -0.742585, -0.132350), (-0.980135, -0.029740, 0.196089, 0.046445), (0.000000, 0.000000, 0.000000, 1.000000)
((0.095679, 0.764776, 0.637153, 0.206270), (-0.161117, 0.643547, -0.748257, -0.130159), (-0.982287, -0.031064, 0.184792, 0.046768), (0.000000, 0.000000, 0.000000, 1.000000)
((0.088746, 0.765801, 0.636924, 0.206325), (-0.156207, 0.642235, -0.750422, -0.128148), (-0.983729, -0.032895, 0.176619, 0.047054), (0.000000, 0.000000, 0.000000, 1.000000)
((0.083568, 0.766994, 0.636189, 0.206365), (-0.152432, 0.640747, -0.752467, -0.126684), (-0.984774, -0.034093, 0.170461, 0.047262), (0.000000, 0.000000, 0.000000, 1.000000)
((0.075880, 0.770637, 0.632740, 0.206463), (-0.146653, 0.636294, -0.757379, -0.124125), (-0.986273, -0.035323, 0.161298, 0.047606), (0.000000, 0.000000, 0.000000, 1.000000)
((0.069069, 0.775071, 0.628088, 0.206599), (-0.141860, 0.630824, -0.762848, -0.121351), (-0.987474, -0.036411, 0.153522, 0.047964), (0.000000, 0.000000, 0.000000, 1.000000)
((0.067098, 0.778752, 0.623734, 0.206719), (-0.140639, 0.626283, -0.766805, -0.119457), (-0.987785, -0.036270, 0.151545, 0.048187), (0.000000, 0.000000, 0.000000, 1.000000)
((0.064868, 0.780968, 0.621194, 0.206763), (-0.138770, 0.623516, -0.769396, -0.118746), (-0.988198, -0.036294, 0.148821, 0.048271), (0.000000, 0.000000, 0.000000, 1.000000)
((0.060539, 0.785290, 0.616161, 0.206955), (-0.135025, 0.618062, -0.774446, -0.116424), (-0.988991, -0.036313, 0.143451, 0.048527), (0.000000, 0.000000, 0.000000, 1.000000)
((0.054199, 0.791267, 0.609064, 0.207192), (-0.128410, 0.610419, -0.781601, -0.113550), (-0.990239, -0.035848, 0.134691, 0.048844), (0.000000, 0.000000, 0.000000, 1.000000)
((0.055542, 0.796236, 0.602431, 0.207463), (-0.125645, 0.604140, -0.786910, -0.111099), (-0.990519, -0.031986, 0.133598, 0.049106), (0.000000, 0.000000, 0.000000, 1.000000)
((0.050377, 0.798362, 0.600067, 0.207653), (-0.122766, 0.601224, -0.789594, -0.109375), (-0.991156, -0.033890, 0.128300, 0.049290), (0.000000, 0.000000, 0.000000, 1.000000)
((0.043176, 0.808155, 0.587385, 0.208373), (-0.116261, 0.588003, -0.800460, -0.104564), (-0.992280, -0.033729, 0.119345, 0.049811), (0.000000, 0.000000, 0.000000, 1.000000)
((0.038776, 0.812136, 0.582179, 0.208882), (-0.111088, 0.582509, -0.805197, -0.102025), (-0.993054, -0.033451, 0.112806, 0.050110), (0.000000, 0.000000, 0.000000, 1.000000)
((0.034508, 0.815662, 0.577499, 0.209402), (-0.106572, 0.577552, -0.809368, -0.099433), (-0.993706, -0.033616, 0.106857, 0.050416), (0.000000, 0.000000, 0.000000, 1.000000)
((0.033288, 0.820267, 0.571011, 0.210190), (-0.103081, 0.571099, -0.814383, -0.096419), (-0.994116, -0.031751, 0.103565, 0.050837), (0.000000, 0.000000, 0.000000, 1.000000)
((0.034155, 0.822957, 0.567076, 0.210965), (-0.101497, 0.567330, -0.817212, -0.093454), (-0.994249, -0.029645, 0.102905, 0.051252), (0.000000, 0.000000, 0.000000, 1.000000)
((0.029284, 0.828028, 0.559922, 0.211897), (-0.097811, 0.559847, -0.822803, -0.090666), (-0.994774, -0.030672, 0.097385, 0.051738), (0.000000, 0.000000, 0.000000, 1.000000)
</SampleFrames>
<SampleWeights Num="99">0.0379311
0.0629371
0.107491
0.14852
0.158307
0.172448
0.191051
0.225959
0.273087
0.327571
0.345604
0.347081
0.360315
0.375055
0.394205
0.391404
0.388024
0.388935
0.394474
0.405308
0.41089
0.379327
0.39384
0.432991
0.431631
0.429587
0.435979
0.462084
0.457051
0.43708
0.437068
0.43659
0.411454
0.401859
0.355925
0.354959
0.343576
0.327878
0.310943
0.304599
0.299526
0.277484
0.278552
0.278785
0.273768
0.2681
0.279157
0.278099
0.283307
0.274555
0.265394
0.258339
0.257107
0.256575
0.246207
0.233534
0.224212
0.222774
0.219295
0.225124
0.222624
0.213059
0.215525
0.201572
0.20989
0.206509
0.216113
0.218628
0.21458
0.211023
0.204373
0.204373
0.192461
0.201542
0.235464
0.231606
0.23271
0.246723
0.263896
0.273737
0.288756
0.297227
0.26538
0.241476
0.2468
0.255771
0.219523
0.192193
0.187271
0.181223
0.152676
0.121918
0.107042
0.120219
0.133312
0.124231
0.106245
0.0791
0.0736899
</SampleWeights>
</PointSplatMark>
