<PointSplatMark HeadPosAtStart="(1.23828, -0.212393, 2.03937)" BrushTip="0" BrushInterface="ForceTapeDraw" SuperSamplesPerWidth="20" Draw="0" Width="0.022" Pose="1" LayerIndex="0" Name="armmuscle" RoomToVirtualScaleAtStart="1" RoomToVirtualFrameAtStart="((0.822535, 0.202612, 0.531399, 0.042203), (-0.120568, 0.975271, -0.185228, -0.013814), (-0.555787, 0.088287, 0.826623, 0.125536), (0.000000, 0.000000, 0.000000, 1.000000)" ColorSwatch="0.170979"><SamplePoints Num="237">(0.274551, -0.368257, -0.0281815)
(0.274544, -0.368197, -0.028172)
(0.274499, -0.367781, -0.0280949)
(0.27442, -0.36699, -0.0279436)
(0.274365, -0.366421, -0.0278314)
(0.274281, -0.365532, -0.0276492)
(0.274212, -0.36474, -0.0274837)
(0.274207, -0.364684, -0.0274718)
(0.274113, -0.363551, -0.0272271)
(0.274053, -0.362829, -0.0270711)
(0.273986, -0.362002, -0.0268912)
(0.273943, -0.361463, -0.026774)
(0.273867, -0.360531, -0.0265679)
(0.273727, -0.358805, -0.0261827)
(0.273678, -0.35821, -0.0260493)
(0.273658, -0.357967, -0.0259945)
(0.273631, -0.357649, -0.0259227)
(0.273627, -0.357602, -0.0259121)
(0.273621, -0.357535, -0.025897)
(0.273572, -0.357048, -0.0257857)
(0.2735, -0.356316, -0.0256185)
(0.273385, -0.355214, -0.0253642)
(0.273314, -0.354536, -0.0252076)
(0.273209, -0.353574, -0.024981)
(0.272876, -0.350569, -0.0242634)
(0.272587, -0.348149, -0.023664)
(0.272514, -0.347554, -0.0235154)
(0.272407, -0.346714, -0.0233034)
(0.27235, -0.346276, -0.0231927)
(0.272348, -0.34626, -0.0231888)
(0.272119, -0.344557, -0.0227567)
(0.272027, -0.343898, -0.0225895)
(0.271819, -0.342415, -0.0222126)
(0.27169, -0.341508, -0.0219814)
(0.271689, -0.3415, -0.0219794)
(0.271386, -0.339395, -0.0214447)
(0.271037, -0.336969, -0.0208327)
(0.270824, -0.335488, -0.0204618)
(0.27064, -0.334207, -0.0201408)
(0.270545, -0.333539, -0.0199752)
(0.270413, -0.332617, -0.0197468)
(0.270251, -0.331465, -0.0194654)
(0.269647, -0.327031, -0.0183966)
(0.269356, -0.324865, -0.0178807)
(0.269129, -0.323144, -0.0174755)
(0.268854, -0.32102, -0.0169841)
(0.268762, -0.320303, -0.0168181)
(0.268745, -0.320171, -0.0167881)
(0.268618, -0.319153, -0.0165557)
(0.268616, -0.319138, -0.0165523)
(0.268504, -0.318212, -0.016348)
(0.2685, -0.318181, -0.0163415)
(0.268271, -0.316233, -0.0159479)
(0.268263, -0.316164, -0.0159358)
(0.267712, -0.311468, -0.0151251)
(0.267447, -0.309261, -0.0147929)
(0.267226, -0.307432, -0.0145332)
(0.267039, -0.305916, -0.0143424)
(0.266861, -0.30447, -0.0141612)
(0.266488, -0.30149, -0.0138257)
(0.266324, -0.300209, -0.0136972)
(0.266214, -0.299356, -0.0136116)
(0.266078, -0.29832, -0.0135177)
(0.265951, -0.297352, -0.0134299)
(0.265813, -0.296324, -0.0133452)
(0.265384, -0.293262, -0.0131256)
(0.265162, -0.291751, -0.013034)
(0.264987, -0.290573, -0.0129675)
(0.264983, -0.290546, -0.0129661)
(0.264828, -0.28954, -0.0129162)
(0.264762, -0.289115, -0.0128972)
(0.264526, -0.287595, -0.0128303)
(0.263838, -0.283242, -0.0126365)
(0.263628, -0.28194, -0.012576)
(0.262953, -0.277791, -0.01238)
(0.262627, -0.275808, -0.0122845)
(0.262153, -0.27305, -0.0121447)
(0.262006, -0.272207, -0.0121009)
(0.261867, -0.271436, -0.0120597)
(0.261758, -0.27083, -0.0120274)
(0.261757, -0.27082, -0.0120269)
(0.26136, -0.268663, -0.0119139)
(0.261334, -0.268524, -0.0119067)
(0.261015, -0.266837, -0.0118185)
(0.26085, -0.26598, -0.0117751)
(0.260849, -0.265977, -0.011775)
(0.260077, -0.262067, -0.0115708)
(0.259492, -0.259134, -0.0114054)
(0.259271, -0.258024, -0.0113409)
(0.258922, -0.256267, -0.0112279)
(0.258169, -0.252464, -0.0109693)
(0.257828, -0.250736, -0.0108456)
(0.257485, -0.248987, -0.0107047)
(0.257205, -0.247562, -0.0105899)
(0.257066, -0.24685, -0.0105263)
(0.256447, -0.243695, -0.0102448)
(0.256144, -0.242161, -0.0100984)
(0.25528, -0.23787, -0.00966737)
(0.254358, -0.233519, -0.0091939)
(0.254219, -0.23288, -0.00912192)
(0.253914, -0.231509, -0.00896859)
(0.253684, -0.230492, -0.00885582)
(0.253471, -0.229572, -0.00875616)
(0.253459, -0.229521, -0.00875075)
(0.252915, -0.227235, -0.00851165)
(0.252904, -0.227192, -0.00850731)
(0.252792, -0.226733, -0.00846119)
(0.252287, -0.224703, -0.00826271)
(0.251743, -0.222539, -0.0080526)
(0.251737, -0.222518, -0.00805058)
(0.251142, -0.220188, -0.00782637)
(0.25091, -0.219298, -0.0077403)
(0.250574, -0.218009, -0.00761561)
(0.249502, -0.213999, -0.00722283)
(0.249193, -0.212858, -0.00711019)
(0.248759, -0.211286, -0.00695239)
(0.248757, -0.211277, -0.00695148)
(0.248315, -0.209705, -0.00679022)
(0.248156, -0.209148, -0.00673062)
(0.247846, -0.208057, -0.00661401)
(0.247777, -0.207817, -0.0065871)
(0.247314, -0.206193, -0.00639659)
(0.246948, -0.204911, -0.00622967)
(0.246729, -0.204144, -0.00612031)
(0.246368, -0.202879, -0.00592196)
(0.246191, -0.202259, -0.00582471)
(0.246082, -0.201878, -0.00575958)
(0.245601, -0.2002, -0.00547248)
(0.245096, -0.19844, -0.00514895)
(0.244821, -0.197487, -0.00496344)
(0.244518, -0.196435, -0.00475869)
(0.244214, -0.195399, -0.00454912)
(0.243942, -0.194468, -0.00436105)
(0.243681, -0.193596, -0.00417989)
(0.24344, -0.192787, -0.00401193)
(0.2433, -0.192331, -0.00391573)
(0.242671, -0.190303, -0.00348422)
(0.242481, -0.189696, -0.00335424)
(0.242348, -0.189276, -0.00326177)
(0.24225, -0.188967, -0.00319368)
(0.24222, -0.188873, -0.00317229)
(0.242065, -0.18838, -0.00305437)
(0.241938, -0.187968, -0.00295018)
(0.241767, -0.18742, -0.00281158)
(0.241602, -0.186881, -0.00266874)
(0.241435, -0.186335, -0.00252414)
(0.241269, -0.185794, -0.00237413)
(0.241028, -0.185005, -0.00215575)
(0.240873, -0.184502, -0.00201179)
(0.240404, -0.182978, -0.00157557)
(0.240147, -0.182154, -0.00133294)
(0.239921, -0.181429, -0.00111946)
(0.239736, -0.180844, -0.000943169)
(0.2396, -0.180413, -0.000813439)
(0.239527, -0.180185, -0.000742823)
(0.239198, -0.179154, -0.000424728)
(0.238997, -0.178528, -0.000227734)
(0.238693, -0.177578, 7.66516e-05)
(0.238503, -0.176984, 0.000267878)
(0.238274, -0.176261, 0.00050658)
(0.23799, -0.175361, 0.000803985)
(0.237775, -0.174666, 0.00103879)
(0.237498, -0.173771, 0.00134107)
(0.237286, -0.173071, 0.00158366)
(0.237137, -0.172576, 0.00175536)
(0.237, -0.172109, 0.00192017)
(0.236843, -0.171577, 0.00210851)
(0.236487, -0.170328, 0.00255814)
(0.236317, -0.169718, 0.00278072)
(0.235965, -0.168458, 0.00324052)
(0.235674, -0.167392, 0.00363368)
(0.235584, -0.16706, 0.00375739)
(0.23549, -0.166711, 0.00388713)
(0.235402, -0.16638, 0.00401156)
(0.235243, -0.165787, 0.00423479)
(0.235041, -0.165034, 0.00452053)
(0.234831, -0.164252, 0.00481708)
(0.234628, -0.163505, 0.00510233)
(0.234416, -0.162724, 0.00540058)
(0.234334, -0.162425, 0.00551581)
(0.234005, -0.161242, 0.00597432)
(0.233767, -0.160395, 0.00630513)
(0.233676, -0.160082, 0.00642931)
(0.233255, -0.158668, 0.00699913)
(0.233082, -0.158092, 0.00723291)
(0.232965, -0.157718, 0.00738825)
(0.232886, -0.157464, 0.00749362)
(0.232767, -0.157092, 0.00765079)
(0.232579, -0.15651, 0.00789752)
(0.231992, -0.154749, 0.00865325)
(0.231867, -0.15439, 0.00880855)
(0.231671, -0.153828, 0.00905178)
(0.231637, -0.153737, 0.00909133)
(0.231623, -0.1537, 0.00910779)
(0.231336, -0.153032, 0.00940646)
(0.231246, -0.152857, 0.00949056)
(0.231229, -0.152829, 0.00950506)
(0.231038, -0.152507, 0.00967117)
(0.230905, -0.152301, 0.00978051)
(0.230843, -0.152221, 0.00982445)
(0.23008, -0.151285, 0.0103383)
(0.229691, -0.150854, 0.0105788)
(0.229561, -0.150711, 0.0106584)
(0.228721, -0.149858, 0.0111368)
(0.228086, -0.149215, 0.0114979)
(0.227374, -0.148537, 0.011886)
(0.226848, -0.14805, 0.0121685)
(0.226814, -0.148028, 0.0121874)
(0.226762, -0.147997, 0.0122162)
(0.22632, -0.147754, 0.0124527)
(0.2263, -0.147745, 0.0124626)
(0.225978, -0.147613, 0.0126137)
(0.22493, -0.14723, 0.0130783)
(0.224673, -0.14714, 0.0131898)
(0.223877, -0.146897, 0.0135209)
(0.223238, -0.146702, 0.0137867)
(0.22241, -0.146483, 0.0141135)
(0.222079, -0.146406, 0.0142411)
(0.221607, -0.146297, 0.0144225)
(0.220828, -0.146136, 0.0147101)
(0.220702, -0.14611, 0.0147564)
(0.219891, -0.145961, 0.015055)
(0.219024, -0.145802, 0.0153738)
(0.21792, -0.145622, 0.015774)
(0.217211, -0.145517, 0.0160327)
(0.217211, -0.145517, 0.0160327)
(0.216996, -0.145487, 0.0161099)
(0.216507, -0.14542, 0.0162859)
(0.215908, -0.145342, 0.0164996)
(0.215789, -0.145326, 0.0165421)
(0.215549, -0.145297, 0.0166282)
(0.214319, -0.145157, 0.0170723)
(0.213614, -0.145082, 0.0173291)
(0.213302, -0.145053, 0.0174449)
(0.2117, -0.144924, 0.0180481)
(0.210126, -0.144809, 0.0186496)
(0.208493, -0.144704, 0.0192865)
</SamplePoints>
<SampleFrames Num="237">((-0.591618, 0.629006, 0.504321, 0.274551), (-0.420914, 0.292537, -0.858635, -0.368257), (-0.687619, -0.720259, 0.091687, -0.028181), (0.000000, 0.000000, 0.000000, 1.000000)
((0.590307, 0.283890, 0.755608, 0.274544), (-0.422525, 0.906291, -0.010412, -0.368197), (-0.687757, -0.313117, 0.654941, -0.028172), (0.000000, 0.000000, 0.000000, 1.000000)
((0.582383, 0.304007, 0.753929, 0.274499), (-0.419719, 0.906710, -0.041394, -0.367781), (-0.696179, -0.292331, 0.655650, -0.028095), (0.000000, 0.000000, 0.000000, 1.000000)
((0.582366, 0.304171, 0.753876, 0.274420), (-0.418791, 0.907089, -0.042475, -0.366990), (-0.696752, -0.290981, 0.655642, -0.027944), (0.000000, 0.000000, 0.000000, 1.000000)
((0.574568, 0.324955, 0.751183, 0.274365), (-0.414307, 0.907003, -0.075465, -0.366421), (-0.705848, -0.267861, 0.655766, -0.027831), (0.000000, 0.000000, 0.000000, 1.000000)
((0.572299, 0.330405, 0.750538, 0.274281), (-0.413738, 0.906549, -0.083602, -0.365532), (-0.708022, -0.262681, 0.655518, -0.027649), (0.000000, 0.000000, 0.000000, 1.000000)
((0.574303, 0.325513, 0.751144, 0.274212), (-0.413757, 0.907145, -0.076770, -0.364740), (-0.706386, -0.266702, 0.655659, -0.027484), (0.000000, 0.000000, 0.000000, 1.000000)
((0.567695, 0.340445, 0.749546, 0.274207), (-0.410459, 0.906295, -0.100766, -0.364684), (-0.713615, -0.250454, 0.654238, -0.027472), (0.000000, 0.000000, 0.000000, 1.000000)
((0.560654, 0.359996, 0.745701, 0.274113), (-0.405020, 0.904694, -0.132239, -0.363551), (-0.722237, -0.227884, 0.653026, -0.027227), (0.000000, 0.000000, 0.000000, 1.000000)
((0.557786, 0.364701, 0.745566, 0.274053), (-0.404497, 0.903837, -0.139501, -0.362829), (-0.724746, -0.223767, 0.651668, -0.027071), (0.000000, 0.000000, 0.000000, 1.000000)
((0.551446, 0.380213, 0.742527, 0.273986), (-0.401142, 0.901289, -0.163594, -0.362002), (-0.731431, -0.207645, 0.649532, -0.026891), (0.000000, 0.000000, 0.000000, 1.000000)
((0.544472, 0.394907, 0.739999, 0.273943), (-0.398586, 0.898073, -0.185996, -0.361463), (-0.738024, -0.193684, 0.646380, -0.026774), (0.000000, 0.000000, 0.000000, 1.000000)
((0.534232, 0.418772, 0.734320, 0.273867), (-0.392813, 0.892168, -0.223012, -0.360531), (-0.748528, -0.169311, 0.641124, -0.026568), (0.000000, 0.000000, 0.000000, 1.000000)
((0.526879, 0.438384, 0.728160, 0.273727), (-0.385478, 0.886792, -0.254965, -0.358805), (-0.757499, -0.146354, 0.636220, -0.026183), (0.000000, 0.000000, 0.000000, 1.000000)
((0.523554, 0.443703, 0.727337, 0.273678), (-0.385273, 0.884715, -0.262382, -0.358210), (-0.759906, -0.142852, 0.634143, -0.026049), (0.000000, 0.000000, 0.000000, 1.000000)
((0.512700, 0.467563, 0.720086, 0.273658), (-0.379182, 0.875790, -0.298686, -0.357967), (-0.770298, -0.119907, 0.626309, -0.025994), (0.000000, 0.000000, 0.000000, 1.000000)
((0.500102, 0.493736, 0.711423, 0.273631), (-0.371976, 0.864363, -0.338393, -0.357649), (-0.782005, -0.095401, 0.615927, -0.025923), (0.000000, 0.000000, 0.000000, 1.000000)
((0.494607, 0.502604, 0.709051, 0.273627), (-0.371390, 0.859817, -0.350405, -0.357602), (-0.785769, -0.090021, 0.611934, -0.025912), (0.000000, 0.000000, 0.000000, 1.000000)
((0.484960, 0.519223, 0.703720, 0.273621), (-0.368287, 0.851098, -0.374162, -0.357535), (-0.793208, -0.077718, 0.603971, -0.025897), (0.000000, 0.000000, 0.000000, 1.000000)
((0.484229, 0.518194, 0.704980, 0.273572), (-0.369327, 0.851501, -0.372215, -0.357048), (-0.793171, -0.080131, 0.603704, -0.025786), (0.000000, 0.000000, 0.000000, 1.000000)
((0.479844, 0.526972, 0.701463, 0.273500), (-0.366322, 0.846833, -0.385593, -0.356316), (-0.797219, -0.071937, 0.599389, -0.025619), (0.000000, 0.000000, 0.000000, 1.000000)
((0.476994, 0.529924, 0.701183, 0.273385), (-0.365080, 0.845170, -0.390390, -0.355214), (-0.799496, -0.069774, 0.596606, -0.025364), (0.000000, 0.000000, 0.000000, 1.000000)
((0.472423, 0.538360, 0.697843, 0.273314), (-0.362580, 0.840379, -0.402863, -0.354536), (-0.803338, -0.062703, 0.592213, -0.025208), (0.000000, 0.000000, 0.000000, 1.000000)
((0.466936, 0.545747, 0.695795, 0.273209), (-0.361252, 0.835911, -0.413218, -0.353574), (-0.807135, -0.058411, 0.587470, -0.024981), (0.000000, 0.000000, 0.000000, 1.000000)
((0.461736, 0.552826, 0.693674, 0.272876), (-0.357431, 0.831688, -0.424898, -0.350569), (-0.811815, -0.051750, 0.581617, -0.024263), (0.000000, 0.000000, 0.000000, 1.000000)
((0.457203, 0.561133, 0.689996, 0.272587), (-0.353376, 0.826579, -0.438055, -0.348149), (-0.816144, -0.043548, 0.576205, -0.023664), (0.000000, 0.000000, 0.000000, 1.000000)
((0.456978, 0.561709, 0.689677, 0.272514), (-0.353241, 0.826213, -0.438854, -0.347554), (-0.816328, -0.043075, 0.575980, -0.023515), (0.000000, 0.000000, 0.000000, 1.000000)
((0.453747, 0.564797, 0.689288, 0.272407), (-0.352993, 0.824143, -0.442927, -0.346714), (-0.818236, -0.042337, 0.573322, -0.023303), (0.000000, 0.000000, 0.000000, 1.000000)
((0.451471, 0.568553, 0.687693, 0.272350), (-0.351768, 0.821700, -0.448407, -0.346276), (-0.820020, -0.039466, 0.570972, -0.023193), (0.000000, 0.000000, 0.000000, 1.000000)
((0.451471, 0.568553, 0.687693, 0.272348), (-0.351768, 0.821700, -0.448407, -0.346260), (-0.820020, -0.039466, 0.570972, -0.023189), (0.000000, 0.000000, 0.000000, 1.000000)
((0.451647, 0.568534, 0.687593, 0.272119), (-0.350432, 0.821781, -0.449304, -0.344557), (-0.820495, -0.038028, 0.570387, -0.022757), (0.000000, 0.000000, 0.000000, 1.000000)
((0.451280, 0.569359, 0.687151, 0.272027), (-0.350320, 0.821235, -0.450388, -0.343898), (-0.820745, -0.037472, 0.570064, -0.022589), (0.000000, 0.000000, 0.000000, 1.000000)
((0.448855, 0.573953, 0.684914, 0.271819), (-0.347460, 0.818247, -0.457978, -0.342415), (-0.823287, -0.032414, 0.566700, -0.022213), (0.000000, 0.000000, 0.000000, 1.000000)
((0.448815, 0.574328, 0.684625, 0.271690), (-0.347123, 0.818007, -0.458661, -0.341508), (-0.823450, -0.031796, 0.566497, -0.021981), (0.000000, 0.000000, 0.000000, 1.000000)
((0.448815, 0.574328, 0.684625, 0.271689), (-0.347123, 0.818007, -0.458661, -0.341500), (-0.823450, -0.031796, 0.566497, -0.021979), (0.000000, 0.000000, 0.000000, 1.000000)
((0.443654, 0.583316, 0.680378, 0.271386), (-0.345035, 0.811836, -0.471034, -0.339395), (-0.827117, -0.025778, 0.561439, -0.021445), (0.000000, 0.000000, 0.000000, 1.000000)
((0.443808, 0.583498, 0.680121, 0.271037), (-0.342546, 0.811786, -0.472932, -0.336969), (-0.828068, -0.023082, 0.560152, -0.020833), (0.000000, 0.000000, 0.000000, 1.000000)
((0.441322, 0.587752, 0.678073, 0.270824), (-0.340992, 0.808800, -0.479132, -0.335488), (-0.830036, -0.019766, 0.557360, -0.020462), (0.000000, 0.000000, 0.000000, 1.000000)
((0.443660, 0.584818, 0.679083, 0.270640), (-0.340390, 0.810918, -0.475969, -0.334207), (-0.829036, -0.019985, 0.558838, -0.020141), (0.000000, 0.000000, 0.000000, 1.000000)
((0.442831, 0.584133, 0.680212, 0.270545), (-0.340941, 0.811369, -0.474805, -0.333539), (-0.829253, -0.021654, 0.558454, -0.019975), (0.000000, 0.000000, 0.000000, 1.000000)
((0.440440, 0.588505, 0.677994, 0.270413), (-0.339021, 0.808297, -0.481374, -0.332617), (-0.831311, -0.017838, 0.555522, -0.019747), (0.000000, 0.000000, 0.000000, 1.000000)
((0.440802, 0.588330, 0.677909, 0.270251), (-0.337456, 0.808458, -0.482202, -0.331465), (-0.831755, -0.016209, 0.554906, -0.019465), (0.000000, 0.000000, 0.000000, 1.000000)
((0.438070, 0.592186, 0.676321, 0.269647), (-0.332771, 0.805734, -0.489956, -0.327031), (-0.835080, -0.010425, 0.550030, -0.018397), (0.000000, 0.000000, 0.000000, 1.000000)
((0.435933, 0.595760, 0.674561, 0.269356), (-0.330125, 0.803136, -0.495974, -0.324865), (-0.837246, -0.006478, 0.546789, -0.017881), (0.000000, 0.000000, 0.000000, 1.000000)
((0.435918, 0.595955, 0.674398, 0.269129), (-0.328946, 0.803001, -0.496975, -0.323144), (-0.837717, -0.005200, 0.546080, -0.017476), (0.000000, 0.000000, 0.000000, 1.000000)
((0.436268, 0.596006, 0.674127, 0.268854), (-0.326172, 0.802977, -0.498839, -0.321020), (-0.838619, -0.002254, 0.544714, -0.016984), (0.000000, 0.000000, 0.000000, 1.000000)
((0.434139, 0.599369, 0.672518, 0.268762), (-0.324694, 0.800473, -0.503803, -0.320303), (-0.840296, 0.000358, 0.542128, -0.016818), (0.000000, 0.000000, 0.000000, 1.000000)
((0.434139, 0.599369, 0.672518, 0.268745), (-0.324694, 0.800473, -0.503803, -0.320171), (-0.840296, 0.000358, 0.542128, -0.016788), (0.000000, 0.000000, 0.000000, 1.000000)
((0.431530, 0.603353, 0.670632, 0.268618), (-0.323464, 0.797469, -0.509327, -0.319153), (-0.842112, 0.002865, 0.539295, -0.016556), (0.000000, 0.000000, 0.000000, 1.000000)
((0.431530, 0.603353, 0.670632, 0.268616), (-0.323464, 0.797469, -0.509327, -0.319138), (-0.842112, 0.002865, 0.539295, -0.016552), (0.000000, 0.000000, 0.000000, 1.000000)
((0.429883, 0.608382, 0.667138, 0.268504), (-0.321055, 0.793604, -0.516832, -0.318212), (-0.843875, 0.007990, 0.536481, -0.016348), (0.000000, 0.000000, 0.000000, 1.000000)
((0.429883, 0.608382, 0.667138, 0.268500), (-0.321055, 0.793604, -0.516832, -0.318181), (-0.843875, 0.007990, 0.536481, -0.016342), (0.000000, 0.000000, 0.000000, 1.000000)
((0.423049, 0.621552, 0.659320, 0.268271), (-0.316514, 0.783172, -0.535220, -0.316233), (-0.849028, 0.017740, 0.528050, -0.015948), (0.000000, 0.000000, 0.000000, 1.000000)
((0.423049, 0.621552, 0.659320, 0.268263), (-0.316514, 0.783172, -0.535220, -0.316164), (-0.849028, 0.017740, 0.528050, -0.015936), (0.000000, 0.000000, 0.000000, 1.000000)
((0.418562, 0.630832, 0.653343, 0.267712), (-0.311578, 0.775474, -0.549144, -0.311468), (-0.853068, 0.026284, 0.521137, -0.015125), (0.000000, 0.000000, 0.000000, 1.000000)
((0.413440, 0.638394, 0.649246, 0.267447), (-0.309589, 0.769119, -0.559116, -0.309261), (-0.856284, 0.030161, 0.515624, -0.014793), (0.000000, 0.000000, 0.000000, 1.000000)
((0.411383, 0.644163, 0.644839, 0.267226), (-0.306769, 0.764056, -0.567548, -0.307432), (-0.858287, 0.035663, 0.511929, -0.014533), (0.000000, 0.000000, 0.000000, 1.000000)
((0.410964, 0.645359, 0.643911, 0.267039), (-0.306154, 0.762991, -0.569310, -0.305916), (-0.858707, 0.036830, 0.511141, -0.014342), (0.000000, 0.000000, 0.000000, 1.000000)
((0.408403, 0.649235, 0.641640, 0.266861), (-0.304397, 0.759565, -0.574807, -0.304470), (-0.860552, 0.039440, 0.507834, -0.014161), (0.000000, 0.000000, 0.000000, 1.000000)
((0.406443, 0.652058, 0.640020, 0.266488), (-0.301693, 0.756978, -0.579626, -0.301490), (-0.862430, 0.042496, 0.504389, -0.013826), (0.000000, 0.000000, 0.000000, 1.000000)
((0.406378, 0.652433, 0.639679, 0.266324), (-0.301361, 0.756624, -0.580260, -0.300209), (-0.862577, 0.043031, 0.504093, -0.013697), (0.000000, 0.000000, 0.000000, 1.000000)
((0.406206, 0.653103, 0.639103, 0.266214), (-0.300876, 0.755998, -0.581326, -0.299356), (-0.862827, 0.043848, 0.503594, -0.013612), (0.000000, 0.000000, 0.000000, 1.000000)
((0.403669, 0.656993, 0.636719, 0.266078), (-0.298936, 0.752457, -0.586896, -0.298320), (-0.864690, 0.046573, 0.500142, -0.013518), (0.000000, 0.000000, 0.000000, 1.000000)
((0.403602, 0.657367, 0.636376, 0.265951), (-0.298605, 0.752097, -0.587524, -0.297352), (-0.864835, 0.047101, 0.499841, -0.013430), (0.000000, 0.000000, 0.000000, 1.000000)
((0.403643, 0.657446, 0.636268, 0.265813), (-0.298426, 0.752012, -0.587724, -0.296324), (-0.864878, 0.047352, 0.499744, -0.013345), (0.000000, 0.000000, 0.000000, 1.000000)
((0.408120, 0.652342, 0.638661, 0.265384), (-0.299154, 0.756510, -0.581549, -0.293262), (-0.862522, 0.046284, 0.503898, -0.013126), (0.000000, 0.000000, 0.000000, 1.000000)
((0.403632, 0.660426, 0.633181, 0.265162), (-0.296962, 0.749160, -0.592092, -0.291751), (-0.865387, 0.050957, 0.498506, -0.013034), (0.000000, 0.000000, 0.000000, 1.000000)
((0.408011, 0.654777, 0.636234, 0.264987), (-0.299566, 0.754311, -0.584187, -0.290573), (-0.862431, 0.047761, 0.503916, -0.012967), (0.000000, 0.000000, 0.000000, 1.000000)
((0.408011, 0.654777, 0.636234, 0.264983), (-0.299566, 0.754311, -0.584187, -0.290546), (-0.862431, 0.047761, 0.503916, -0.012966), (0.000000, 0.000000, 0.000000, 1.000000)
((0.409541, 0.650451, 0.639679, 0.264828), (-0.301776, 0.758295, -0.577858, -0.289540), (-0.860934, 0.043617, 0.506843, -0.012916), (0.000000, 0.000000, 0.000000, 1.000000)
((0.412564, 0.648884, 0.639329, 0.264762), (-0.301953, 0.759578, -0.576077, -0.289115), (-0.859427, 0.044622, 0.509307, -0.012897), (0.000000, 0.000000, 0.000000, 1.000000)
((0.419681, 0.639416, 0.644217, 0.264526), (-0.305369, 0.767839, -0.563181, -0.287595), (-0.854762, 0.039632, 0.517505, -0.012830), (0.000000, 0.000000, 0.000000, 1.000000)
((0.435525, 0.618043, 0.654477, 0.263838), (-0.313384, 0.785673, -0.533393, -0.283242), (-0.843865, 0.027203, 0.535865, -0.012636), (0.000000, 0.000000, 0.000000, 1.000000)
((0.437052, 0.613625, 0.657610, 0.263628), (-0.315287, 0.789264, -0.526931, -0.281940), (-0.842365, 0.022960, 0.538417, -0.012576), (0.000000, 0.000000, 0.000000, 1.000000)
((0.443705, 0.604048, 0.662006, 0.262953), (-0.318310, 0.796762, -0.513662, -0.277791), (-0.837738, 0.017191, 0.545802, -0.012380), (0.000000, 0.000000, 0.000000, 1.000000)
((0.448224, 0.597835, 0.664597, 0.262627), (-0.319705, 0.801497, -0.505363, -0.275808), (-0.834796, 0.014041, 0.550381, -0.012285), (0.000000, 0.000000, 0.000000, 1.000000)
((0.452086, 0.592208, 0.667015, 0.262153), (-0.323668, 0.805742, -0.496002, -0.273050), (-0.831178, 0.008345, 0.555944, -0.012145), (0.000000, 0.000000, 0.000000, 1.000000)
((0.459737, 0.582552, 0.670280, 0.262006), (-0.325616, 0.812785, -0.483069, -0.272207), (-0.826206, 0.003830, 0.563355, -0.012101), (0.000000, 0.000000, 0.000000, 1.000000)
((0.466091, 0.572318, 0.674693, 0.261867), (-0.329652, 0.820020, -0.467864, -0.271436), (-0.821029, -0.004347, 0.570870, -0.012060), (0.000000, 0.000000, 0.000000, 1.000000)
((0.469502, 0.564256, 0.679105, 0.261758), (-0.333793, 0.825498, -0.455121, -0.270830), (-0.817404, -0.013000, 0.575918, -0.012027), (0.000000, 0.000000, 0.000000, 1.000000)
((0.469502, 0.564256, 0.679105, 0.261757), (-0.333793, 0.825498, -0.455121, -0.270820), (-0.817404, -0.013000, 0.575918, -0.012027), (0.000000, 0.000000, 0.000000, 1.000000)
((0.483744, 0.541415, 0.687649, 0.261360), (-0.340126, 0.840234, -0.422281, -0.268663), (-0.806415, -0.029611, 0.590608, -0.011914), (0.000000, 0.000000, 0.000000, 1.000000)
((0.483744, 0.541415, 0.687649, 0.261334), (-0.340126, 0.840234, -0.422281, -0.268524), (-0.806415, -0.029611, 0.590608, -0.011907), (0.000000, 0.000000, 0.000000, 1.000000)
((0.496414, 0.517949, 0.696636, 0.261015), (-0.347204, 0.853978, -0.387519, -0.266837), (-0.795627, -0.049505, 0.603761, -0.011819), (0.000000, 0.000000, 0.000000, 1.000000)
((0.500579, 0.510078, 0.699457, 0.260850), (-0.350020, 0.858243, -0.375374, -0.265980), (-0.791774, -0.056920, 0.608156, -0.011775), (0.000000, 0.000000, 0.000000, 1.000000)
((0.500579, 0.510078, 0.699457, 0.260849), (-0.350020, 0.858243, -0.375374, -0.265977), (-0.791774, -0.056920, 0.608156, -0.011775), (0.000000, 0.000000, 0.000000, 1.000000)
((0.522175, 0.466134, 0.714179, 0.260077), (-0.361433, 0.879447, -0.309739, -0.262067), (-0.772463, -0.096390, 0.627702, -0.011571), (0.000000, 0.000000, 0.000000, 1.000000)
((0.537125, 0.434048, 0.723256, 0.259492), (-0.368033, 0.892117, -0.262067, -0.259134), (-0.758979, -0.125419, 0.638922, -0.011405), (0.000000, 0.000000, 0.000000, 1.000000)
((0.541372, 0.424339, 0.725846, 0.259271), (-0.369911, 0.895466, -0.247603, -0.258024), (-0.755038, -0.134454, 0.641747, -0.011341), (0.000000, 0.000000, 0.000000, 1.000000)
((0.547476, 0.410155, 0.729412, 0.258922), (-0.373675, 0.899741, -0.225463, -0.256267), (-0.748757, -0.149128, 0.645851, -0.011228), (0.000000, 0.000000, 0.000000, 1.000000)
((0.563817, 0.371538, 0.737611, 0.258169), (-0.380060, 0.909637, -0.167677, -0.252464), (-0.733256, -0.185797, 0.654076, -0.010969), (0.000000, 0.000000, 0.000000, 1.000000)
((0.567753, 0.361932, 0.739366, 0.257828), (-0.381674, 0.911525, -0.153122, -0.250736), (-0.729370, -0.195261, 0.655662, -0.010846), (0.000000, 0.000000, 0.000000, 1.000000)
((0.573746, 0.346965, 0.741910, 0.257485), (-0.385048, 0.913757, -0.129560, -0.248987), (-0.722878, -0.211336, 0.657863, -0.010705), (0.000000, 0.000000, 0.000000, 1.000000)
((0.579637, 0.332187, 0.744092, 0.257205), (-0.388194, 0.915429, -0.106281, -0.247562), (-0.716468, -0.227248, 0.659569, -0.010590), (0.000000, 0.000000, 0.000000, 1.000000)
((0.585794, 0.316227, 0.746221, 0.257066), (-0.390623, 0.916899, -0.081911, -0.246850), (-0.710112, -0.243509, 0.660639, -0.010526), (0.000000, 0.000000, 0.000000, 1.000000)
((0.599335, 0.280675, 0.749679, 0.256447), (-0.396958, 0.917464, -0.026142, -0.243695), (-0.695141, -0.281923, 0.661285, -0.010245), (0.000000, 0.000000, 0.000000, 1.000000)
((0.609140, 0.254017, 0.751281, 0.256144), (-0.401218, 0.915849, 0.015648, -0.242161), (-0.684085, -0.310960, 0.659796, -0.010098), (0.000000, 0.000000, 0.000000, 1.000000)
((0.635585, 0.181940, 0.750286, 0.255280), (-0.413126, 0.901137, 0.131448, -0.237870), (-0.652196, -0.393509, 0.647913, -0.009667), (0.000000, 0.000000, 0.000000, 1.000000)
((0.687677, 0.044574, 0.724648, 0.254358), (-0.438657, 0.820841, 0.365786, -0.233519), (-0.578515, -0.569415, 0.584026, -0.009194), (0.000000, 0.000000, 0.000000, 1.000000)
((0.696239, 0.024145, 0.717406, 0.254219), (-0.445703, 0.797972, 0.405696, -0.232880), (-0.562673, -0.602211, 0.566339, -0.009122), (0.000000, 0.000000, 0.000000, 1.000000)
((0.726682, -0.038865, -0.685873, 0.253914), (-0.460775, 0.712938, -0.528590, -0.231509), (-0.509529, -0.700149, -0.500172, -0.008969), (0.000000, 0.000000, 0.000000, 1.000000)
((0.742838, -0.066187, -0.666191, 0.253684), (-0.467078, 0.661660, -0.586553, -0.230492), (-0.479614, -0.746877, -0.460591, -0.008856), (0.000000, 0.000000, 0.000000, 1.000000)
((0.752520, -0.080276, -0.653659, 0.253471), (-0.471108, 0.627937, -0.619477, -0.229572), (-0.460186, -0.774113, -0.434717, -0.008756), (0.000000, 0.000000, 0.000000, 1.000000)
((0.752520, -0.080276, -0.653659, 0.253459), (-0.471108, 0.627937, -0.619477, -0.229521), (-0.460186, -0.774113, -0.434717, -0.008751), (0.000000, 0.000000, 0.000000, 1.000000)
((0.772143, -0.101817, -0.627239, 0.252915), (-0.482091, 0.549207, -0.682613, -0.227235), (-0.413986, -0.829461, -0.374981, -0.008512), (0.000000, 0.000000, 0.000000, 1.000000)
((0.772143, -0.101817, -0.627239, 0.252904), (-0.482091, 0.549207, -0.682613, -0.227192), (-0.413986, -0.829461, -0.374981, -0.008507), (0.000000, 0.000000, 0.000000, 1.000000)
((0.783066, -0.109713, -0.612186, 0.252792), (-0.488477, 0.500775, -0.714573, -0.226733), (-0.384965, -0.858596, -0.338547, -0.008461), (0.000000, 0.000000, 0.000000, 1.000000)
((0.795542, -0.116815, -0.594531, 0.252287), (-0.492546, 0.446767, -0.746858, -0.224703), (-0.352861, -0.886991, -0.297886, -0.008263), (0.000000, 0.000000, 0.000000, 1.000000)
((0.806390, -0.120217, -0.579037, 0.251743), (-0.494836, 0.399003, -0.771968, -0.222539), (-0.323841, -0.909035, -0.262264, -0.008053), (0.000000, 0.000000, 0.000000, 1.000000)
((0.806390, -0.120217, -0.579037, 0.251737), (-0.494836, 0.399003, -0.771968, -0.222518), (-0.323841, -0.909035, -0.262264, -0.008051), (0.000000, 0.000000, 0.000000, 1.000000)
((0.816487, -0.120603, -0.564627, 0.251142), (-0.496339, 0.352973, -0.793132, -0.220188), (-0.294952, -0.927828, -0.228338, -0.007826), (0.000000, 0.000000, 0.000000, 1.000000)
((0.818342, -0.120357, -0.561988, 0.250910), (-0.496647, 0.344008, -0.796869, -0.219298), (-0.289237, -0.931221, -0.221741, -0.007740), (0.000000, 0.000000, 0.000000, 1.000000)
((0.822129, -0.119609, -0.556595, 0.250574), (-0.497035, 0.325926, -0.804195, -0.218009), (-0.277598, -0.937799, -0.208503, -0.007616), (0.000000, 0.000000, 0.000000, 1.000000)
((0.831281, -0.113674, -0.544105, 0.249502), (-0.500509, 0.272722, -0.821653, -0.213999), (-0.241790, -0.955354, -0.169814, -0.007223), (0.000000, 0.000000, 0.000000, 1.000000)
((0.833691, -0.112112, -0.540731, 0.249193), (-0.500690, 0.259604, -0.825782, -0.212858), (-0.232956, -0.959185, -0.160297, -0.007110), (0.000000, 0.000000, 0.000000, 1.000000)
((0.840915, -0.106841, -0.530515, 0.248759), (-0.500127, 0.221048, -0.837264, -0.211286), (-0.206724, -0.969393, -0.132449, -0.006952), (0.000000, 0.000000, 0.000000, 1.000000)
((0.840915, -0.106841, -0.530515, 0.248757), (-0.500127, 0.221048, -0.837264, -0.211277), (-0.206724, -0.969393, -0.132449, -0.006951), (0.000000, 0.000000, 0.000000, 1.000000)
((0.845229, -0.102294, -0.524522, 0.248315), (-0.499926, 0.195482, -0.843718, -0.209705), (-0.188842, -0.975358, -0.114087, -0.006790), (0.000000, 0.000000, 0.000000, 1.000000)
((0.845895, -0.101506, -0.523601, 0.248156), (-0.499899, 0.191305, -0.844691, -0.209148), (-0.185909, -0.976268, -0.111081, -0.006731), (0.000000, 0.000000, 0.000000, 1.000000)
((0.848510, -0.098136, -0.520001, 0.247846), (-0.499746, 0.174553, -0.848401, -0.208057), (-0.174026, -0.979745, -0.099067, -0.006614), (0.000000, 0.000000, 0.000000, 1.000000)
((0.849138, -0.097278, -0.519135, 0.247777), (-0.499694, 0.170417, -0.849273, -0.207817), (-0.171085, -0.980558, -0.096099, -0.006587), (0.000000, 0.000000, 0.000000, 1.000000)
((0.854929, -0.089066, -0.511041, 0.247314), (-0.498387, 0.132248, -0.856808, -0.206193), (-0.143897, -0.987207, -0.068673, -0.006397), (0.000000, 0.000000, 0.000000, 1.000000)
((0.856380, -0.082983, -0.509633, 0.246948), (-0.500047, 0.112738, -0.858629, -0.204911), (-0.128707, -0.990153, -0.055051, -0.006230), (0.000000, 0.000000, 0.000000, 1.000000)
((0.857951, -0.079504, -0.507543, 0.246729), (-0.499538, 0.101527, -0.860322, -0.204144), (-0.119928, -0.991651, -0.047390, -0.006120), (0.000000, 0.000000, 0.000000, 1.000000)
((0.860124, -0.075268, -0.504500, 0.246368), (-0.498485, 0.085687, -0.862653, -0.202879), (-0.108159, -0.993475, -0.036181, -0.005922), (0.000000, 0.000000, 0.000000, 1.000000)
((0.861120, -0.073107, -0.503118, 0.246191), (-0.498004, 0.077828, -0.863675, -0.202259), (-0.102297, -0.994283, -0.030611, -0.005825), (0.000000, 0.000000, 0.000000, 1.000000)
((0.861647, -0.072033, -0.502371, 0.246082), (-0.497679, 0.073953, -0.864203, -0.201878), (-0.099403, -0.994657, -0.027872, -0.005760), (0.000000, 0.000000, 0.000000, 1.000000)
((0.862072, -0.066807, -0.502364, 0.245601), (-0.499197, 0.058973, -0.864479, -0.200200), (-0.087379, -0.996022, -0.017490, -0.005472), (0.000000, 0.000000, 0.000000, 1.000000)
((0.864440, -0.061276, -0.498988, 0.245096), (-0.497406, 0.039912, -0.866599, -0.198440), (-0.073018, -0.997323, -0.004023, -0.005149), (0.000000, 0.000000, 0.000000, 1.000000)
((0.863645, -0.058132, -0.500737, 0.244821), (-0.499686, 0.032436, -0.865599, -0.197487), (-0.066561, -0.997782, 0.001034, -0.004963), (0.000000, 0.000000, 0.000000, 1.000000)
((0.864685, -0.054349, -0.499366, 0.244518), (-0.498955, 0.021849, -0.866352, -0.196435), (-0.057996, -0.998283, 0.008225, -0.004759), (0.000000, 0.000000, 0.000000, 1.000000)
((0.865503, -0.052176, -0.498180, 0.244214), (-0.498150, 0.014494, -0.866970, -0.195399), (-0.052456, -0.998533, 0.013447, -0.004549), (0.000000, 0.000000, 0.000000, 1.000000)
((0.864752, -0.049323, -0.499772, 0.243942), (-0.500050, 0.007414, -0.865965, -0.194468), (-0.046417, -0.998755, 0.018253, -0.004361), (0.000000, 0.000000, 0.000000, 1.000000)
((0.865883, -0.045563, -0.498168, 0.243681), (-0.498845, -0.004130, -0.866681, -0.193596), (-0.037431, -0.998953, 0.026305, -0.004180), (0.000000, 0.000000, 0.000000, 1.000000)
((0.866763, -0.041566, -0.496986, 0.243440), (-0.497889, -0.014581, -0.867118, -0.192787), (-0.028796, -0.999029, 0.033334, -0.004012), (0.000000, 0.000000, 0.000000, 1.000000)
((0.867100, -0.040339, -0.496498, 0.243300), (-0.497461, -0.018324, -0.867293, -0.192331), (-0.025888, -0.999018, 0.035956, -0.003916), (0.000000, 0.000000, 0.000000, 1.000000)
((0.867197, -0.031034, -0.496997, 0.242671), (-0.497937, -0.043589, -0.866117, -0.190303), (-0.005215, -0.998567, 0.053253, -0.003484), (0.000000, 0.000000, 0.000000, 1.000000)
((0.867408, -0.029948, -0.496695, 0.242481), (-0.497591, -0.047193, -0.866127, -0.189696), (-0.002498, -0.998437, 0.055837, -0.003354), (0.000000, 0.000000, 0.000000, 1.000000)
((0.866132, -0.027017, -0.499084, 0.242348), (-0.499798, -0.054902, -0.864400, -0.189276), (0.004047, -0.998126, 0.061056, -0.003262), (0.000000, 0.000000, 0.000000, 1.000000)
((0.866288, -0.025578, -0.498890, 0.242250), (-0.499492, -0.058950, -0.864311, -0.188967), (0.007302, -0.997933, 0.063844, -0.003194), (0.000000, 0.000000, 0.000000, 1.000000)
((0.864810, -0.024006, -0.501525, 0.242220), (-0.501967, -0.064236, -0.862498, -0.188873), (0.011511, -0.997646, 0.067602, -0.003172), (0.000000, 0.000000, 0.000000, 1.000000)
((0.863762, -0.018377, -0.503564, 0.242065), (-0.503304, -0.080029, -0.860396, -0.188380), (0.024488, -0.996623, 0.078375, -0.003054), (0.000000, 0.000000, 0.000000, 1.000000)
((0.862438, -0.015364, -0.505930, 0.241938), (-0.505236, -0.086602, -0.858625, -0.187968), (0.030623, -0.996125, 0.082451, -0.002950), (0.000000, 0.000000, 0.000000, 1.000000)
((0.862633, -0.012814, -0.505668, 0.241767), (-0.504495, -0.094380, -0.858241, -0.187420), (0.036728, -0.995454, 0.087880, -0.002812), (0.000000, 0.000000, 0.000000, 1.000000)
((0.861390, -0.010271, -0.507841, 0.241602), (-0.506130, -0.101796, -0.856429, -0.186881), (0.042900, -0.994752, 0.092884, -0.002669), (0.000000, 0.000000, 0.000000, 1.000000)
((0.861689, -0.007741, -0.507378, 0.241435), (-0.505081, -0.109329, -0.856119, -0.186335), (0.048844, -0.993975, 0.098118, -0.002524), (0.000000, 0.000000, 0.000000, 1.000000)
((0.861735, -0.006429, -0.507318, 0.241269), (-0.504691, -0.113269, -0.855837, -0.185794), (0.051961, -0.993544, 0.100852, -0.002374), (0.000000, 0.000000, 0.000000, 1.000000)
((0.861669, -0.006513, -0.507429, 0.241028), (-0.504809, -0.113278, -0.855766, -0.185005), (0.051907, -0.993542, 0.100896, -0.002156), (0.000000, 0.000000, 0.000000, 1.000000)
((0.860213, -0.005273, -0.509907, 0.240873), (-0.506941, -0.117027, -0.853999, -0.184502), (0.055170, -0.993115, 0.103341, -0.002012), (0.000000, 0.000000, 0.000000, 1.000000)
((0.860440, -0.001751, -0.509549, 0.240404), (-0.505628, -0.126793, -0.853384, -0.182978), (0.063113, -0.991928, 0.109983, -0.001576), (0.000000, 0.000000, 0.000000, 1.000000)
((0.859036, 0.000672, -0.511915, 0.240147), (-0.507296, -0.132913, -0.851460, -0.182154), (0.068612, -0.991127, 0.113837, -0.001333), (0.000000, 0.000000, 0.000000, 1.000000)
((0.859069, 0.001792, -0.511857, 0.239921), (-0.506848, -0.136629, -0.851139, -0.181429), (0.071460, -0.990621, 0.116466, -0.001119), (0.000000, 0.000000, 0.000000, 1.000000)
((0.859155, 0.004204, -0.511698, 0.239736), (-0.505837, -0.144158, -0.850498, -0.180844), (0.077341, -0.989546, 0.121727, -0.000943), (0.000000, 0.000000, 0.000000, 1.000000)
((0.859123, 0.008029, -0.511707, 0.239600), (-0.504526, -0.154350, -0.849488, -0.180413), (0.085803, -0.987984, 0.128555, -0.000813), (0.000000, 0.000000, 0.000000, 1.000000)
((0.859196, 0.009162, -0.511565, 0.239527), (-0.503923, -0.157923, -0.849189, -0.180185), (0.088568, -0.987409, 0.131070, -0.000743), (0.000000, 0.000000, 0.000000, 1.000000)
((0.859348, 0.011351, -0.511265, 0.239198), (-0.502685, -0.164944, -0.848588, -0.179154), (0.093963, -0.986237, 0.136039, -0.000425), (0.000000, 0.000000, 0.000000, 1.000000)
((0.859377, 0.012567, -0.511188, 0.238997), (-0.502085, -0.168623, -0.848220, -0.178528), (0.096858, -0.985600, 0.138601, -0.000228), (0.000000, 0.000000, 0.000000, 1.000000)
((0.859552, 0.015111, -0.510825, 0.238693), (-0.500638, -0.175823, -0.847613, -0.177578), (0.102623, -0.984306, 0.143563, 0.000077), (0.000000, 0.000000, 0.000000, 1.000000)
((0.861255, 0.016537, -0.507904, 0.238503), (-0.497217, -0.179001, -0.848961, -0.176984), (0.104955, -0.983710, 0.145943, 0.000268), (0.000000, 0.000000, 0.000000, 1.000000)
((0.861152, 0.017798, -0.508036, 0.238274), (-0.496900, -0.181424, -0.848632, -0.176261), (0.107274, -0.983244, 0.147390, 0.000507), (0.000000, 0.000000, 0.000000, 1.000000)
((0.861205, 0.017637, -0.507951, 0.237990), (-0.496865, -0.181195, -0.848701, -0.175361), (0.107007, -0.983289, 0.147283, 0.000804), (0.000000, 0.000000, 0.000000, 1.000000)
((0.861259, 0.017477, -0.507866, 0.237775), (-0.496830, -0.180965, -0.848771, -0.174666), (0.106740, -0.983334, 0.147174, 0.001039), (0.000000, 0.000000, 0.000000, 1.000000)
((0.861108, 0.020053, -0.508027, 0.237498), (-0.495914, -0.187155, -0.847964, -0.173771), (0.112084, -0.982126, 0.151216, 0.001341), (0.000000, 0.000000, 0.000000, 1.000000)
((0.861058, 0.021112, -0.508069, 0.237286), (-0.495383, -0.190709, -0.847482, -0.173071), (0.114785, -0.981420, 0.153753, 0.001584), (0.000000, 0.000000, 0.000000, 1.000000)
((0.861039, 0.022307, -0.508049, 0.237137), (-0.494922, -0.192878, -0.847261, -0.172576), (0.116891, -0.980969, 0.155035, 0.001755), (0.000000, 0.000000, 0.000000, 1.000000)
((0.861207, 0.022087, -0.507775, 0.237000), (-0.494744, -0.192394, -0.847475, -0.172109), (0.116411, -0.981069, 0.154763, 0.001920), (0.000000, 0.000000, 0.000000, 1.000000)
((0.861235, 0.022009, -0.507730, 0.236843), (-0.494726, -0.192278, -0.847511, -0.171577), (0.116278, -0.981094, 0.154708, 0.002109), (0.000000, 0.000000, 0.000000, 1.000000)
((0.860895, 0.024460, -0.508194, 0.236487), (-0.494028, -0.198617, -0.846456, -0.170328), (0.121640, -0.979772, 0.158904, 0.002558), (0.000000, 0.000000, 0.000000, 1.000000)
((0.860821, 0.025515, -0.508267, 0.236317), (-0.493484, -0.202165, -0.845933, -0.169718), (0.124338, -0.979019, 0.161436, 0.002781), (0.000000, 0.000000, 0.000000, 1.000000)
((0.860756, 0.025455, -0.508381, 0.235965), (-0.493775, -0.200826, -0.846082, -0.168458), (0.123633, -0.979296, 0.160294, 0.003241), (0.000000, 0.000000, 0.000000, 1.000000)
((0.860407, 0.027810, -0.508849, 0.235674), (-0.493048, -0.207051, -0.845005, -0.167392), (0.128857, -0.977935, 0.164437, 0.003634), (0.000000, 0.000000, 0.000000, 1.000000)
((0.860499, 0.027577, -0.508706, 0.235584), (-0.492992, -0.206700, -0.845123, -0.167060), (0.128456, -0.978016, 0.164270, 0.003757), (0.000000, 0.000000, 0.000000, 1.000000)
((0.860499, 0.027577, -0.508706, 0.235490), (-0.492992, -0.206700, -0.845123, -0.166711), (0.128456, -0.978016, 0.164270, 0.003887), (0.000000, 0.000000, 0.000000, 1.000000)
((0.860417, 0.027556, -0.508845, 0.235402), (-0.493114, -0.206841, -0.845018, -0.166380), (0.128535, -0.977987, 0.164381, 0.004012), (0.000000, 0.000000, 0.000000, 1.000000)
((0.860079, 0.029006, -0.509335, 0.235243), (-0.492967, -0.209755, -0.844385, -0.165787), (0.131328, -0.977324, 0.166107, 0.004235), (0.000000, 0.000000, 0.000000, 1.000000)
((0.860110, 0.028930, -0.509287, 0.235041), (-0.492948, -0.209638, -0.844425, -0.165034), (0.131195, -0.977351, 0.166051, 0.004521), (0.000000, 0.000000, 0.000000, 1.000000)
((0.860203, 0.028699, -0.509144, 0.234831), (-0.492893, -0.209286, -0.844545, -0.164252), (0.130794, -0.977433, 0.165884, 0.004817), (0.000000, 0.000000, 0.000000, 1.000000)
((0.860175, 0.028561, -0.509199, 0.234628), (-0.493164, -0.207834, -0.844745, -0.163505), (0.129956, -0.977747, 0.164688, 0.005102), (0.000000, 0.000000, 0.000000, 1.000000)
((0.860009, 0.029801, -0.509408, 0.234416), (-0.492838, -0.210258, -0.844336, -0.162724), (0.132269, -0.977192, 0.166136, 0.005401), (0.000000, 0.000000, 0.000000, 1.000000)
((0.860040, 0.029725, -0.509360, 0.234334), (-0.492819, -0.210141, -0.844376, -0.162425), (0.132136, -0.977219, 0.166080, 0.005516), (0.000000, 0.000000, 0.000000, 1.000000)
