<PointSplatMark HeadPosAtStart="(0.708122, -0.171719, 2.23856)" BrushTip="0" BrushInterface="ForceTapeDraw" SuperSamplesPerWidth="20" Draw="0" Width="0.022" Pose="1" LayerIndex="0" Name="backmuscle" RoomToVirtualScaleAtStart="1.03571" RoomToVirtualFrameAtStart="((0.910266, 0.319017, 0.263900, 0.136837), (-0.250152, 0.931682, -0.263425, 0.090098), (-0.329908, 0.173772, 0.927881, -0.098421), (0.000000, 0.000000, 0.000000, 1.000000)" ColorSwatch="0.170979"><SamplePoints Num="169">(0.113992, -0.0737726, 0.0761266)
(0.114194, -0.0733277, 0.0763713)
(0.114236, -0.0732387, 0.0764204)
(0.114276, -0.0731522, 0.0764682)
(0.11437, -0.0729516, 0.0765784)
(0.114528, -0.0726179, 0.0767619)
(0.114795, -0.0720619, 0.0770665)
(0.115001, -0.0716417, 0.0772947)
(0.115415, -0.0708029, 0.0777491)
(0.11563, -0.0703757, 0.0779764)
(0.115908, -0.0698233, 0.0782703)
(0.116081, -0.0694855, 0.0784463)
(0.116557, -0.0685576, 0.0789297)
(0.116622, -0.0684323, 0.0789948)
(0.116629, -0.0684179, 0.0790019)
(0.118016, -0.0657879, 0.0803089)
(0.118536, -0.0648089, 0.0807853)
(0.119224, -0.0635199, 0.0814079)
(0.120156, -0.0617856, 0.0822337)
(0.120163, -0.0617742, 0.0822391)
(0.121101, -0.0600305, 0.0830593)
(0.121112, -0.0600104, 0.0830686)
(0.122015, -0.0583238, 0.0838495)
(0.122197, -0.0579822, 0.0840062)
(0.122372, -0.057655, 0.0841563)
(0.122675, -0.0570858, 0.0844173)
(0.12316, -0.0561664, 0.0848365)
(0.124235, -0.0540707, 0.085781)
(0.124882, -0.0527991, 0.0863529)
(0.124901, -0.0527593, 0.0863706)
(0.125917, -0.0507079, 0.0872842)
(0.126517, -0.0494953, 0.0878239)
(0.127688, -0.0470465, 0.0888933)
(0.128208, -0.0459419, 0.0893717)
(0.128229, -0.0458971, 0.0893908)
(0.129218, -0.0437544, 0.0903067)
(0.129694, -0.0426952, 0.0907514)
(0.130231, -0.0414978, 0.0912541)
(0.130265, -0.0414216, 0.0912853)
(0.132496, -0.0362797, 0.093381)
(0.13253, -0.0361943, 0.0934146)
(0.134184, -0.0321243, 0.0950172)
(0.135091, -0.0298067, 0.0959039)
(0.13556, -0.0285571, 0.0963718)
(0.136079, -0.0270996, 0.0969008)
(0.136884, -0.0247159, 0.0977404)
(0.137323, -0.0234132, 0.0981993)
(0.13772, -0.0221779, 0.0986238)
(0.138593, -0.0193852, 0.0995759)
(0.139031, -0.0179423, 0.100064)
(0.139534, -0.0162093, 0.100642)
(0.13999, -0.0146318, 0.101167)
(0.141153, -0.0103774, 0.102564)
(0.141503, -0.00903664, 0.103003)
(0.141813, -0.00784841, 0.103392)
(0.142341, -0.00574832, 0.104077)
(0.142796, -0.00387174, 0.104683)
(0.14383, 0.000583594, 0.10611)
(0.144045, 0.00155133, 0.106415)
(0.144341, 0.00287547, 0.106833)
(0.144535, 0.00375243, 0.107109)
(0.144714, 0.00460222, 0.107371)
(0.144884, 0.00541279, 0.107621)
(0.144963, 0.00581325, 0.107741)
(0.145277, 0.00757077, 0.10825)
(0.145413, 0.00837435, 0.108477)
(0.145885, 0.0116604, 0.109328)
(0.145986, 0.0123814, 0.109512)
(0.14611, 0.0133854, 0.109755)
(0.146239, 0.0144296, 0.110008)
(0.14625, 0.0145291, 0.110031)
(0.146491, 0.0167329, 0.11053)
(0.146622, 0.018102, 0.110821)
(0.146722, 0.0191462, 0.111042)
(0.146787, 0.0199367, 0.111196)
(0.14691, 0.0214425, 0.111489)
(0.146918, 0.0215527, 0.111509)
(0.147168, 0.0252512, 0.112141)
(0.147255, 0.0266978, 0.11237)
(0.14726, 0.0268006, 0.112384)
(0.147376, 0.0291279, 0.112713)
(0.147421, 0.0301785, 0.112847)
(0.14747, 0.0313422, 0.112997)
(0.147513, 0.0325129, 0.113133)
(0.147557, 0.0337065, 0.113272)
(0.147605, 0.0353655, 0.113445)
(0.147742, 0.0420827, 0.114033)
(0.147743, 0.0421783, 0.114039)
(0.147781, 0.0478398, 0.114369)
(0.147778, 0.0495766, 0.114439)
(0.14777, 0.050646, 0.114461)
(0.147764, 0.0514308, 0.114477)
(0.147745, 0.0527793, 0.114484)
(0.147726, 0.0538807, 0.11447)
(0.147711, 0.0547981, 0.114458)
(0.14771, 0.0548541, 0.114456)
(0.14769, 0.0562382, 0.114421)
(0.147688, 0.0565696, 0.11441)
(0.147679, 0.0576354, 0.114373)
(0.147678, 0.059048, 0.114318)
(0.147677, 0.0602945, 0.114269)
(0.147729, 0.0634586, 0.114137)
(0.147746, 0.0644905, 0.114094)
(0.147806, 0.0673279, 0.113971)
(0.147864, 0.0690679, 0.113883)
(0.147891, 0.0698835, 0.113842)
(0.147892, 0.0698965, 0.113841)
(0.148012, 0.0729507, 0.113668)
(0.148104, 0.0752145, 0.113533)
(0.14817, 0.0767603, 0.113434)
(0.148171, 0.0767863, 0.113433)
(0.148278, 0.0791031, 0.113267)
(0.148279, 0.0791226, 0.113265)
(0.148436, 0.0823188, 0.113017)
(0.148516, 0.0839203, 0.112893)
(0.148516, 0.0839203, 0.112893)
(0.148699, 0.087252, 0.11258)
(0.148724, 0.0876928, 0.112539)
(0.148725, 0.0877134, 0.112537)
(0.148873, 0.0901669, 0.11229)
(0.148874, 0.0901856, 0.112288)
(0.148998, 0.0919823, 0.112093)
(0.149069, 0.0930139, 0.111981)
(0.149257, 0.0953389, 0.111718)
(0.149579, 0.0984913, 0.111359)
(0.149963, 0.101425, 0.111026)
(0.15089, 0.106982, 0.110414)
(0.151161, 0.108475, 0.110256)
(0.151829, 0.11189, 0.109904)
(0.152002, 0.112778, 0.109812)
(0.152776, 0.116606, 0.109424)
(0.153371, 0.119413, 0.109144)
(0.153794, 0.121343, 0.108952)
(0.154122, 0.122814, 0.108808)
(0.154477, 0.124374, 0.108657)
(0.154723, 0.125435, 0.108552)
(0.154992, 0.126559, 0.108438)
(0.15519, 0.127373, 0.108356)
(0.155368, 0.128096, 0.108284)
(0.155901, 0.130171, 0.108081)
(0.156824, 0.133716, 0.107736)
(0.157874, 0.137576, 0.107372)
(0.158698, 0.140501, 0.107103)
(0.159392, 0.142897, 0.106889)
(0.159909, 0.144647, 0.106738)
(0.160446, 0.146436, 0.106586)
(0.160992, 0.148225, 0.10644)
(0.161644, 0.150327, 0.106275)
(0.162689, 0.1536, 0.106026)
(0.163926, 0.157352, 0.105753)
(0.164915, 0.160184, 0.105551)
(0.167106, 0.166374, 0.105101)
(0.168727, 0.170792, 0.104759)
(0.169795, 0.173635, 0.104527)
(0.171033, 0.17687, 0.104252)
(0.171922, 0.179122, 0.104046)
(0.172843, 0.181457, 0.103833)
(0.174625, 0.185832, 0.103403)
(0.175512, 0.187935, 0.103184)
(0.176369, 0.189969, 0.102973)
(0.179742, 0.197546, 0.102143)
(0.181578, 0.201451, 0.101709)
(0.182856, 0.204073, 0.101411)
(0.184071, 0.206531, 0.101128)
(0.185402, 0.209156, 0.100819)
(0.186309, 0.210868, 0.100608)
(0.186763, 0.211726, 0.100502)
(0.188955, 0.215673, 0.0999787)
(0.1902, 0.217792, 0.099674)
</SamplePoints>
<SampleFrames Num="169">((-0.823248, 0.380224, 0.421535, 0.113992), (-0.406932, 0.122485, -0.905209, -0.073773), (-0.395814, -0.916748, 0.053890, 0.076127), (0.000000, 0.000000, 0.000000, 1.000000)
((0.825446, -0.175730, -0.536430, 0.114194), (-0.405259, 0.477032, -0.779876, -0.073328), (-0.392942, -0.861139, -0.322548, 0.076371), (0.000000, 0.000000, 0.000000, 1.000000)
((0.827523, -0.178031, -0.532458, 0.114236), (-0.403815, 0.470149, -0.784789, -0.073239), (-0.390051, -0.864445, -0.317167, 0.076420), (0.000000, 0.000000, 0.000000, 1.000000)
((0.828931, -0.178634, -0.530060, 0.114276), (-0.402968, 0.466505, -0.787394, -0.073152), (-0.387931, -0.866293, -0.314716, 0.076468), (0.000000, 0.000000, 0.000000, 1.000000)
((0.827747, -0.178567, -0.531930, 0.114370), (-0.402730, 0.471028, -0.784819, -0.072952), (-0.390696, -0.863856, -0.317978, 0.076578), (0.000000, 0.000000, 0.000000, 1.000000)
((0.828980, -0.178551, -0.530012, 0.114528), (-0.403099, 0.466175, -0.787523, -0.072618), (-0.387691, -0.866488, -0.314476, 0.076762), (0.000000, 0.000000, 0.000000, 1.000000)
((0.831314, -0.178471, -0.526370, 0.114795), (-0.403818, 0.456786, -0.792640, -0.072062), (-0.381902, -0.871490, -0.307663, 0.077066), (0.000000, 0.000000, 0.000000, 1.000000)
((0.831258, -0.178456, -0.526463, 0.115001), (-0.403939, 0.456723, -0.792615, -0.071642), (-0.381894, -0.871526, -0.307569, 0.077295), (0.000000, 0.000000, 0.000000, 1.000000)
((0.833688, -0.181010, -0.521728, 0.115415), (-0.401266, 0.450525, -0.797504, -0.070803), (-0.379407, -0.874221, -0.302964, 0.077749), (0.000000, 0.000000, 0.000000, 1.000000)
((0.834833, -0.180809, -0.519964, 0.115630), (-0.401737, 0.445674, -0.799989, -0.070376), (-0.376380, -0.876745, -0.299426, 0.077976), (0.000000, 0.000000, 0.000000, 1.000000)
((0.835973, -0.180625, -0.518192, 0.115908), (-0.402079, 0.441036, -0.802384, -0.069823), (-0.373472, -0.879126, -0.296068, 0.078270), (0.000000, 0.000000, 0.000000, 1.000000)
((0.835923, -0.180669, -0.518258, 0.116081), (-0.402074, 0.441163, -0.802316, -0.069486), (-0.373590, -0.879053, -0.296137, 0.078446), (0.000000, 0.000000, 0.000000, 1.000000)
((0.836854, -0.182681, -0.516046, 0.116557), (-0.400476, 0.438394, -0.804630, -0.068558), (-0.373222, -0.880022, -0.293712, 0.078930), (0.000000, 0.000000, 0.000000, 1.000000)
((0.836854, -0.182681, -0.516046, 0.116622), (-0.400476, 0.438394, -0.804630, -0.068432), (-0.373222, -0.880022, -0.293712, 0.078995), (0.000000, 0.000000, 0.000000, 1.000000)
((0.836854, -0.182681, -0.516046, 0.116629), (-0.400476, 0.438394, -0.804630, -0.068418), (-0.373222, -0.880022, -0.293712, 0.079002), (0.000000, 0.000000, 0.000000, 1.000000)
((0.842511, -0.184179, -0.506214, 0.118016), (-0.398726, 0.418651, -0.815935, -0.065788), (-0.362205, -0.889275, -0.279281, 0.080309), (0.000000, 0.000000, 0.000000, 1.000000)
((0.843611, -0.183744, -0.504538, 0.118536), (-0.399159, 0.413896, -0.818146, -0.064809), (-0.359156, -0.891587, -0.275824, 0.080785), (0.000000, 0.000000, 0.000000, 1.000000)
((0.845959, -0.185754, -0.499849, 0.119224), (-0.396552, 0.407546, -0.822589, -0.063520), (-0.356511, -0.894093, -0.271106, 0.081408), (0.000000, 0.000000, 0.000000, 1.000000)
((0.847342, -0.185459, -0.497610, 0.120156), (-0.396308, 0.402885, -0.824999, -0.061786), (-0.353483, -0.896264, -0.267883, 0.082234), (0.000000, 0.000000, 0.000000, 1.000000)
((0.847342, -0.185459, -0.497610, 0.120163), (-0.396308, 0.402885, -0.824999, -0.061774), (-0.353483, -0.896264, -0.267883, 0.082239), (0.000000, 0.000000, 0.000000, 1.000000)
((0.848324, -0.185019, -0.496099, 0.121101), (-0.396713, 0.398428, -0.826967, -0.060031), (-0.350664, -0.898345, -0.264597, 0.083059), (0.000000, 0.000000, 0.000000, 1.000000)
((0.848324, -0.185019, -0.496099, 0.121112), (-0.396713, 0.398428, -0.826967, -0.060010), (-0.350664, -0.898345, -0.264597, 0.083069), (0.000000, 0.000000, 0.000000, 1.000000)
((0.849300, -0.186954, -0.493698, 0.122015), (-0.394830, 0.395830, -0.829113, -0.058324), (-0.350426, -0.899092, -0.262363, 0.083850), (0.000000, 0.000000, 0.000000, 1.000000)
((0.849254, -0.187015, -0.493754, 0.122197), (-0.394823, 0.395945, -0.829061, -0.057982), (-0.350547, -0.899029, -0.262420, 0.084006), (0.000000, 0.000000, 0.000000, 1.000000)
((0.850282, -0.186530, -0.492166, 0.122372), (-0.395102, 0.391581, -0.830999, -0.057655), (-0.347729, -0.901039, -0.259255, 0.084156), (0.000000, 0.000000, 0.000000, 1.000000)
((0.851303, -0.186019, -0.490592, 0.122675), (-0.395376, 0.387230, -0.832905, -0.057086), (-0.344908, -0.903023, -0.256102, 0.084417), (0.000000, 0.000000, 0.000000, 1.000000)
((0.852407, -0.185352, -0.488925, 0.123160), (-0.395660, 0.382668, -0.834876, -0.056166), (-0.341842, -0.905102, -0.252852, 0.084836), (0.000000, 0.000000, 0.000000, 1.000000)
((0.853433, -0.184500, -0.487454, 0.124235), (-0.396407, 0.377453, -0.836893, -0.054071), (-0.338398, -0.907463, -0.248994, 0.085781), (0.000000, 0.000000, 0.000000, 1.000000)
((0.856661, -0.185535, -0.481361, 0.124882), (-0.393995, 0.367031, -0.842648, -0.052799), (-0.333015, -0.911518, -0.241322, 0.086353), (0.000000, 0.000000, 0.000000, 1.000000)
((0.856661, -0.185535, -0.481361, 0.124901), (-0.393995, 0.367031, -0.842648, -0.052759), (-0.333015, -0.911518, -0.241322, 0.086371), (0.000000, 0.000000, 0.000000, 1.000000)
((0.858062, -0.184830, -0.479131, 0.125917), (-0.393622, 0.362521, -0.844773, -0.050708), (-0.329834, -0.913464, -0.238312, 0.087284), (0.000000, 0.000000, 0.000000, 1.000000)
((0.859951, -0.185885, -0.475321, 0.126517), (-0.392166, 0.355366, -0.848481, -0.049495), (-0.326633, -0.916058, -0.232700, 0.087824), (0.000000, 0.000000, 0.000000, 1.000000)
((0.863196, -0.183599, -0.470301, 0.127688), (-0.392238, 0.342623, -0.853674, -0.047047), (-0.317870, -0.921358, -0.223736, 0.088893), (0.000000, 0.000000, 0.000000, 1.000000)
((0.864484, -0.183020, -0.468158, 0.128208), (-0.391489, 0.339032, -0.855450, -0.045942), (-0.315285, -0.922801, -0.221437, 0.089372), (0.000000, 0.000000, 0.000000, 1.000000)
((0.864484, -0.183020, -0.468158, 0.128229), (-0.391489, 0.339032, -0.855450, -0.045897), (-0.315285, -0.922801, -0.221437, 0.089391), (0.000000, 0.000000, 0.000000, 1.000000)
((0.866371, -0.183765, -0.464363, 0.129218), (-0.389990, 0.331857, -0.858940, -0.043754), (-0.311945, -0.925257, -0.215845, 0.090307), (0.000000, 0.000000, 0.000000, 1.000000)
((0.867284, -0.182771, -0.463047, 0.129694), (-0.390429, 0.327334, -0.860475, -0.042695), (-0.308841, -0.927064, -0.212532, 0.090751), (0.000000, 0.000000, 0.000000, 1.000000)
((0.868498, -0.182109, -0.461030, 0.130231), (-0.389778, 0.323710, -0.862140, -0.041498), (-0.306243, -0.928465, -0.210160, 0.091254), (0.000000, 0.000000, 0.000000, 1.000000)
((0.868498, -0.182109, -0.461030, 0.130265), (-0.389778, 0.323710, -0.862140, -0.041422), (-0.306243, -0.928465, -0.210160, 0.091285), (0.000000, 0.000000, 0.000000, 1.000000)
((0.874000, -0.179927, -0.451386, 0.132496), (-0.386741, 0.304846, -0.870345, -0.036280), (-0.294202, -0.935251, -0.196851, 0.093381), (0.000000, 0.000000, 0.000000, 1.000000)
((0.874000, -0.179927, -0.451386, 0.132530), (-0.386741, 0.304846, -0.870345, -0.036194), (-0.294202, -0.935251, -0.196851, 0.093415), (0.000000, 0.000000, 0.000000, 1.000000)
((0.875698, -0.177108, -0.449206, 0.134184), (-0.388334, 0.294567, -0.873171, -0.032124), (-0.286967, -0.939076, -0.189175, 0.095017), (0.000000, 0.000000, 0.000000, 1.000000)
((0.877784, -0.174684, -0.446073, 0.135091), (-0.388194, 0.286264, -0.875990, -0.029807), (-0.280716, -0.942093, -0.183467, 0.095904), (0.000000, 0.000000, 0.000000, 1.000000)
((0.878601, -0.173389, -0.444968, 0.135560), (-0.388686, 0.281716, -0.877245, -0.028557), (-0.277459, -0.943702, -0.180122, 0.096372), (0.000000, 0.000000, 0.000000, 1.000000)
((0.878566, -0.173164, -0.445125, 0.136079), (-0.389118, 0.280922, -0.877308, -0.027100), (-0.276963, -0.943979, -0.179428, 0.096901), (0.000000, 0.000000, 0.000000, 1.000000)
((0.878449, -0.169701, -0.446686, 0.136884), (-0.392386, 0.277289, -0.877008, -0.024716), (-0.272690, -0.945681, -0.176996, 0.097740), (0.000000, 0.000000, 0.000000, 1.000000)
((0.879582, -0.168540, -0.444892, 0.137323), (-0.391923, 0.273406, -0.878434, -0.023413), (-0.269687, -0.947018, -0.174428, 0.098199), (0.000000, 0.000000, 0.000000, 1.000000)
((0.879554, -0.168372, -0.445011, 0.137720), (-0.392243, 0.272806, -0.878477, -0.022178), (-0.269313, -0.947221, -0.173905, 0.098624), (0.000000, 0.000000, 0.000000, 1.000000)
((0.880649, -0.167018, -0.443354, 0.138593), (-0.392094, 0.268343, -0.879917, -0.019385), (-0.265933, -0.948734, -0.170830, 0.099576), (0.000000, 0.000000, 0.000000, 1.000000)
((0.880601, -0.166739, -0.443554, 0.139031), (-0.392624, 0.267344, -0.879985, -0.017942), (-0.265309, -0.949066, -0.169957, 0.100064), (0.000000, 0.000000, 0.000000, 1.000000)
((0.880838, -0.166857, -0.443038, 0.139534), (-0.392080, 0.267367, -0.880220, -0.016209), (-0.265325, -0.949038, -0.170086, 0.100642), (0.000000, 0.000000, 0.000000, 1.000000)
((0.881952, -0.165644, -0.441274, 0.139990), (-0.391600, 0.263523, -0.881592, -0.014632), (-0.262316, -0.950325, -0.167548, 0.101167), (0.000000, 0.000000, 0.000000, 1.000000)
((0.882955, -0.164376, -0.439739, 0.141153), (-0.391509, 0.259064, -0.882953, -0.010377), (-0.259057, -0.951770, -0.164388, 0.102564), (0.000000, 0.000000, 0.000000, 1.000000)
((0.883751, -0.162929, -0.438679, 0.141503), (-0.391871, 0.254716, -0.884057, -0.009037), (-0.255777, -0.953191, -0.161258, 0.103003), (0.000000, 0.000000, 0.000000, 1.000000)
((0.884857, -0.161756, -0.436878, 0.141813), (-0.391169, 0.251332, -0.885336, -0.007848), (-0.253010, -0.954289, -0.159119, 0.103392), (0.000000, 0.000000, 0.000000, 1.000000)
((0.884623, -0.158648, -0.438489, 0.142341), (-0.394043, 0.248493, -0.884862, -0.005748), (-0.249343, -0.955553, -0.157309, 0.104077), (0.000000, 0.000000, 0.000000, 1.000000)
((0.885634, -0.157535, -0.436846, 0.142796), (-0.393513, 0.244900, -0.886099, -0.003872), (-0.246575, -0.956664, -0.154900, 0.104683), (0.000000, 0.000000, 0.000000, 1.000000)
((0.888105, -0.153019, -0.433422, 0.143830), (-0.394077, 0.231874, -0.889347, 0.000584), (-0.236586, -0.960635, -0.145628, 0.106110), (0.000000, 0.000000, 0.000000, 1.000000)
((0.889133, -0.151834, -0.431729, 0.144045), (-0.393342, 0.228677, -0.890499, 0.001551), (-0.233934, -0.961589, -0.143601, 0.106415), (0.000000, 0.000000, 0.000000, 1.000000)
((0.889022, -0.151765, -0.431981, 0.144341), (-0.393814, 0.227814, -0.890512, 0.002875), (-0.233560, -0.961805, -0.142765, 0.106833), (0.000000, 0.000000, 0.000000, 1.000000)
((0.889690, -0.150188, -0.431155, 0.144535), (-0.394322, 0.223235, -0.891446, 0.003752), (-0.230133, -0.963125, -0.139387, 0.107109), (0.000000, 0.000000, 0.000000, 1.000000)
((0.891411, -0.147628, -0.428477, 0.144714), (-0.393583, 0.216537, -0.893423, 0.004602), (-0.224676, -0.965048, -0.134920, 0.107371), (0.000000, 0.000000, 0.000000, 1.000000)
((0.892113, -0.146065, -0.427550, 0.144884), (-0.393796, 0.212532, -0.894290, 0.005413), (-0.221493, -0.966175, -0.132083, 0.107621), (0.000000, 0.000000, 0.000000, 1.000000)
((0.892818, -0.144543, -0.426595, 0.144963), (-0.393907, 0.208743, -0.895133, 0.005813), (-0.218434, -0.967230, -0.129433, 0.107741), (0.000000, 0.000000, 0.000000, 1.000000)
((0.893113, -0.142659, -0.426612, 0.145277), (-0.395413, 0.203197, -0.895745, 0.007571), (-0.214472, -0.968690, -0.125069, 0.108250), (0.000000, 0.000000, 0.000000, 1.000000)
((0.895690, -0.141200, -0.421666, 0.145413), (-0.392566, 0.194347, -0.898956, 0.008374), (-0.208882, -0.970717, -0.118644, 0.108477), (0.000000, 0.000000, 0.000000, 1.000000)
((0.896545, -0.139840, -0.420300, 0.145885), (-0.392156, 0.190620, -0.899932, 0.011660), (-0.205964, -0.971653, -0.116060, 0.109328), (0.000000, 0.000000, 0.000000, 1.000000)
((0.896185, -0.139670, -0.421124, 0.145986), (-0.393250, 0.189455, -0.899701, 0.012381), (-0.205445, -0.971905, -0.114862, 0.109512), (0.000000, 0.000000, 0.000000, 1.000000)
((0.896497, -0.139841, -0.420401, 0.146110), (-0.392329, 0.190279, -0.899929, 0.013385), (-0.205840, -0.971719, -0.115721, 0.109755), (0.000000, 0.000000, 0.000000, 1.000000)
((0.896447, -0.139627, -0.420579, 0.146239), (-0.392708, 0.189455, -0.899937, 0.014430), (-0.205336, -0.971911, -0.115003, 0.110008), (0.000000, 0.000000, 0.000000, 1.000000)
((0.896447, -0.139627, -0.420579, 0.146250), (-0.392708, 0.189455, -0.899937, 0.014529), (-0.205336, -0.971911, -0.115003, 0.110031), (0.000000, 0.000000, 0.000000, 1.000000)
((0.897359, -0.138519, -0.418998, 0.146491), (-0.391815, 0.186771, -0.900887, 0.016733), (-0.203047, -0.972589, -0.113326, 0.110530), (0.000000, 0.000000, 0.000000, 1.000000)
((0.897302, -0.138684, -0.419064, 0.146622), (-0.391876, 0.186705, -0.900874, 0.018102), (-0.203178, -0.972578, -0.113184, 0.110821), (0.000000, 0.000000, 0.000000, 1.000000)
((0.897290, -0.138630, -0.419109, 0.146722), (-0.391970, 0.186499, -0.900876, 0.019146), (-0.203052, -0.972625, -0.113005, 0.111042), (0.000000, 0.000000, 0.000000, 1.000000)
((0.898252, -0.137343, -0.417469, 0.146787), (-0.391013, 0.183895, -0.901827, 0.019937), (-0.200630, -0.973303, -0.111481, 0.111196), (0.000000, 0.000000, 0.000000, 1.000000)
((0.898192, -0.137292, -0.417615, 0.146910), (-0.391278, 0.183345, -0.901824, 0.021443), (-0.200381, -0.973414, -0.110959, 0.111489), (0.000000, 0.000000, 0.000000, 1.000000)
((0.898192, -0.137292, -0.417615, 0.146918), (-0.391278, 0.183345, -0.901824, 0.021553), (-0.200381, -0.973414, -0.110959, 0.111509), (0.000000, 0.000000, 0.000000, 1.000000)
((0.899981, -0.134783, -0.414570, 0.147168), (-0.389677, 0.177568, -0.903671, 0.025251), (-0.195414, -0.974835, -0.107286, 0.112141), (0.000000, 0.000000, 0.000000, 1.000000)
((0.899306, -0.136492, -0.415473, 0.147255), (-0.389678, 0.181105, -0.902968, 0.026698), (-0.198492, -0.973946, -0.109681, 0.112370), (0.000000, 0.000000, 0.000000, 1.000000)
((0.899306, -0.136492, -0.415473, 0.147260), (-0.389678, 0.181105, -0.902968, 0.026801), (-0.198492, -0.973946, -0.109681, 0.112384), (0.000000, 0.000000, 0.000000, 1.000000)
((0.900184, -0.135068, -0.414035, 0.147376), (-0.389067, 0.177775, -0.903893, 0.029128), (-0.195692, -0.974758, -0.107480, 0.112713), (0.000000, 0.000000, 0.000000, 1.000000)
((0.900097, -0.135294, -0.414152, 0.147421), (-0.389201, 0.177566, -0.903876, 0.030178), (-0.195828, -0.974765, -0.107170, 0.112847), (0.000000, 0.000000, 0.000000, 1.000000)
((0.901027, -0.133903, -0.412578, 0.147470), (-0.388324, 0.174804, -0.904792, 0.031342), (-0.193275, -0.975456, -0.105505, 0.112997), (0.000000, 0.000000, 0.000000, 1.000000)
((0.900994, -0.133962, -0.412632, 0.147513), (-0.388399, 0.174665, -0.904786, 0.032513), (-0.193279, -0.975472, -0.105342, 0.113133), (0.000000, 0.000000, 0.000000, 1.000000)
((0.901884, -0.135410, -0.410206, 0.147557), (-0.386192, 0.172722, -0.906103, 0.033707), (-0.193547, -0.975618, -0.103481, 0.113272), (0.000000, 0.000000, 0.000000, 1.000000)
((0.902798, -0.134155, -0.408604, 0.147605), (-0.385202, 0.170255, -0.906991, 0.035366), (-0.191244, -0.976225, -0.102029, 0.113445), (0.000000, 0.000000, 0.000000, 1.000000)
((0.904099, -0.131802, -0.406489, 0.147742), (-0.384586, 0.163689, -0.908460, 0.042083), (-0.186274, -0.977668, -0.097302, 0.114033), (0.000000, 0.000000, 0.000000, 1.000000)
((0.904099, -0.131802, -0.406489, 0.147743), (-0.384586, 0.163689, -0.908460, 0.042178), (-0.186274, -0.977668, -0.097302, 0.114039), (0.000000, 0.000000, 0.000000, 1.000000)
((0.904858, -0.128376, -0.405896, 0.147781), (-0.384882, 0.160760, -0.908858, 0.047840), (-0.181927, -0.978609, -0.096055, 0.114369), (0.000000, 0.000000, 0.000000, 1.000000)
((0.906053, -0.130092, -0.402671, 0.147778), (-0.381626, 0.159942, -0.910374, 0.049577), (-0.182836, -0.978517, -0.095269, 0.114439), (0.000000, 0.000000, 0.000000, 1.000000)
((0.906610, -0.128558, -0.401909, 0.147770), (-0.381646, 0.156506, -0.910962, 0.050646), (-0.180013, -0.979275, -0.092826, 0.114461), (0.000000, 0.000000, 0.000000, 1.000000)
((0.906586, -0.128840, -0.401873, 0.147764), (-0.381521, 0.156843, -0.910957, 0.051431), (-0.180399, -0.979183, -0.093037, 0.114477), (0.000000, 0.000000, 0.000000, 1.000000)
((0.906598, -0.128893, -0.401828, 0.147745), (-0.381432, 0.157052, -0.910958, 0.052779), (-0.180524, -0.979143, -0.093219, 0.114484), (0.000000, 0.000000, 0.000000, 1.000000)
((0.907476, -0.127552, -0.400272, 0.147726), (-0.380431, 0.154678, -0.911782, 0.053881), (-0.178213, -0.979697, -0.091842, 0.114470), (0.000000, 0.000000, 0.000000, 1.000000)
((0.906820, -0.129621, -0.401093, 0.147711), (-0.380409, 0.158210, -0.911185, 0.054798), (-0.181566, -0.978860, -0.094159, 0.114458), (0.000000, 0.000000, 0.000000, 1.000000)
((0.906820, -0.129621, -0.401093, 0.147710), (-0.380409, 0.158210, -0.911185, 0.054854), (-0.181566, -0.978860, -0.094159, 0.114456), (0.000000, 0.000000, 0.000000, 1.000000)
((0.907669, -0.128345, -0.399580, 0.147690), (-0.379476, 0.155689, -0.912008, 0.056238), (-0.179262, -0.979433, -0.092611, 0.114421), (0.000000, 0.000000, 0.000000, 1.000000)
((0.907682, -0.128397, -0.399535, 0.147688), (-0.379387, 0.155899, -0.912009, 0.056570), (-0.179386, -0.979393, -0.092794, 0.114410), (0.000000, 0.000000, 0.000000, 1.000000)
((0.907645, -0.128628, -0.399544, 0.147679), (-0.379351, 0.156025, -0.912003, 0.057635), (-0.179648, -0.979342, -0.092820, 0.114373), (0.000000, 0.000000, 0.000000, 1.000000)
((0.907035, -0.130523, -0.400315, 0.147678), (-0.379274, 0.159635, -0.911410, 0.059048), (-0.182864, -0.978509, -0.095291, 0.114318), (0.000000, 0.000000, 0.000000, 1.000000)
((0.906985, -0.130700, -0.400371, 0.147677), (-0.379328, 0.159555, -0.911401, 0.060295), (-0.183001, -0.978499, -0.095136, 0.114269), (0.000000, 0.000000, 0.000000, 1.000000)
((0.908697, -0.130975, -0.396377, 0.147729), (-0.376073, 0.155336, -0.913477, 0.063459), (-0.181214, -0.979141, -0.091898, 0.114137), (0.000000, 0.000000, 0.000000, 1.000000)
((0.909280, -0.129340, -0.395578, 0.147746), (-0.376018, 0.152087, -0.914046, 0.064490), (-0.178385, -0.979868, -0.089656, 0.114094), (0.000000, 0.000000, 0.000000, 1.000000)
((0.910111, -0.128195, -0.394035, 0.147806), (-0.374973, 0.149869, -0.914841, 0.067328), (-0.176332, -0.980360, -0.088327, 0.113971), (0.000000, 0.000000, 0.000000, 1.000000)
((0.910972, -0.126803, -0.392493, 0.147864), (-0.373963, 0.147544, -0.915632, 0.069068), (-0.174015, -0.980893, -0.086988, 0.113883), (0.000000, 0.000000, 0.000000, 1.000000)
((0.910937, -0.127038, -0.392497, 0.147891), (-0.373925, 0.147666, -0.915628, 0.069884), (-0.174278, -0.980845, -0.087012, 0.113842), (0.000000, 0.000000, 0.000000, 1.000000)
((0.910937, -0.127038, -0.392497, 0.147892), (-0.373925, 0.147666, -0.915628, 0.069896), (-0.174278, -0.980845, -0.087012, 0.113841), (0.000000, 0.000000, 0.000000, 1.000000)
((0.910884, -0.127392, -0.392506, 0.148012), (-0.373870, 0.147849, -0.915621, 0.072951), (-0.174674, -0.980771, -0.087045, 0.113668), (0.000000, 0.000000, 0.000000, 1.000000)
((0.911435, -0.125669, -0.391781, 0.148104), (-0.373897, 0.144426, -0.916156, 0.075214), (-0.171716, -0.981503, -0.084647, 0.113533), (0.000000, 0.000000, 0.000000, 1.000000)
((0.912296, -0.124304, -0.390211, 0.148170), (-0.372799, 0.142341, -0.916930, 0.076760), (-0.169521, -0.981981, -0.083517, 0.113434), (0.000000, 0.000000, 0.000000, 1.000000)
((0.912296, -0.124304, -0.390211, 0.148171), (-0.372799, 0.142341, -0.916930, 0.076786), (-0.169521, -0.981981, -0.083517, 0.113433), (0.000000, 0.000000, 0.000000, 1.000000)
((0.912245, -0.124659, -0.390217, 0.148278), (-0.372743, 0.142522, -0.916924, 0.079103), (-0.169917, -0.981910, -0.083549, 0.113267), (0.000000, 0.000000, 0.000000, 1.000000)
((0.912245, -0.124659, -0.390217, 0.148279), (-0.372743, 0.142522, -0.916924, 0.079123), (-0.169917, -0.981910, -0.083549, 0.113265), (0.000000, 0.000000, 0.000000, 1.000000)
((0.912749, -0.123153, -0.389516, 0.148436), (-0.372728, 0.139242, -0.917434, 0.082319), (-0.167222, -0.982571, -0.081190, 0.113017), (0.000000, 0.000000, 0.000000, 1.000000)
((0.912153, -0.125028, -0.390313, 0.148516), (-0.372839, 0.142342, -0.916913, 0.083920), (-0.170198, -0.981889, -0.083222, 0.112893), (0.000000, 0.000000, 0.000000, 1.000000)
((0.912153, -0.125028, -0.390313, 0.148516), (-0.372839, 0.142342, -0.916913, 0.083920), (-0.170198, -0.981889, -0.083222, 0.112893), (0.000000, 0.000000, 0.000000, 1.000000)
((0.914429, -0.123135, -0.385562, 0.148699), (-0.369457, 0.135089, -0.919376, 0.087252), (-0.165292, -0.983153, -0.078036, 0.112580), (0.000000, 0.000000, 0.000000, 1.000000)
((0.914429, -0.123135, -0.385562, 0.148724), (-0.369457, 0.135089, -0.919376, 0.087693), (-0.165292, -0.983153, -0.078036, 0.112539), (0.000000, 0.000000, 0.000000, 1.000000)
((0.914429, -0.123135, -0.385562, 0.148725), (-0.369457, 0.135089, -0.919376, 0.087713), (-0.165292, -0.983153, -0.078036, 0.112537), (0.000000, 0.000000, 0.000000, 1.000000)
((0.914380, -0.123494, -0.385563, 0.148873), (-0.369400, 0.135264, -0.919373, 0.090167), (-0.165690, -0.983083, -0.078064, 0.112290), (0.000000, 0.000000, 0.000000, 1.000000)
((0.914380, -0.123494, -0.385563, 0.148874), (-0.369400, 0.135264, -0.919373, 0.090186), (-0.165690, -0.983083, -0.078064, 0.112288), (0.000000, 0.000000, 0.000000, 1.000000)
((0.915236, -0.121958, -0.384017, 0.148998), (-0.368318, 0.133170, -0.920113, 0.091982), (-0.163355, -0.983561, -0.076962, 0.112093), (0.000000, 0.000000, 0.000000, 1.000000)
((0.915236, -0.121959, -0.384016, 0.149069), (-0.368317, 0.133170, -0.920113, 0.093014), (-0.163355, -0.983561, -0.076962, 0.111981), (0.000000, 0.000000, 0.000000, 1.000000)
((0.914632, -0.124166, -0.384748, 0.149257), (-0.368309, 0.136552, -0.919621, 0.095339), (-0.166724, -0.982821, -0.079163, 0.111718), (0.000000, 0.000000, 0.000000, 1.000000)
((0.916845, -0.122245, -0.380068, 0.149579), (-0.364980, 0.129211, -0.922006, 0.098491), (-0.161820, -0.984053, -0.073849, 0.111359), (0.000000, 0.000000, 0.000000, 1.000000)
((0.919068, -0.119861, -0.375430, 0.149963), (-0.361690, 0.121777, -0.924311, 0.101425), (-0.156508, -0.985294, -0.068568, 0.111026), (0.000000, 0.000000, 0.000000, 1.000000)
((0.922361, -0.116068, -0.368481, 0.150890), (-0.356199, 0.113775, -0.927458, 0.106982), (-0.149572, -0.986703, -0.063598, 0.110414), (0.000000, 0.000000, 0.000000, 1.000000)
((0.922337, -0.115964, -0.368573, 0.151161), (-0.356363, 0.113353, -0.927446, 0.108475), (-0.149329, -0.986764, -0.063225, 0.110256), (0.000000, 0.000000, 0.000000, 1.000000)
((0.924752, -0.113450, -0.363267, 0.151829), (-0.352133, 0.106974, -0.929817, 0.111890), (-0.144348, -0.987768, -0.058975, 0.109904), (0.000000, 0.000000, 0.000000, 1.000000)
((0.924739, -0.113576, -0.363261, 0.152002), (-0.352112, 0.107025, -0.929819, 0.112778), (-0.144483, -0.987748, -0.058978, 0.109812), (0.000000, 0.000000, 0.000000, 1.000000)
((0.926137, -0.114649, -0.359340, 0.152776), (-0.348226, 0.106199, -0.931375, 0.116606), (-0.144943, -0.987713, -0.058431, 0.109424), (0.000000, 0.000000, 0.000000, 1.000000)
((0.926098, -0.114851, -0.359375, 0.153371), (-0.348266, 0.106088, -0.931373, 0.119413), (-0.145095, -0.987702, -0.058250, 0.109144), (0.000000, 0.000000, 0.000000, 1.000000)
((0.926879, -0.112945, -0.357965, 0.153794), (-0.347274, 0.103926, -0.931987, 0.121343), (-0.142465, -0.988151, -0.057104, 0.108952), (0.000000, 0.000000, 0.000000, 1.000000)
((0.926867, -0.112893, -0.358012, 0.154122), (-0.347355, 0.103715, -0.931980, 0.122814), (-0.142345, -0.988179, -0.056916, 0.108808), (0.000000, 0.000000, 0.000000, 1.000000)
((0.927971, -0.113884, -0.354824, 0.154477), (-0.344305, 0.102235, -0.933275, 0.124374), (-0.142561, -0.988220, -0.055660, 0.108657), (0.000000, 0.000000, 0.000000, 1.000000)
((0.928728, -0.112079, -0.353416, 0.154723), (-0.343289, 0.100150, -0.933875, 0.125435), (-0.140062, -0.988640, -0.054537, 0.108552), (0.000000, 0.000000, 0.000000, 1.000000)
((0.929190, -0.110146, -0.352809, 0.154992), (-0.343191, 0.097248, -0.934218, 0.126559), (-0.137210, -0.989147, -0.052561, 0.108438), (0.000000, 0.000000, 0.000000, 1.000000)
((0.931217, -0.107164, -0.348354, 0.155190), (-0.339793, 0.090408, -0.936145, 0.127373), (-0.131815, -0.990122, -0.047775, 0.108356), (0.000000, 0.000000, 0.000000, 1.000000)
((0.931217, -0.107164, -0.348354, 0.155368), (-0.339793, 0.090408, -0.936145, 0.128096), (-0.131815, -0.990122, -0.047775, 0.108284), (0.000000, 0.000000, 0.000000, 1.000000)
((0.932664, -0.103290, -0.345643, 0.155901), (-0.337781, 0.086351, -0.937255, 0.130171), (-0.126656, -0.990896, -0.045647, 0.108081), (0.000000, 0.000000, 0.000000, 1.000000)
((0.934140, -0.102263, -0.341943, 0.156824), (-0.334668, 0.081933, -0.938767, 0.133716), (-0.124018, -0.991377, -0.042313, 0.107736), (0.000000, 0.000000, 0.000000, 1.000000)
((0.936334, -0.098785, -0.336928, 0.157874), (-0.330539, 0.075642, -0.940756, 0.137576), (-0.118418, -0.992230, -0.038174, 0.107372), (0.000000, 0.000000, 0.000000, 1.000000)
((0.936147, -0.100842, -0.336837, 0.158698), (-0.330028, 0.078436, -0.940707, 0.140501), (-0.121283, -0.991806, -0.040147, 0.107103), (0.000000, 0.000000, 0.000000, 1.000000)
((0.936808, -0.098798, -0.335604, 0.159392), (-0.329155, 0.076087, -0.941206, 0.142897), (-0.118524, -0.992194, -0.038759, 0.106889), (0.000000, 0.000000, 0.000000, 1.000000)
((0.937078, -0.099029, -0.334781, 0.159909), (-0.328215, 0.076961, -0.941463, 0.144647), (-0.118997, -0.992104, -0.039616, 0.106738), (0.000000, 0.000000, 0.000000, 1.000000)
((0.937762, -0.096757, -0.333528, 0.160446), (-0.327306, 0.074758, -0.941957, 0.146436), (-0.116075, -0.992497, -0.038436, 0.106586), (0.000000, 0.000000, 0.000000, 1.000000)
((0.938792, -0.097727, -0.330331, 0.160992), (-0.324224, 0.073338, -0.943133, 0.148225), (-0.116395, -0.992507, -0.037164, 0.106440), (0.000000, 0.000000, 0.000000, 1.000000)
((0.939058, -0.097774, -0.329562, 0.161644), (-0.323378, 0.073948, -0.943376, 0.150327), (-0.116608, -0.992458, -0.037824, 0.106275), (0.000000, 0.000000, 0.000000, 1.000000)
((0.939686, -0.095453, -0.328450, 0.162689), (-0.322668, 0.071184, -0.943832, 0.153600), (-0.113472, -0.992886, -0.036091, 0.106026), (0.000000, 0.000000, 0.000000, 1.000000)
((0.939586, -0.097502, -0.328134, 0.163926), (-0.321871, 0.074657, -0.943835, 0.157352), (-0.116523, -0.992431, -0.038763, 0.105753), (0.000000, 0.000000, 0.000000, 1.000000)
((0.939830, -0.097450, -0.327450, 0.164915), (-0.321165, 0.074835, -0.944062, 0.160184), (-0.116504, -0.992423, -0.039034, 0.105551), (0.000000, 0.000000, 0.000000, 1.000000)
((0.940468, -0.099568, -0.324970, 0.167106), (-0.318086, 0.079034, -0.944762, 0.166374), (-0.119752, -0.991887, -0.042658, 0.105101), (0.000000, 0.000000, 0.000000, 1.000000)
((0.940759, -0.099176, -0.324248, 0.168727), (-0.317348, 0.079283, -0.944989, 0.170792), (-0.119428, -0.991906, -0.043113, 0.104759), (0.000000, 0.000000, 0.000000, 1.000000)
((0.941063, -0.099025, -0.323411, 0.169795), (-0.316428, 0.079994, -0.945238, 0.173635), (-0.119473, -0.991865, -0.043945, 0.104527), (0.000000, 0.000000, 0.000000, 1.000000)
((0.941565, -0.099142, -0.321910, 0.171033), (-0.314849, 0.080546, -0.945718, 0.176870), (-0.119689, -0.991808, -0.044624, 0.104252), (0.000000, 0.000000, 0.000000, 1.000000)
((0.941827, -0.098974, -0.321196, 0.171922), (-0.314126, 0.080653, -0.945949, 0.179122), (-0.119530, -0.991816, -0.044871, 0.104046), (0.000000, 0.000000, 0.000000, 1.000000)
((0.942792, -0.099910, -0.318058, 0.172843), (-0.311149, 0.078853, -0.947084, 0.181457), (-0.119703, -0.991867, -0.043255, 0.103833), (0.000000, 0.000000, 0.000000, 1.000000)
((0.943084, -0.099523, -0.317314, 0.174625), (-0.310391, 0.079084, -0.947314, 0.185832), (-0.119374, -0.991888, -0.043692, 0.103403), (0.000000, 0.000000, 0.000000, 1.000000)
((0.944077, -0.100287, -0.314103, 0.175512), (-0.307312, 0.077594, -0.948440, 0.187935), (-0.119489, -0.991928, -0.042435, 0.103184), (0.000000, 0.000000, 0.000000, 1.000000)
((0.944334, -0.099931, -0.313444, 0.176369), (-0.306685, 0.077434, -0.948656, 0.189969), (-0.119071, -0.991977, -0.042476, 0.102973), (0.000000, 0.000000, 0.000000, 1.000000)
((0.947877, -0.093997, -0.304458, 0.179742), (-0.299226, 0.065820, -0.951909, 0.197546), (-0.109516, -0.993394, -0.034262, 0.102143), (0.000000, 0.000000, 0.000000, 1.000000)
((0.949182, -0.091386, -0.301168, 0.181578), (-0.296575, 0.060569, -0.953087, 0.201451), (-0.105340, -0.993972, -0.030389, 0.101709), (0.000000, 0.000000, 0.000000, 1.000000)
((0.950970, -0.089721, -0.295984, 0.182856), (-0.291772, 0.057199, -0.954776, 0.204073), (-0.102593, -0.994323, -0.028216, 0.101411), (0.000000, 0.000000, 0.000000, 1.000000)
((0.951490, -0.092567, -0.293424, 0.184071), (-0.289113, 0.057275, -0.955580, 0.206531), (-0.105261, -0.994058, -0.027734, 0.101128), (0.000000, 0.000000, 0.000000, 1.000000)
((0.952648, -0.093117, -0.289467, 0.185402), (-0.285265, 0.055944, -0.956815, 0.209156), (-0.105290, -0.994082, -0.026732, 0.100819), (0.000000, 0.000000, 0.000000, 1.000000)
((0.953580, -0.093607, -0.286222, 0.186309), (-0.282126, 0.054681, -0.957818, 0.210868), (-0.105309, -0.994107, -0.025734, 0.100608), (0.000000, 0.000000, 0.000000, 1.000000)
((0.953587, -0.093268, -0.286309, 0.186763), (-0.282250, 0.054418, -0.957796, 0.211726), (-0.104912, -0.994153, -0.025567, 0.100502), (0.000000, 0.000000, 0.000000, 1.000000)
((0.955577, -0.094460, -0.279196, 0.188955), (-0.275402, 0.051331, -0.959958, 0.215673), (-0.105009, -0.994204, -0.023036, 0.099979), (0.000000, 0.000000, 0.000000, 1.000000)
((0.955702, -0.096532, -0.278056, 0.190200), (-0.273911, 0.054089, -0.960233, 0.217792), (-0.107733, -0.993859, -0.025252, 0.099674), (0.000000, 0.000000, 0.000000, 1.000000)
</SampleFrames>
<SampleWeights Num="169">0.0212866
0.035262
0.0328882
0.0223587
0.021176
0.0295736
0.0379382
0.0379225
0.0446457
0.0468463
0.0561677
0.0606621
0.0629368
0.0648444
0.0648418
0.0991891
0.111045
0.117659
0.117586
0.117585
0.144334
0.144332
0.166041
0.172501
0.179197
0.18994
0.204052
0.2184
0.226237
0.226231
0.232487
0.238254
0.252054
0.259689
0.259683
0.276893
0.283499
0.288527
0.288512
0.283939
0.283922
0.287705
0.287424
0.290622
0.288037
0.271934
0.263585
0.262344
0.254962
0.247304
0.238082
0.231582
0.235459
0.240418
0.238761
0.234185
0.226682
0.216804
0.212746
0.199248
0.19528
0.195198
0.197732
0.201549
0.202757
0.196388
0.189762
0.196102
0.18849
0.182155
0.182125
0.189439
0.19377
0.195992
0.195572
0.191004
0.190969
0.18301
0.181228
0.181197
0.173661
0.168193
0.163893
0.163699
0.168739
0.169914
0.162603
0.162574
0.157236
0.155986
0.157218
0.163075
0.168944
0.164494
0.160285
0.160275
0.151458
0.156469
0.15612
0.156094
0.151047
0.147459
0.152206
0.148839
0.144734
0.146006
0.146006
0.146614
0.146426
0.147155
0.147153
0.148062
0.148061
0.148512
0.139225
0.139225
0.143812
0.14371
0.143708
0.14389
0.143889
0.143544
0.143426
0.138925
0.140802
0.142651
0.151038
0.144119
0.142202
0.144646
0.125041
0.128727
0.129659
0.12956
0.120221
0.119118
0.128122
0.135872
0.138511
0.138367
0.138532
0.135413
0.120832
0.11968
0.121113
0.120452
0.11698
0.115804
0.114025
0.123105
0.121174
0.0867067
0.101351
0.111847
0.103523
0.100056
0.105582
0.119391
0.125019
0.113742
0.114402
0.108469
0.0945609
0.0976068
0.0975999
0.101564
0.100907
0.104147
0.0944693
</SampleWeights>
</PointSplatMark>
