<PointSplatMark HeadPosAtStart="(1.22467, -1.2635, 0.616443)" BrushTip="0" BrushInterface="ForceTapeDraw" SuperSamplesPerWidth="20" Draw="0" Width="0.06" Pose="1" LayerIndex="0" Name="bone" RoomToVirtualScaleAtStart="1" RoomToVirtualFrameAtStart="((-0.942990, -0.120562, 0.310218, 0.263913), (-0.224292, -0.458435, -0.859959, 0.773195), (0.245893, -0.880512, 0.405259, 0.066696), (0.000000, 0.000000, 0.000000, 1.000000))" ColorSwatch="0"><SamplePoints Num="26">(0.57254, 0.501218, -0.0334751)
(0.573009, 0.501704, -0.0330547)
(0.573078, 0.501776, -0.0329925)
(0.576276, 0.505068, -0.0302787)
(0.576793, 0.505601, -0.0298442)
(0.578052, 0.506904, -0.0287756)
(0.580321, 0.509251, -0.0268504)
(0.582919, 0.511943, -0.0246345)
(0.585698, 0.514832, -0.0222464)
(0.588355, 0.517627, -0.01992)
(0.590878, 0.52028, -0.0177116)
(0.593045, 0.522627, -0.0157422)
(0.594236, 0.523917, -0.01466)
(0.599679, 0.529999, -0.0094503)
(0.605719, 0.53736, -0.00249936)
(0.613024, 0.548519, 0.00958887)
(0.613818, 0.550045, 0.011429)
(0.614106, 0.550688, 0.0122374)
(0.614259, 0.55103, 0.0126673)
(0.615299, 0.553503, 0.0158388)
(0.616432, 0.556495, 0.0197026)
(0.616707, 0.557252, 0.0206816)
(0.61675, 0.557374, 0.0208387)
(0.616954, 0.55797, 0.0216168)
(0.617016, 0.558151, 0.0218532)
(0.617158, 0.558567, 0.0224027)
</SamplePoints>
<SampleFrames Num="26">((-0.527849, -0.661561, -0.532646, 0.572540), (0.829025, -0.537651, -0.153782, 0.501218), (-0.184641, -0.522751, 0.832249, -0.033475), (0.000000, 0.000000, 0.000000, 1.000000))
((0.525381, -0.412430, -0.744229, 0.573009), (0.830578, 0.058719, 0.553798, 0.501704), (-0.184703, -0.909095, 0.373405, -0.033055), (0.000000, 0.000000, 0.000000, 1.000000))
((0.525528, -0.412202, -0.744251, 0.573078), (0.830498, 0.058698, 0.553920, 0.501776), (-0.184641, -0.909199, 0.373181, -0.032992), (0.000000, 0.000000, 0.000000, 1.000000))
((0.512879, -0.435224, -0.739956, 0.576276), (0.839843, 0.075841, 0.537505, 0.505068), (-0.177816, -0.897122, 0.404417, -0.030279), (0.000000, 0.000000, 0.000000, 1.000000))
((0.509500, -0.442533, -0.737953, 0.576793), (0.842578, 0.082598, 0.532203, 0.505601), (-0.174564, -0.892940, 0.414953, -0.029844), (0.000000, 0.000000, 0.000000, 1.000000))
((0.507780, -0.443536, -0.738536, 0.578052), (0.843934, 0.083931, 0.529840, 0.506904), (-0.173017, -0.892318, 0.416934, -0.028776), (0.000000, 0.000000, 0.000000, 1.000000))
((0.508905, -0.438929, -0.740511, 0.580321), (0.843165, 0.080821, 0.531546, 0.509251), (-0.173462, -0.894879, 0.411220, -0.026850), (0.000000, 0.000000, 0.000000, 1.000000))
((0.513615, -0.424691, -0.745545, 0.582919), (0.839810, 0.070755, 0.538250, 0.511943), (-0.175839, -0.902569, 0.393000, -0.024634), (0.000000, 0.000000, 0.000000, 1.000000))
((0.516451, -0.414674, -0.749216, 0.585698), (0.837419, 0.061778, 0.543059, 0.514832), (-0.178907, -0.907871, 0.379161, -0.022246), (0.000000, 0.000000, 0.000000, 1.000000))
((0.516353, -0.413019, -0.750197, 0.588355), (0.837752, 0.061915, 0.542529, 0.517627), (-0.177626, -0.908615, 0.377977, -0.019920), (0.000000, 0.000000, 0.000000, 1.000000))
((0.517668, -0.407877, -0.752101, 0.590878), (0.837335, 0.060946, 0.543283, 0.520280), (-0.175755, -0.911001, 0.373079, -0.017712), (0.000000, 0.000000, 0.000000, 1.000000))
((0.518779, -0.403486, -0.753702, 0.593045), (0.836627, 0.058262, 0.544666, 0.522627), (-0.175853, -0.913129, 0.367793, -0.015742), (0.000000, 0.000000, 0.000000, 1.000000))
((0.516760, -0.405599, -0.753955, 0.594236), (0.837861, 0.058635, 0.542726, 0.523917), (-0.175921, -0.912168, 0.370136, -0.014660), (0.000000, 0.000000, 0.000000, 1.000000))
((0.520261, -0.394739, -0.757304, 0.599679), (0.836235, 0.055506, 0.545554, 0.529999), (-0.173316, -0.917115, 0.358972, -0.009450), (0.000000, 0.000000, 0.000000, 1.000000))
((0.523460, -0.382561, -0.761339, 0.605719), (0.834499, 0.049761, 0.548757, 0.537360), (-0.172048, -0.922589, 0.345295, -0.002499), (0.000000, 0.000000, 0.000000, 1.000000))
((0.527088, -0.374229, -0.762975, 0.613024), (0.834231, 0.056730, 0.548489, 0.548519), (-0.161977, -0.925599, 0.342095, 0.009589), (0.000000, 0.000000, 0.000000, 1.000000))
((0.529673, -0.368854, -0.763802, 0.613818), (0.832676, 0.054616, 0.551060, 0.550045), (-0.161545, -0.927881, 0.336065, 0.011429), (0.000000, 0.000000, 0.000000, 1.000000))
((0.526081, -0.378173, -0.761724, 0.614106), (0.835764, 0.064252, 0.545317, 0.550688), (-0.157282, -0.923502, 0.349865, 0.012237), (0.000000, 0.000000, 0.000000, 1.000000))
((0.524238, -0.382140, -0.761015, 0.614259), (0.837276, 0.068238, 0.542506, 0.551030), (-0.155383, -0.921582, 0.355729, 0.012667), (0.000000, 0.000000, 0.000000, 1.000000))
((0.525179, -0.379857, -0.761509, 0.615299), (0.836855, 0.068096, 0.543173, 0.553503), (-0.154472, -0.922536, 0.353647, 0.015839), (0.000000, 0.000000, 0.000000, 1.000000))
((0.525805, -0.375702, -0.763137, 0.616432), (0.836666, 0.066677, 0.543640, 0.556495), (-0.153363, -0.924339, 0.349396, 0.019703), (0.000000, 0.000000, 0.000000, 1.000000))
((0.523206, -0.385387, -0.760087, 0.616707), (0.838847, 0.075593, 0.539093, 0.557252), (-0.150302, -0.919654, 0.362831, 0.020682), (0.000000, 0.000000, 0.000000, 1.000000))
((0.523107, -0.385440, -0.760128, 0.616750), (0.838863, 0.075297, 0.539110, 0.557374), (-0.150559, -0.919655, 0.362720, 0.020839), (0.000000, 0.000000, 0.000000, 1.000000))
((0.522026, -0.389847, -0.758623, 0.616954), (0.840004, 0.080731, 0.536540, 0.557970), (-0.147924, -0.917334, 0.369617, 0.021617), (0.000000, 0.000000, 0.000000, 1.000000))
((0.521781, -0.390106, -0.758658, 0.617016), (0.840100, 0.080436, 0.536434, 0.558151), (-0.148243, -0.917250, 0.369699, 0.021853), (0.000000, 0.000000, 0.000000, 1.000000))
((0.524819, -0.388157, -0.757561, 0.617158), (0.837901, 0.078794, 0.540105, 0.558567), (-0.149954, -0.918219, 0.366590, 0.022403), (0.000000, 0.000000, 0.000000, 1.000000))
</SampleFrames>
<SampleWeights Num="26">0.0248256
0.0561145
0.061581
0.138523
0.161493
0.178805
0.199189
0.22327
0.258293
0.285372
0.296098
0.304728
0.304074
0.343107
0.370943
0.298387
0.281142
0.226447
0.227586
0.209438
0.205163
0.162056
0.154269
0.13465
0.119362
0.0652227
</SampleWeights>
</PointSplatMark>
