<PointSplatMark HeadPosAtStart="(-0.922837, 0.708766, 1.49935)" BrushTip="0" BrushInterface="ForceTapeDraw" SuperSamplesPerWidth="20" Draw="0" Width="0.06" Pose="1" LayerIndex="0" Name="bone" RoomToVirtualScaleAtStart="1" RoomToVirtualFrameAtStart="((0.076550, -0.807460, -0.584934, 0.691016), (0.843985, -0.259883, 0.469202, -0.019687), (-0.530877, -0.529593, 0.661590, 0.053695), (0.000000, 0.000000, 0.000000, 1.000000))" ColorSwatch="0"><SamplePoints Num="53">(0.527634, -0.0163058, -0.0187669)
(0.527726, -0.0163344, -0.0187338)
(0.527908, -0.0163912, -0.0186691)
(0.528996, -0.0167306, -0.0182819)
(0.530048, -0.0170596, -0.0179091)
(0.530937, -0.017338, -0.0175937)
(0.53204, -0.0176856, -0.017202)
(0.532689, -0.01789, -0.0169717)
(0.534122, -0.0183447, -0.0164596)
(0.53596, -0.0189277, -0.0158029)
(0.547205, -0.0225937, -0.0115806)
(0.549648, -0.0234047, -0.0106302)
(0.552604, -0.0244127, -0.00941614)
(0.557351, -0.0260317, -0.00746617)
(0.560754, -0.0272212, -0.0059866)
(0.563203, -0.0280769, -0.00492205)
(0.566129, -0.0291252, -0.00357614)
(0.569596, -0.0303672, -0.00198136)
(0.572498, -0.0314263, -0.000566486)
(0.575479, -0.032526, 0.000956025)
(0.580888, -0.0345136, 0.00385089)
(0.585258, -0.0361197, 0.00619023)
(0.587774, -0.0370577, 0.00761768)
(0.587774, -0.0370577, 0.00761768)
(0.591193, -0.0383273, 0.00963457)
(0.595965, -0.0400994, 0.0124496)
(0.598217, -0.0409327, 0.0138481)
(0.600607, -0.0418169, 0.0153322)
(0.602975, -0.0426798, 0.01688)
(0.604412, -0.0432031, 0.0178186)
(0.606725, -0.0440152, 0.0194061)
(0.608669, -0.0446979, 0.0207407)
(0.612382, -0.0459785, 0.0234377)
(0.613077, -0.046214, 0.0239702)
(0.61655, -0.0473689, 0.026682)
(0.61892, -0.0481393, 0.0285722)
(0.621461, -0.0489481, 0.0306713)
(0.628578, -0.051155, 0.0367367)
(0.629804, -0.0515352, 0.0377816)
(0.634658, -0.0529827, 0.0420735)
(0.637228, -0.0537399, 0.0444155)
(0.639424, -0.0543869, 0.0464168)
(0.640462, -0.0546959, 0.0473933)
(0.644314, -0.0558418, 0.0510156)
(0.648698, -0.0571144, 0.0552056)
(0.648709, -0.0571177, 0.0552161)
(0.657261, -0.0596756, 0.0634978)
(0.659339, -0.0602949, 0.0655317)
(0.665376, -0.062095, 0.071443)
(0.665408, -0.0621049, 0.0714745)
(0.676059, -0.0654296, 0.0819613)
(0.679392, -0.0664699, 0.0852427)
(0.683377, -0.0677352, 0.0892315)
</SamplePoints>
<SampleFrames Num="53">((0.795299, -0.588577, 0.145176, 0.527634), (0.129062, 0.398379, 0.908095, -0.016306), (-0.592319, -0.703471, 0.392793, -0.018767), (0.000000, 0.000000, 0.000000, 1.000000))
((0.795171, -0.588724, 0.145283, 0.527726), (0.129143, 0.398508, 0.908027, -0.016334), (-0.592474, -0.703275, 0.392912, -0.018734), (0.000000, 0.000000, 0.000000, 1.000000))
((0.795002, -0.588944, 0.145320, 0.527908), (0.129388, 0.398683, 0.907915, -0.016391), (-0.592648, -0.702992, 0.393156, -0.018669), (0.000000, 0.000000, 0.000000, 1.000000))
((0.796420, -0.587011, 0.145371, 0.528996), (0.129413, 0.400250, 0.907222, -0.016731), (-0.590734, -0.703717, 0.394734, -0.018282), (0.000000, 0.000000, 0.000000, 1.000000))
((0.796253, -0.587800, 0.143081, 0.530048), (0.130906, 0.398319, 0.907858, -0.017060), (-0.590630, -0.704154, 0.394109, -0.017909), (0.000000, 0.000000, 0.000000, 1.000000))
((0.796177, -0.588500, 0.140602, 0.530937), (0.132497, 0.396311, 0.908505, -0.017338), (-0.590378, -0.704702, 0.393508, -0.017594), (0.000000, 0.000000, 0.000000, 1.000000))
((0.797022, -0.586984, 0.142145, 0.532040), (0.130927, 0.397690, 0.908130, -0.017686), (-0.589588, -0.705189, 0.393820, -0.017202), (0.000000, 0.000000, 0.000000, 1.000000))
((0.795447, -0.589804, 0.139265, 0.532689), (0.133700, 0.394933, 0.908929, -0.017890), (-0.591090, -0.704386, 0.393005, -0.016972), (0.000000, 0.000000, 0.000000, 1.000000))
((0.794897, -0.590510, 0.139419, 0.534122), (0.135082, 0.396250, 0.908151, -0.018345), (-0.591517, -0.703053, 0.394745, -0.016460), (0.000000, 0.000000, 0.000000, 1.000000))
((0.794218, -0.591796, 0.137821, 0.535960), (0.136553, 0.394847, 0.908542, -0.018928), (-0.592090, -0.702761, 0.394406, -0.015803), (0.000000, 0.000000, 0.000000, 1.000000))
((0.789392, -0.600096, 0.129403, 0.547205), (0.144479, 0.386480, 0.910911, -0.022594), (-0.596646, -0.700370, 0.391785, -0.011581), (0.000000, 0.000000, 0.000000, 1.000000))
((0.788299, -0.602186, 0.126321, 0.549648), (0.146132, 0.382661, 0.912259, -0.023405), (-0.597687, -0.700673, 0.389650, -0.010630), (0.000000, 0.000000, 0.000000, 1.000000))
((0.786845, -0.604182, 0.125852, 0.552604), (0.147431, 0.382039, 0.912310, -0.024413), (-0.599282, -0.699293, 0.389681, -0.009416), (0.000000, 0.000000, 0.000000, 1.000000))
((0.784798, -0.607809, 0.121081, 0.557351), (0.151130, 0.377162, 0.913733, -0.026032), (-0.601042, -0.698797, 0.387854, -0.007466), (0.000000, 0.000000, 0.000000, 1.000000))
((0.784216, -0.608774, 0.119998, 0.560754), (0.150524, 0.374267, 0.915023, -0.027221), (-0.601954, -0.699513, 0.385141, -0.005987), (0.000000, 0.000000, 0.000000, 1.000000))
((0.781206, -0.612934, 0.118442, 0.563203), (0.153805, 0.372853, 0.915055, -0.028077), (-0.605030, -0.696629, 0.385547, -0.004922), (0.000000, 0.000000, 0.000000, 1.000000))
((0.779857, -0.615235, 0.115368, 0.566129), (0.155803, 0.369289, 0.916161, -0.029125), (-0.606258, -0.696500, 0.383848, -0.003576), (0.000000, 0.000000, 0.000000, 1.000000))
((0.779953, -0.615544, 0.113042, 0.569596), (0.156461, 0.366672, 0.917100, -0.030367), (-0.605965, -0.697608, 0.382296, -0.001981), (0.000000, 0.000000, 0.000000, 1.000000))
((0.778463, -0.617610, 0.112039, 0.572498), (0.158495, 0.366120, 0.916971, -0.031426), (-0.607350, -0.696070, 0.382899, -0.000566), (0.000000, 0.000000, 0.000000, 1.000000))
((0.778152, -0.618264, 0.110582, 0.575479), (0.157872, 0.362952, 0.918337, -0.032526), (-0.607911, -0.697148, 0.380038, 0.000956), (0.000000, 0.000000, 0.000000, 1.000000))
((0.776894, -0.620420, 0.107310, 0.580888), (0.159444, 0.358736, 0.919721, -0.034514), (-0.609109, -0.697415, 0.377622, 0.003851), (0.000000, 0.000000, 0.000000, 1.000000))
((0.775411, -0.622880, 0.103723, 0.585258), (0.163156, 0.356311, 0.920012, -0.036120), (-0.610015, -0.696465, 0.377914, 0.006190), (0.000000, 0.000000, 0.000000, 1.000000))
((0.773623, -0.625142, 0.103464, 0.587774), (0.163817, 0.355054, 0.920381, -0.037058), (-0.612104, -0.695079, 0.377087, 0.007618), (0.000000, 0.000000, 0.000000, 1.000000))
((0.773623, -0.625142, 0.103464, 0.587774), (0.163817, 0.355054, 0.920381, -0.037058), (-0.612104, -0.695079, 0.377087, 0.007618), (0.000000, 0.000000, 0.000000, 1.000000))
((0.771838, -0.627801, 0.100658, 0.591193), (0.166109, 0.351915, 0.921175, -0.038327), (-0.613738, -0.694278, 0.375905, 0.009635), (0.000000, 0.000000, 0.000000, 1.000000))
((0.769294, -0.631543, 0.096642, 0.595965), (0.168596, 0.346573, 0.922747, -0.040099), (-0.616248, -0.693571, 0.373092, 0.012450), (0.000000, 0.000000, 0.000000, 1.000000))
((0.769699, -0.631139, 0.096053, 0.598217), (0.168197, 0.345621, 0.923177, -0.040933), (-0.615851, -0.694413, 0.372180, 0.013848), (0.000000, 0.000000, 0.000000, 1.000000))
((0.768027, -0.633285, 0.095313, 0.600607), (0.169219, 0.344217, 0.923515, -0.041817), (-0.617656, -0.693156, 0.371532, 0.015332), (0.000000, 0.000000, 0.000000, 1.000000))
((0.768341, -0.633017, 0.094561, 0.602975), (0.169169, 0.343339, 0.923851, -0.042680), (-0.617280, -0.693835, 0.370888, 0.016880), (0.000000, 0.000000, 0.000000, 1.000000))
((0.766237, -0.635974, 0.091749, 0.604412), (0.172441, 0.341074, 0.924085, -0.043203), (-0.618987, -0.692247, 0.371011, 0.017819), (0.000000, 0.000000, 0.000000, 1.000000))
((0.764505, -0.638131, 0.091216, 0.606725), (0.173243, 0.339694, 0.924443, -0.044015), (-0.620901, -0.690939, 0.370250, 0.019406), (0.000000, 0.000000, 0.000000, 1.000000))
((0.765144, -0.637494, 0.090312, 0.608669), (0.172884, 0.338535, 0.924935, -0.044698), (-0.620214, -0.692095, 0.369241, 0.020741), (0.000000, 0.000000, 0.000000, 1.000000))
((0.764881, -0.638182, 0.087641, 0.612382), (0.173633, 0.335269, 0.925984, -0.045979), (-0.620330, -0.693050, 0.367250, 0.023438), (0.000000, 0.000000, 0.000000, 1.000000))
((0.763117, -0.640428, 0.086625, 0.613077), (0.176595, 0.335585, 0.925309, -0.046214), (-0.621664, -0.690822, 0.369187, 0.023970), (0.000000, 0.000000, 0.000000, 1.000000))
((0.761094, -0.642924, 0.085935, 0.616550), (0.178005, 0.334422, 0.925460, -0.047369), (-0.623739, -0.689065, 0.368970, 0.026682), (0.000000, 0.000000, 0.000000, 1.000000))
((0.761665, -0.642640, 0.082945, 0.618920), (0.177861, 0.330440, 0.926917, -0.048139), (-0.623082, -0.691248, 0.365985, 0.028572), (0.000000, 0.000000, 0.000000, 1.000000))
((0.758747, -0.646367, 0.080705, 0.621461), (0.181553, 0.328835, 0.926772, -0.048948), (-0.625573, -0.688533, 0.366852, 0.030671), (0.000000, 0.000000, 0.000000, 1.000000))
((0.759628, -0.645563, 0.078822, 0.628578), (0.179961, 0.325114, 0.928394, -0.051155), (-0.624963, -0.691049, 0.363142, 0.036737), (0.000000, 0.000000, 0.000000, 1.000000))
((0.757926, -0.647978, 0.075313, 0.629804), (0.183440, 0.322498, 0.928625, -0.051535), (-0.626017, -0.690014, 0.363295, 0.037782), (0.000000, 0.000000, 0.000000, 1.000000))
((0.759195, -0.646534, 0.074939, 0.634658), (0.183485, 0.323070, 0.928417, -0.052983), (-0.624464, -0.691100, 0.363903, 0.042074), (0.000000, 0.000000, 0.000000, 1.000000))
((0.757734, -0.648632, 0.071524, 0.637228), (0.184880, 0.318496, 0.929720, -0.053740), (-0.625827, -0.691257, 0.361254, 0.044416), (0.000000, 0.000000, 0.000000, 1.000000))
((0.758567, -0.647806, 0.070168, 0.639424), (0.184817, 0.317171, 0.930186, -0.054387), (-0.624835, -0.692640, 0.360321, 0.046417), (0.000000, 0.000000, 0.000000, 1.000000))
((0.758001, -0.648428, 0.070538, 0.640462), (0.185177, 0.317633, 0.929956, -0.054696), (-0.625415, -0.691846, 0.360840, 0.047393), (0.000000, 0.000000, 0.000000, 1.000000))
((0.758079, -0.648475, 0.069254, 0.644314), (0.186142, 0.316923, 0.930006, -0.055842), (-0.625034, -0.692127, 0.360961, 0.051016), (0.000000, 0.000000, 0.000000, 1.000000))
((0.759787, -0.646787, 0.066262, 0.648698), (0.186314, 0.314232, 0.930884, -0.057114), (-0.622905, -0.694928, 0.359255, 0.055206), (0.000000, 0.000000, 0.000000, 1.000000))
((0.759787, -0.646787, 0.066262, 0.648709), (0.186314, 0.314232, 0.930884, -0.057118), (-0.622905, -0.694928, 0.359255, 0.055216), (0.000000, 0.000000, 0.000000, 1.000000))
((0.760174, -0.646842, 0.061083, 0.657261), (0.187007, 0.307865, 0.932871, -0.059676), (-0.622225, -0.697721, 0.354995, 0.063498), (0.000000, 0.000000, 0.000000, 1.000000))
((0.759012, -0.648358, 0.059430, 0.659339), (0.188232, 0.305903, 0.933270, -0.060295), (-0.623273, -0.697176, 0.354226, 0.065532), (0.000000, 0.000000, 0.000000, 1.000000))
((0.759714, -0.647812, 0.056345, 0.665376), (0.189982, 0.303996, 0.933538, -0.062095), (-0.621886, -0.698517, 0.354023, 0.071443), (0.000000, 0.000000, 0.000000, 1.000000))
((0.759714, -0.647812, 0.056345, 0.665408), (0.189982, 0.303996, 0.933538, -0.062105), (-0.621886, -0.698517, 0.354023, 0.071474), (0.000000, 0.000000, 0.000000, 1.000000))
((0.762189, -0.645452, 0.049598, 0.676059), (0.192666, 0.299321, 0.934498, -0.065430), (-0.618019, -0.702708, 0.352496, 0.081961), (0.000000, 0.000000, 0.000000, 1.000000))
((0.765266, -0.641975, 0.047289, 0.679392), (0.193654, 0.299658, 0.934186, -0.066470), (-0.613895, -0.705743, 0.353639, 0.085243), (0.000000, 0.000000, 0.000000, 1.000000))
((0.769009, -0.637562, 0.046248, 0.683377), (0.191820, 0.299171, 0.934720, -0.067735), (-0.609778, -0.709937, 0.352363, 0.089231), (0.000000, 0.000000, 0.000000, 1.000000))
</SampleFrames>
<SampleWeights Num="53">0.0353447
0.0423439
0.0628253
0.100466
0.125787
0.147366
0.168293
0.178379
0.207885
0.236015
0.319175
0.337679
0.355154
0.381232
0.399325
0.411456
0.423028
0.431412
0.446755
0.461342
0.463771
0.464232
0.458292
0.458292
0.462768
0.45013
0.441361
0.437359
0.437207
0.437245
0.433931
0.424476
0.404807
0.397827
0.373535
0.366386
0.356249
0.326374
0.320118
0.290593
0.281073
0.267604
0.255544
0.2297
0.213645
0.213644
0.195261
0.18906
0.179399
0.179392
0.137962
0.112652
0.0768678
</SampleWeights>
</PointSplatMark>
