<PointSplatMark HeadPosAtStart="(1.12266, -1.30438, 0.606123)" BrushTip="0" BrushInterface="ForceTapeDraw" SuperSamplesPerWidth="20" Draw="0" Width="0.06" Pose="1" LayerIndex="0" Name="bone" RoomToVirtualScaleAtStart="1" RoomToVirtualFrameAtStart="((-0.942990, -0.120562, 0.310218, 0.263913), (-0.224292, -0.458435, -0.859959, 0.773195), (0.245893, -0.880512, 0.405259, 0.066696), (0.000000, 0.000000, 0.000000, 1.000000))" ColorSwatch="0"><SamplePoints Num="52">(0.411548, 0.402739, -0.101269)
(0.411827, 0.402862, -0.101227)
(0.412306, 0.403072, -0.101154)
(0.413006, 0.403376, -0.101051)
(0.414002, 0.403808, -0.100905)
(0.415393, 0.404408, -0.100709)
(0.418925, 0.405904, -0.100225)
(0.420957, 0.406755, -0.099958)
(0.423798, 0.407945, -0.0995847)
(0.429052, 0.410116, -0.0989082)
(0.432559, 0.411548, -0.098474)
(0.444691, 0.416412, -0.0970221)
(0.447411, 0.417477, -0.0966987)
(0.449968, 0.418479, -0.0963944)
(0.452467, 0.419458, -0.0960952)
(0.455931, 0.420815, -0.0956803)
(0.457643, 0.421485, -0.0954619)
(0.461994, 0.423188, -0.0949065)
(0.464652, 0.424248, -0.0945324)
(0.467532, 0.425398, -0.0941269)
(0.470919, 0.426787, -0.0936017)
(0.475357, 0.428669, -0.0928163)
(0.482507, 0.431845, -0.0913561)
(0.484481, 0.432775, -0.0908897)
(0.486786, 0.433861, -0.0903451)
(0.490838, 0.435891, -0.0892292)
(0.495099, 0.438212, -0.0878478)
(0.49717, 0.439416, -0.0870761)
(0.501225, 0.441927, -0.0853638)
(0.505243, 0.444561, -0.0834762)
(0.507012, 0.445721, -0.0826449)
(0.511451, 0.448993, -0.0801274)
(0.514638, 0.451426, -0.0782063)
(0.516645, 0.452958, -0.0769962)
(0.519391, 0.455133, -0.0752251)
(0.523099, 0.458175, -0.0726546)
(0.523831, 0.458796, -0.0721261)
(0.524729, 0.459557, -0.0714782)
(0.527483, 0.461972, -0.0694212)
(0.529366, 0.463622, -0.0680153)
(0.537298, 0.470879, -0.0619111)
(0.538777, 0.472273, -0.0607483)
(0.540179, 0.473595, -0.0596461)
(0.545696, 0.478911, -0.0551971)
(0.549048, 0.482228, -0.0523984)
(0.553016, 0.486219, -0.0490304)
(0.556307, 0.489539, -0.0461991)
(0.557374, 0.490602, -0.0452999)
(0.558427, 0.491652, -0.0444122)
(0.559197, 0.492424, -0.0437621)
(0.559304, 0.492525, -0.0436798)
(0.559753, 0.492953, -0.0433344)
</SamplePoints>
<SampleFrames Num="52">((-0.467071, -0.774886, -0.425906, 0.411548), (0.872560, -0.481885, -0.080162, 0.402739), (-0.143121, -0.409070, 0.901209, -0.101269), (0.000000, 0.000000, 0.000000, 1.000000))
((0.469804, -0.628728, -0.619666, 0.411827), (0.870899, 0.215369, 0.441760, 0.402862), (-0.144290, -0.747206, 0.648740, -0.101227), (0.000000, 0.000000, 0.000000, 1.000000))
((0.466826, -0.631322, -0.619279, 0.412306), (0.872343, 0.213737, 0.439698, 0.403072), (-0.145228, -0.745486, 0.650507, -0.101154), (0.000000, 0.000000, 0.000000, 1.000000))
((0.465039, -0.634523, -0.617349, 0.413006), (0.873516, 0.215526, 0.436484, 0.403376), (-0.143905, -0.742246, 0.654494, -0.101051), (0.000000, 0.000000, 0.000000, 1.000000))
((0.465794, -0.633704, -0.617621, 0.414002), (0.873161, 0.215871, 0.437023, 0.403808), (-0.143617, -0.742845, 0.653877, -0.100905), (0.000000, 0.000000, 0.000000, 1.000000))
((0.468538, -0.627403, -0.621962, 0.415393), (0.871198, 0.211323, 0.443121, 0.404408), (-0.146581, -0.749471, 0.645606, -0.100709), (0.000000, 0.000000, 0.000000, 1.000000))
((0.468991, -0.627000, -0.622028, 0.418925), (0.871354, 0.213501, 0.441768, 0.405904), (-0.144185, -0.749192, 0.646469, -0.100225), (0.000000, 0.000000, 0.000000, 1.000000))
((0.469823, -0.624671, -0.623741, 0.420957), (0.870337, 0.209657, 0.445598, 0.406755), (-0.147580, -0.752217, 0.642176, -0.099958), (0.000000, 0.000000, 0.000000, 1.000000))
((0.472125, -0.621996, -0.624675, 0.423798), (0.869204, 0.210373, 0.447467, 0.407945), (-0.146908, -0.754231, 0.639964, -0.099585), (0.000000, 0.000000, 0.000000, 1.000000))
((0.464892, -0.630601, -0.621464, 0.429052), (0.873131, 0.210245, 0.439818, 0.410116), (-0.146690, -0.747087, 0.648338, -0.098908), (0.000000, 0.000000, 0.000000, 1.000000))
((0.466698, -0.626426, -0.624326, 0.432559), (0.871876, 0.207416, 0.443634, 0.411548), (-0.148409, -0.751378, 0.642967, -0.098474), (0.000000, 0.000000, 0.000000, 1.000000))
((0.477648, -0.597341, -0.644233, 0.444691), (0.863310, 0.183128, 0.470277, 0.416412), (-0.162939, -0.780799, 0.603161, -0.097022), (0.000000, 0.000000, 0.000000, 1.000000))
((0.483332, -0.584882, -0.651385, 0.447411), (0.859630, 0.176325, 0.479528, 0.417477), (-0.165612, -0.791721, 0.588005, -0.096699), (0.000000, 0.000000, 0.000000, 1.000000))
((0.484325, -0.581383, -0.653776, 0.449968), (0.858684, 0.172727, 0.482522, 0.418479), (-0.167605, -0.795084, 0.582880, -0.096394), (0.000000, 0.000000, 0.000000, 1.000000))
((0.485104, -0.577595, -0.656550, 0.452467), (0.858232, 0.170518, 0.484108, 0.419458), (-0.167665, -0.798316, 0.578430, -0.096095), (0.000000, 0.000000, 0.000000, 1.000000))
((0.487918, -0.568698, -0.662208, 0.455931), (0.855763, 0.162103, 0.491317, 0.420815), (-0.172065, -0.806415, 0.565763, -0.095680), (0.000000, 0.000000, 0.000000, 1.000000))
((0.488205, -0.566234, -0.664104, 0.457643), (0.855231, 0.158786, 0.493323, 0.421485), (-0.173886, -0.808805, 0.561781, -0.095462), (0.000000, 0.000000, 0.000000, 1.000000))
((0.495960, -0.546503, -0.674803, 0.461994), (0.849980, 0.146554, 0.506020, 0.423188), (-0.177646, -0.824534, 0.537201, -0.094907), (0.000000, 0.000000, 0.000000, 1.000000))
((0.496932, -0.543153, -0.676789, 0.464652), (0.849135, 0.143507, 0.508306, 0.424248), (-0.178964, -0.827279, 0.532524, -0.094532), (0.000000, 0.000000, 0.000000, 1.000000))
((0.497893, -0.539201, -0.679238, 0.467532), (0.848682, 0.141784, 0.509545, 0.425398), (-0.178442, -0.830156, 0.528204, -0.094127), (0.000000, 0.000000, 0.000000, 1.000000))
((0.500238, -0.529809, -0.684883, 0.470919), (0.846598, 0.133237, 0.515285, 0.426787), (-0.181751, -0.837586, 0.515186, -0.093602), (0.000000, 0.000000, 0.000000, 1.000000))
((0.505932, -0.514382, -0.692419, 0.475357), (0.842376, 0.121943, 0.524912, 0.428669), (-0.185570, -0.848847, 0.494998, -0.092816), (0.000000, 0.000000, 0.000000, 1.000000))
((0.510900, -0.500061, -0.699228, 0.482507), (0.839116, 0.113422, 0.531996, 0.431845), (-0.186723, -0.858530, 0.477557, -0.091356), (0.000000, 0.000000, 0.000000, 1.000000))
((0.513558, -0.492007, -0.702985, 0.484481), (0.837171, 0.107652, 0.536242, 0.432775), (-0.188157, -0.863910, 0.467180, -0.090890), (0.000000, 0.000000, 0.000000, 1.000000))
((0.513975, -0.488674, -0.705002, 0.486786), (0.836916, 0.105400, 0.537087, 0.433861), (-0.188153, -0.866077, 0.463152, -0.090345), (0.000000, 0.000000, 0.000000, 1.000000))
((0.513631, -0.487583, -0.706007, 0.490838), (0.837447, 0.105818, 0.536176, 0.435891), (-0.186722, -0.866641, 0.462676, -0.089229), (0.000000, 0.000000, 0.000000, 1.000000))
((0.514722, -0.480869, -0.709807, 0.495099), (0.836254, 0.099029, 0.539326, 0.438212), (-0.189054, -0.871182, 0.453101, -0.087848), (0.000000, 0.000000, 0.000000, 1.000000))
((0.514224, -0.482778, -0.708872, 0.497170), (0.836950, 0.101949, 0.537700, 0.439416), (-0.187321, -0.869789, 0.456485, -0.087076), (0.000000, 0.000000, 0.000000, 1.000000))
((0.515089, -0.476594, -0.712420, 0.501225), (0.835980, 0.095808, 0.540331, 0.441927), (-0.189263, -0.873887, 0.447773, -0.085364), (0.000000, 0.000000, 0.000000, 1.000000))
((0.517062, -0.470509, -0.715030, 0.505243), (0.834696, 0.092175, 0.542943, 0.444561), (-0.189552, -0.877568, 0.440392, -0.083476), (0.000000, 0.000000, 0.000000, 1.000000))
((0.516107, -0.472869, -0.714163, 0.507012), (0.835496, 0.094319, 0.541341, 0.445721), (-0.188624, -0.876070, 0.443759, -0.082645), (0.000000, 0.000000, 0.000000, 1.000000))
((0.520645, -0.460649, -0.718840, 0.511451), (0.832575, 0.087480, 0.546961, 0.448993), (-0.189073, -0.883261, 0.429071, -0.080127), (0.000000, 0.000000, 0.000000, 1.000000))
((0.517647, -0.465309, -0.718004, 0.514638), (0.834510, 0.089429, 0.543687, 0.451426), (-0.188772, -0.880619, 0.434597, -0.078206), (0.000000, 0.000000, 0.000000, 1.000000))
((0.517969, -0.461879, -0.719983, 0.516645), (0.834157, 0.086325, 0.544729, 0.452958), (-0.189446, -0.882732, 0.429994, -0.076996), (0.000000, 0.000000, 0.000000, 1.000000))
((0.520404, -0.457034, -0.721318, 0.519391), (0.832988, 0.085818, 0.546595, 0.455133), (-0.187910, -0.885300, 0.425364, -0.075225), (0.000000, 0.000000, 0.000000, 1.000000))
((0.519018, -0.455945, -0.723004, 0.523099), (0.833193, 0.081042, 0.547012, 0.458175), (-0.190814, -0.886310, 0.421953, -0.072655), (0.000000, 0.000000, 0.000000, 1.000000))
((0.519585, -0.454810, -0.723311, 0.523831), (0.832748, 0.080107, 0.547827, 0.458796), (-0.191215, -0.886978, 0.420365, -0.072126), (0.000000, 0.000000, 0.000000, 1.000000))
((0.520344, -0.453001, -0.723901, 0.524729), (0.832713, 0.081257, 0.547710, 0.459557), (-0.189291, -0.887799, 0.419502, -0.071478), (0.000000, 0.000000, 0.000000, 1.000000))
((0.519363, -0.452421, -0.724967, 0.527483), (0.833328, 0.080228, 0.546925, 0.461972), (-0.189278, -0.888188, 0.418683, -0.069421), (0.000000, 0.000000, 0.000000, 1.000000))
((0.518757, -0.453889, -0.724484, 0.529366), (0.833766, 0.081242, 0.546109, 0.463622), (-0.189014, -0.887347, 0.420582, -0.068015), (0.000000, 0.000000, 0.000000, 1.000000))
((0.524471, -0.436757, -0.730872, 0.537298), (0.829894, 0.070395, 0.553462, 0.470879), (-0.190279, -0.896821, 0.399382, -0.061911), (0.000000, 0.000000, 0.000000, 1.000000))
((0.523465, -0.439121, -0.730176, 0.538777), (0.830700, 0.072395, 0.551993, 0.472273), (-0.189531, -0.895507, 0.402674, -0.060748), (0.000000, 0.000000, 0.000000, 1.000000))
((0.524463, -0.436543, -0.731005, 0.540179), (0.830301, 0.072134, 0.552627, 0.473595), (-0.188515, -0.896787, 0.400294, -0.059646), (0.000000, 0.000000, 0.000000, 1.000000))
((0.525469, -0.431587, -0.733223, 0.545696), (0.829833, 0.069778, 0.553633, 0.478911), (-0.187778, -0.899369, 0.394811, -0.055197), (0.000000, 0.000000, 0.000000, 1.000000))
((0.525561, -0.431414, -0.733258, 0.549048), (0.830285, 0.072161, 0.552648, 0.482228), (-0.185508, -0.899263, 0.396122, -0.052398), (0.000000, 0.000000, 0.000000, 1.000000))
((0.527576, -0.424222, -0.736002, 0.553016), (0.829067, 0.068202, 0.554975, 0.486219), (-0.185236, -0.902986, 0.387690, -0.049030), (0.000000, 0.000000, 0.000000, 1.000000))
((0.533102, -0.409111, -0.740561, 0.556307), (0.824954, 0.057102, 0.562308, 0.489539), (-0.187759, -0.910696, 0.367939, -0.046199), (0.000000, 0.000000, 0.000000, 1.000000))
((0.532790, -0.412091, -0.739132, 0.557374), (0.825618, 0.061446, 0.560874, 0.490602), (-0.185715, -0.909068, 0.372968, -0.045300), (0.000000, 0.000000, 0.000000, 1.000000))
((0.530393, -0.414507, -0.739505, 0.558427), (0.827371, 0.062975, 0.558114, 0.491652), (-0.184772, -0.907864, 0.376353, -0.044412), (0.000000, 0.000000, 0.000000, 1.000000))
((0.531925, -0.413762, -0.738821, 0.559197), (0.826744, 0.065030, 0.558807, 0.492424), (-0.183168, -0.908059, 0.376666, -0.043762), (0.000000, 0.000000, 0.000000, 1.000000))
((0.541085, -0.398025, -0.740812, 0.559304), (0.819137, 0.050034, 0.571411, 0.492525), (-0.190370, -0.916009, 0.353110, -0.043680), (0.000000, 0.000000, 0.000000, 1.000000))
((0.543028, -0.393466, -0.741825, 0.559753), (0.817470, 0.045716, 0.574154, 0.492953), (-0.191997, -0.918202, 0.346472, -0.043334), (0.000000, 0.000000, 0.000000, 1.000000))
</SampleFrames>
<SampleWeights Num="52">0.00685342
0.0156231
0.0268148
0.0359972
0.0514601
0.0682887
0.10178
0.112285
0.125959
0.152135
0.163022
0.243795
0.254469
0.26285
0.275989
0.287632
0.292768
0.304112
0.311553
0.309453
0.310658
0.317746
0.313266
0.308688
0.307542
0.314842
0.30952
0.307752
0.306723
0.304321
0.299425
0.281858
0.273562
0.277862
0.279614
0.279953
0.280738
0.280131
0.281159
0.277511
0.246051
0.226896
0.21692
0.192407
0.162707
0.146464
0.121581
0.120631
0.122953
0.109913
0.0880399
0.100393
</SampleWeights>
</PointSplatMark>
