<PointSplatMark HeadPosAtStart="(-0.0733863, 1.26609, 2.01038)" BrushTip="0" BrushInterface="ForceTapeDraw" SuperSamplesPerWidth="20" Draw="0" Width="0.06" Pose="1" LayerIndex="0" Name="bone" RoomToVirtualScaleAtStart="1" RoomToVirtualFrameAtStart="((0.914986, -0.395953, 0.077600, 0.017353), (0.352973, 0.878670, 0.321479, 0.215561), (-0.195475, -0.266758, 0.943732, -0.046208), (0.000000, 0.000000, 0.000000, 1.000000))" ColorSwatch="0"><SamplePoints Num="181">(0.0951306, 0.169854, 0.0824245)
(0.0951977, 0.169934, 0.0823481)
(0.0952388, 0.169983, 0.0823013)
(0.0952392, 0.169983, 0.0823008)
(0.0954413, 0.170224, 0.0820703)
(0.0958316, 0.17069, 0.0816249)
(0.0959221, 0.170798, 0.0815217)
(0.0962604, 0.171202, 0.0811347)
(0.0963982, 0.171367, 0.080977)
(0.0965382, 0.171535, 0.0808166)
(0.0965415, 0.171539, 0.0808129)
(0.097641, 0.172859, 0.0795488)
(0.0976433, 0.172862, 0.0795461)
(0.0979384, 0.173216, 0.0792064)
(0.098154, 0.173475, 0.0789576)
(0.0984608, 0.173844, 0.0786035)
(0.0993093, 0.174864, 0.0776246)
(0.0995099, 0.175105, 0.0773934)
(0.0998037, 0.175458, 0.0770549)
(0.101039, 0.176942, 0.0756323)
(0.1017, 0.177736, 0.0748706)
(0.102446, 0.17863, 0.0740124)
(0.102937, 0.179219, 0.0734474)
(0.104652, 0.181271, 0.0714772)
(0.106084, 0.182979, 0.0698346)
(0.106461, 0.183428, 0.0694038)
(0.106622, 0.183619, 0.0692199)
(0.107001, 0.18407, 0.0687871)
(0.107363, 0.184499, 0.0683751)
(0.107663, 0.184853, 0.0680342)
(0.107927, 0.185164, 0.0677352)
(0.108383, 0.185701, 0.0672198)
(0.109027, 0.186456, 0.0664952)
(0.109658, 0.187196, 0.0657857)
(0.110255, 0.187895, 0.0651163)
(0.111447, 0.189287, 0.0637836)
(0.112796, 0.190861, 0.0622767)
(0.114126, 0.192411, 0.0607933)
(0.114429, 0.192764, 0.0604562)
(0.114898, 0.193309, 0.0599371)
(0.115831, 0.194393, 0.0589042)
(0.11642, 0.195073, 0.0582566)
(0.116873, 0.195596, 0.0577583)
(0.117878, 0.196755, 0.056655)
(0.118292, 0.19723, 0.0562026)
(0.11996, 0.199133, 0.0543956)
(0.120972, 0.200286, 0.0532999)
(0.122662, 0.202206, 0.0514766)
(0.123271, 0.202894, 0.050823)
(0.124663, 0.204467, 0.0493275)
(0.125866, 0.205819, 0.0480427)
(0.12713, 0.207236, 0.0466952)
(0.129086, 0.209428, 0.0446104)
(0.130001, 0.210451, 0.043639)
(0.130988, 0.211553, 0.0425942)
(0.132294, 0.21301, 0.0412169)
(0.134369, 0.215319, 0.0390333)
(0.13491, 0.215918, 0.0384681)
(0.138681, 0.220094, 0.0345342)
(0.139956, 0.221494, 0.0332238)
(0.141239, 0.222902, 0.0319058)
(0.14437, 0.226324, 0.0287143)
(0.14579, 0.227864, 0.0272762)
(0.146635, 0.228775, 0.0264181)
(0.148487, 0.23077, 0.024539)
(0.149333, 0.231674, 0.0236791)
(0.150284, 0.232693, 0.0227114)
(0.152412, 0.234964, 0.0205368)
(0.154108, 0.236773, 0.0187944)
(0.154145, 0.236812, 0.0187559)
(0.157224, 0.240062, 0.0155674)
(0.158702, 0.241603, 0.014015)
(0.163483, 0.246545, 0.00893141)
(0.164035, 0.24711, 0.00833873)
(0.167284, 0.250383, 0.00479574)
(0.168574, 0.251653, 0.00337376)
(0.170848, 0.253854, 0.000854142)
(0.172062, 0.255016, -0.000495043)
(0.173507, 0.256368, -0.00211304)
(0.175199, 0.25795, -0.00400733)
(0.176122, 0.25879, -0.00504127)
(0.179047, 0.261452, -0.00831764)
(0.180496, 0.262734, -0.00992013)
(0.181716, 0.26381, -0.0112654)
(0.183907, 0.265689, -0.0136162)
(0.184914, 0.266539, -0.0146763)
(0.186041, 0.267467, -0.0158278)
(0.190524, 0.271115, -0.0203258)
(0.19226, 0.2725, -0.0220116)
(0.194033, 0.273898, -0.0236999)
(0.195708, 0.27521, -0.0252749)
(0.19719, 0.276362, -0.0266417)
(0.19857, 0.277427, -0.0278949)
(0.19982, 0.278387, -0.0290135)
(0.201285, 0.279508, -0.0303114)
(0.202999, 0.280814, -0.0318131)
(0.205095, 0.282407, -0.0336286)
(0.20712, 0.283939, -0.0353604)
(0.208908, 0.285288, -0.0368668)
(0.210723, 0.286651, -0.0383769)
(0.212696, 0.288128, -0.0400012)
(0.215189, 0.289989, -0.0420342)
(0.216951, 0.291294, -0.0434338)
(0.219227, 0.292979, -0.0452412)
(0.222562, 0.295432, -0.047838)
(0.2252, 0.297353, -0.0498443)
(0.227919, 0.299317, -0.0518684)
(0.229911, 0.300736, -0.0533042)
(0.231521, 0.301879, -0.0544547)
(0.233214, 0.303071, -0.055642)
(0.23516, 0.304432, -0.0569854)
(0.236759, 0.305532, -0.0580576)
(0.238108, 0.30646, -0.058962)
(0.238705, 0.30687, -0.0593619)
(0.24141, 0.308696, -0.0611135)
(0.243374, 0.309994, -0.0623403)
(0.244675, 0.310854, -0.0631526)
(0.245627, 0.311471, -0.0637277)
(0.247397, 0.312603, -0.064774)
(0.248746, 0.313461, -0.0655634)
(0.24954, 0.313955, -0.0660117)
(0.251219, 0.315001, -0.06696)
(0.251982, 0.315476, -0.0673905)
(0.253519, 0.316416, -0.0682298)
(0.255427, 0.317583, -0.0692716)
(0.257321, 0.318722, -0.0702701)
(0.260081, 0.320368, -0.071685)
(0.262101, 0.321567, -0.0727043)
(0.265732, 0.323706, -0.0744835)
(0.272357, 0.327582, -0.0775909)
(0.273897, 0.328476, -0.0782718)
(0.276086, 0.329746, -0.07924)
(0.27934, 0.331616, -0.0806326)
(0.280611, 0.332337, -0.0811442)
(0.281779, 0.333, -0.081614)
(0.283267, 0.333836, -0.082184)
(0.285887, 0.335299, -0.0831549)
(0.287229, 0.336044, -0.0836299)
(0.289136, 0.337104, -0.0843051)
(0.290457, 0.337837, -0.08476)
(0.290457, 0.337837, -0.08476)
(0.29048, 0.33785, -0.0847675)
(0.295314, 0.340516, -0.0863062)
(0.29728, 0.341599, -0.0868958)
(0.299406, 0.34277, -0.0875334)
(0.301258, 0.343785, -0.0880596)
(0.303662, 0.345102, -0.0887423)
(0.30606, 0.346409, -0.0893738)
(0.308911, 0.347963, -0.0901242)
(0.31137, 0.349289, -0.090747)
(0.316728, 0.352173, -0.0920632)
(0.319495, 0.353659, -0.0927196)
(0.322592, 0.355299, -0.0933973)
(0.327727, 0.358, -0.0944677)
(0.338114, 0.363388, -0.0964012)
(0.341877, 0.365322, -0.0970241)
(0.346247, 0.367563, -0.0976849)
(0.349967, 0.369469, -0.0982002)
(0.352694, 0.370865, -0.0985424)
(0.354832, 0.371959, -0.0987868)
(0.358212, 0.373689, -0.0991091)
(0.371049, 0.380249, -0.100025)
(0.374551, 0.382038, -0.100194)
(0.377629, 0.383613, -0.100315)
(0.381523, 0.385607, -0.100436)
(0.383545, 0.386641, -0.100486)
(0.385078, 0.387424, -0.100515)
(0.386499, 0.388156, -0.100534)
(0.38802, 0.38894, -0.100553)
(0.389723, 0.38982, -0.100569)
(0.391369, 0.390672, -0.100578)
(0.393562, 0.391816, -0.100573)
(0.394564, 0.392338, -0.100569)
(0.395021, 0.392575, -0.100567)
(0.395414, 0.39278, -0.100564)
(0.396012, 0.393091, -0.100558)
(0.396373, 0.393279, -0.100554)
(0.396872, 0.39354, -0.100547)
(0.397432, 0.393832, -0.100539)
(0.397445, 0.393838, -0.100538)
(0.400337, 0.395507, -0.100415)
</SamplePoints>
<SampleFrames Num="181">((0.191538, 0.383561, 0.903435, 0.095131), (-0.902496, 0.430614, 0.008518, 0.169854), (-0.385765, -0.816978, 0.428641, 0.082425), (0.000000, 0.000000, 0.000000, 1.000000))
((0.192913, 0.383316, 0.903246, 0.095198), (-0.903771, 0.427864, 0.011450, 0.169934), (-0.382078, -0.818536, 0.428970, 0.082348), (0.000000, 0.000000, 0.000000, 1.000000))
((0.192913, 0.383316, 0.903246, 0.095239), (-0.903771, 0.427864, 0.011450, 0.169983), (-0.382078, -0.818536, 0.428970, 0.082301), (0.000000, 0.000000, 0.000000, 1.000000))
((0.192913, 0.383316, 0.903246, 0.095239), (-0.903771, 0.427864, 0.011450, 0.169983), (-0.382078, -0.818536, 0.428970, 0.082301), (0.000000, 0.000000, 0.000000, 1.000000))
((0.192477, 0.385192, 0.902541, 0.095441), (-0.905257, 0.424700, 0.011800, 0.170224), (-0.378764, -0.819302, 0.430443, 0.082070), (0.000000, 0.000000, 0.000000, 1.000000))
((0.191497, 0.386729, 0.902092, 0.095832), (-0.906389, 0.422291, 0.011372, 0.170690), (-0.376547, -0.819824, 0.431394, 0.081625), (0.000000, 0.000000, 0.000000, 1.000000))
((0.190141, 0.387250, 0.902155, 0.095922), (-0.907585, 0.419721, 0.011120, 0.170798), (-0.374347, -0.820897, 0.431268, 0.081522), (0.000000, 0.000000, 0.000000, 1.000000))
((0.189826, 0.387022, 0.902319, 0.096260), (-0.907432, 0.420063, 0.010728, 0.171202), (-0.374879, -0.820829, 0.430935, 0.081135), (0.000000, 0.000000, 0.000000, 1.000000))
((0.189685, 0.386944, 0.902382, 0.096398), (-0.907305, 0.420342, 0.010476, 0.171367), (-0.375256, -0.820723, 0.430809, 0.080977), (0.000000, 0.000000, 0.000000, 1.000000))
((0.190327, 0.385661, 0.902796, 0.096538), (-0.911158, 0.411738, 0.016202, 0.171535), (-0.365467, -0.825674, 0.429763, 0.080817), (0.000000, 0.000000, 0.000000, 1.000000))
((0.190327, 0.385661, 0.902796, 0.096541), (-0.911158, 0.411738, 0.016202, 0.171539), (-0.365467, -0.825674, 0.429763, 0.080813), (0.000000, 0.000000, 0.000000, 1.000000))
((0.188940, 0.387011, 0.902510, 0.097641), (-0.915092, 0.402804, 0.018845, 0.172859), (-0.356241, -0.829440, 0.430257, 0.079549), (0.000000, 0.000000, 0.000000, 1.000000))
((0.188940, 0.387011, 0.902510, 0.097643), (-0.915092, 0.402804, 0.018845, 0.172862), (-0.356241, -0.829440, 0.430257, 0.079546), (0.000000, 0.000000, 0.000000, 1.000000))
((0.188228, 0.388825, 0.901879, 0.097938), (-0.916316, 0.400015, 0.018783, 0.173216), (-0.353462, -0.829942, 0.431580, 0.079206), (0.000000, 0.000000, 0.000000, 1.000000))
((0.186819, 0.387265, 0.902842, 0.098154), (-0.918315, 0.395322, 0.020451, 0.173475), (-0.348994, -0.832914, 0.429485, 0.078958), (0.000000, 0.000000, 0.000000, 1.000000))
((0.186201, 0.389101, 0.902181, 0.098461), (-0.919724, 0.392017, 0.020749, 0.173844), (-0.345597, -0.833620, 0.430859, 0.078604), (0.000000, 0.000000, 0.000000, 1.000000))
((0.186665, 0.390171, 0.901622, 0.099309), (-0.920020, 0.391300, 0.021142, 0.174864), (-0.344556, -0.833457, 0.432007, 0.077625), (0.000000, 0.000000, 0.000000, 1.000000))
((0.184795, 0.390207, 0.901992, 0.099510), (-0.921061, 0.388881, 0.020470, 0.175105), (-0.342780, -0.834572, 0.431267, 0.077393), (0.000000, 0.000000, 0.000000, 1.000000))
((0.182815, 0.392513, 0.901394, 0.099804), (-0.923687, 0.382585, 0.020739, 0.175458), (-0.336720, -0.836398, 0.432502, 0.077055), (0.000000, 0.000000, 0.000000, 1.000000))
((0.182021, 0.396861, 0.899650, 0.101039), (-0.924621, 0.380400, 0.019268, 0.176942), (-0.334580, -0.835342, 0.436187, 0.075632), (0.000000, 0.000000, 0.000000, 1.000000))
((0.181435, 0.396175, 0.900070, 0.101700), (-0.924818, 0.379926, 0.019195, 0.177736), (-0.334356, -0.835883, 0.435322, 0.074871), (0.000000, 0.000000, 0.000000, 1.000000))
((0.181871, 0.397158, 0.899549, 0.102446), (-0.925337, 0.378622, 0.019920, 0.178630), (-0.332678, -0.836009, 0.436365, 0.074012), (0.000000, 0.000000, 0.000000, 1.000000))
((0.182231, 0.398104, 0.899058, 0.102937), (-0.925799, 0.377459, 0.020512, 0.179219), (-0.331191, -0.836085, 0.437349, 0.073447), (0.000000, 0.000000, 0.000000, 1.000000))
((0.181389, 0.402568, 0.897239, 0.104652), (-0.924808, 0.380079, 0.016431, 0.181271), (-0.334407, -0.832754, 0.441240, 0.071477), (0.000000, 0.000000, 0.000000, 1.000000))
((0.180287, 0.406477, 0.895697, 0.106084), (-0.926109, 0.376944, 0.015347, 0.182979), (-0.331389, -0.832280, 0.444400, 0.069835), (0.000000, 0.000000, 0.000000, 1.000000))
((0.180805, 0.407649, 0.895060, 0.106461), (-0.926505, 0.375946, 0.015935, 0.183428), (-0.329998, -0.832158, 0.445662, 0.069404), (0.000000, 0.000000, 0.000000, 1.000000))
((0.179021, 0.407751, 0.895372, 0.106622), (-0.927616, 0.373214, 0.015507, 0.183619), (-0.327842, -0.833337, 0.445049, 0.069220), (0.000000, 0.000000, 0.000000, 1.000000))
((0.179529, 0.408929, 0.894733, 0.107001), (-0.928008, 0.372214, 0.016089, 0.184070), (-0.326453, -0.833207, 0.446312, 0.068787), (0.000000, 0.000000, 0.000000, 1.000000))
((0.177193, 0.410496, 0.894481, 0.107363), (-0.928167, 0.371930, 0.013180, 0.184499), (-0.327274, -0.832563, 0.446912, 0.068375), (0.000000, 0.000000, 0.000000, 1.000000))
((0.179388, 0.411459, 0.893600, 0.107663), (-0.927486, 0.373588, 0.014172, 0.184853), (-0.328007, -0.831344, 0.448640, 0.068034), (0.000000, 0.000000, 0.000000, 1.000000))
((0.177902, 0.411792, 0.893744, 0.107927), (-0.928719, 0.370513, 0.014150, 0.185164), (-0.325317, -0.832555, 0.448354, 0.067735), (0.000000, 0.000000, 0.000000, 1.000000))
((0.178392, 0.412971, 0.893102, 0.108383), (-0.929108, 0.369515, 0.014720, 0.185701), (-0.323935, -0.832414, 0.449613, 0.067220), (0.000000, 0.000000, 0.000000, 1.000000))
((0.177673, 0.412205, 0.893599, 0.109027), (-0.929193, 0.369316, 0.014390, 0.186456), (-0.324089, -0.832882, 0.448635, 0.066495), (0.000000, 0.000000, 0.000000, 1.000000))
((0.176214, 0.415281, 0.892463, 0.109658), (-0.929833, 0.367772, 0.012461, 0.187196), (-0.323048, -0.832037, 0.450948, 0.065786), (0.000000, 0.000000, 0.000000, 1.000000))
((0.177874, 0.415716, 0.891931, 0.110255), (-0.929179, 0.369398, 0.013131, 0.187895), (-0.324019, -0.831099, 0.451981, 0.065116), (0.000000, 0.000000, 0.000000, 1.000000))
((0.177576, 0.415985, 0.891865, 0.111447), (-0.929820, 0.367764, 0.013600, 0.189287), (-0.322339, -0.831688, 0.452097, 0.063784), (0.000000, 0.000000, 0.000000, 1.000000))
((0.177482, 0.419219, 0.890368, 0.112796), (-0.929813, 0.367832, 0.012156, 0.190861), (-0.322410, -0.830033, 0.455079, 0.062277), (0.000000, 0.000000, 0.000000, 1.000000))
((0.175312, 0.421472, 0.889734, 0.114126), (-0.930664, 0.365734, 0.010127, 0.192411), (-0.321138, -0.829819, 0.456367, 0.060793), (0.000000, 0.000000, 0.000000, 1.000000))
((0.174952, 0.421091, 0.889986, 0.114429), (-0.930706, 0.365632, 0.009960, 0.192764), (-0.321213, -0.830058, 0.455880, 0.060456), (0.000000, 0.000000, 0.000000, 1.000000))
((0.176939, 0.421836, 0.889240, 0.114898), (-0.930097, 0.367152, 0.010900, 0.193309), (-0.321888, -0.829008, 0.457312, 0.059937), (0.000000, 0.000000, 0.000000, 1.000000))
((0.176472, 0.423983, 0.888311, 0.115831), (-0.929666, 0.368297, 0.008902, 0.194393), (-0.323388, -0.827403, 0.459156, 0.058904), (0.000000, 0.000000, 0.000000, 1.000000))
((0.175799, 0.423187, 0.888824, 0.116420), (-0.929887, 0.367740, 0.008832, 0.195073), (-0.323118, -0.828058, 0.458164, 0.058257), (0.000000, 0.000000, 0.000000, 1.000000))
((0.174475, 0.426447, 0.887525, 0.116873), (-0.930448, 0.366359, 0.006881, 0.195596), (-0.322219, -0.826997, 0.460708, 0.057758), (0.000000, 0.000000, 0.000000, 1.000000))
((0.175885, 0.426505, 0.887219, 0.117878), (-0.930027, 0.367409, 0.007750, 0.196755), (-0.322667, -0.826501, 0.461283, 0.056655), (0.000000, 0.000000, 0.000000, 1.000000))
((0.175597, 0.426165, 0.887440, 0.118292), (-0.930122, 0.367171, 0.007720, 0.197230), (-0.322552, -0.826782, 0.460859, 0.056203), (0.000000, 0.000000, 0.000000, 1.000000))
((0.176705, 0.428501, 0.886094, 0.119960), (-0.929280, 0.369316, 0.006722, 0.199133), (-0.324368, -0.824617, 0.463457, 0.054396), (0.000000, 0.000000, 0.000000, 1.000000))
((0.178321, 0.431462, 0.884332, 0.120972), (-0.928184, 0.372079, 0.005628, 0.200286), (-0.326613, -0.821826, 0.466826, 0.053300), (0.000000, 0.000000, 0.000000, 1.000000))
((0.177997, 0.434292, 0.883011, 0.122662), (-0.928440, 0.371455, 0.004462, 0.202206), (-0.326061, -0.820617, 0.469332, 0.051477), (0.000000, 0.000000, 0.000000, 1.000000))
((0.177514, 0.433730, 0.883384, 0.123271), (-0.928600, 0.371056, 0.004416, 0.202894), (-0.325870, -0.821094, 0.468629, 0.050823), (0.000000, 0.000000, 0.000000, 1.000000))
((0.178912, 0.436361, 0.881805, 0.124663), (-0.927639, 0.373462, 0.003404, 0.204467), (-0.327835, -0.818606, 0.471602, 0.049327), (0.000000, 0.000000, 0.000000, 1.000000))
((0.180411, 0.439086, 0.880145, 0.125866), (-0.926636, 0.375952, 0.002386, 0.205819), (-0.329845, -0.816004, 0.474699, 0.048043), (0.000000, 0.000000, 0.000000, 1.000000))
((0.178096, 0.441256, 0.879531, 0.127130), (-0.927425, 0.374008, 0.000156, 0.207236), (-0.328883, -0.815728, 0.475841, 0.046695), (0.000000, 0.000000, 0.000000, 1.000000))
((0.177655, 0.444008, 0.878234, 0.129086), (-0.927615, 0.373536, -0.001204, 0.209428), (-0.328587, -0.814449, 0.478229, 0.044610), (0.000000, 0.000000, 0.000000, 1.000000))
((0.179057, 0.444044, 0.877931, 0.130001), (-0.927180, 0.374617, -0.000374, 0.210451), (-0.329054, -0.813933, 0.478786, 0.043639), (0.000000, 0.000000, 0.000000, 1.000000))
((0.178660, 0.446146, 0.876946, 0.130988), (-0.926760, 0.375646, -0.002301, 0.211553), (-0.330448, -0.812307, 0.480584, 0.042594), (0.000000, 0.000000, 0.000000, 1.000000))
((0.182240, 0.447090, 0.875728, 0.132294), (-0.925621, 0.378451, -0.000590, 0.213010), (-0.331684, -0.810484, 0.482805, 0.041217), (0.000000, 0.000000, 0.000000, 1.000000))
((0.181562, 0.449520, 0.874624, 0.134369), (-0.925952, 0.377636, -0.001872, 0.215319), (-0.331131, -0.809520, 0.484798, 0.039033), (0.000000, 0.000000, 0.000000, 1.000000))
((0.181299, 0.451865, 0.873469, 0.134910), (-0.925320, 0.379165, -0.004089, 0.215918), (-0.333037, -0.807497, 0.486862, 0.038468), (0.000000, 0.000000, 0.000000, 1.000000))
((0.181893, 0.456685, 0.870835, 0.138681), (-0.924661, 0.380735, -0.006530, 0.220094), (-0.334540, -0.804039, 0.491532, 0.034534), (0.000000, 0.000000, 0.000000, 1.000000))
((0.182719, 0.456126, 0.870955, 0.139956), (-0.924324, 0.381562, -0.005912, 0.221494), (-0.335020, -0.803965, 0.491327, 0.033224), (0.000000, 0.000000, 0.000000, 1.000000))
((0.182960, 0.459528, 0.869114, 0.141239), (-0.924398, 0.381364, -0.007041, 0.222902), (-0.334684, -0.802119, 0.494561, 0.031906), (0.000000, 0.000000, 0.000000, 1.000000))
((0.180203, 0.464446, 0.867074, 0.144370), (-0.925348, 0.378968, -0.010679, 0.226324), (-0.333553, -0.800420, 0.498066, 0.028714), (0.000000, 0.000000, 0.000000, 1.000000))
((0.181945, 0.465645, 0.866066, 0.145790), (-0.925344, 0.379014, -0.009381, 0.227864), (-0.332619, -0.799702, 0.499841, 0.027276), (0.000000, 0.000000, 0.000000, 1.000000))
((0.183431, 0.465769, 0.865686, 0.146635), (-0.924860, 0.380210, -0.008597, 0.228775), (-0.333146, -0.799062, 0.500514, 0.026418), (0.000000, 0.000000, 0.000000, 1.000000))
((0.179038, 0.467883, 0.865466, 0.148487), (-0.926970, 0.374975, -0.010956, 0.230770), (-0.329654, -0.800299, 0.500849, 0.024539), (0.000000, 0.000000, 0.000000, 1.000000))
((0.180619, 0.468123, 0.865007, 0.149333), (-0.926459, 0.376258, -0.010172, 0.231674), (-0.330227, -0.799557, 0.501656, 0.023679), (0.000000, 0.000000, 0.000000, 1.000000))
((0.178370, 0.470497, 0.864186, 0.150284), (-0.927065, 0.374687, -0.012646, 0.232693), (-0.329749, -0.798901, 0.503014, 0.022711), (0.000000, 0.000000, 0.000000, 1.000000))
((0.177762, 0.471530, 0.863748, 0.152412), (-0.928271, 0.371714, -0.011882, 0.234964), (-0.326670, -0.799680, 0.503784, 0.020537), (0.000000, 0.000000, 0.000000, 1.000000))
((0.177250, 0.474349, 0.862308, 0.154108), (-0.928297, 0.371591, -0.013595, 0.236773), (-0.326875, -0.798068, 0.506201, 0.018794), (0.000000, 0.000000, 0.000000, 1.000000))
((0.177250, 0.474349, 0.862308, 0.154145), (-0.928297, 0.371591, -0.013595, 0.236812), (-0.326875, -0.798068, 0.506201, 0.018756), (0.000000, 0.000000, 0.000000, 1.000000))
((0.174641, 0.477914, 0.860871, 0.157224), (-0.930194, 0.366766, -0.014907, 0.240062), (-0.322862, -0.798173, 0.508605, 0.015567), (0.000000, 0.000000, 0.000000, 1.000000))
((0.174185, 0.480900, 0.859299, 0.158702), (-0.930098, 0.366927, -0.016812, 0.241603), (-0.323385, -0.796304, 0.511197, 0.014015), (0.000000, 0.000000, 0.000000, 1.000000))
((0.168978, 0.486273, 0.857313, 0.163483), (-0.932871, 0.359648, -0.020124, 0.246545), (-0.318117, -0.796361, 0.514403, 0.008931), (0.000000, 0.000000, 0.000000, 1.000000))
((0.169209, 0.487371, 0.856643, 0.164035), (-0.933368, 0.358389, -0.019534, 0.247110), (-0.316532, -0.796258, 0.515539, 0.008339), (0.000000, 0.000000, 0.000000, 1.000000))
((0.164566, 0.490958, 0.855499, 0.167284), (-0.936451, 0.350180, -0.020825, 0.250383), (-0.309803, -0.797705, 0.517386, 0.004796), (0.000000, 0.000000, 0.000000, 1.000000))
((0.162130, 0.493028, 0.854773, 0.168574), (-0.937137, 0.348196, -0.023085, 0.251653), (-0.309010, -0.797297, 0.518488, 0.003374), (0.000000, 0.000000, 0.000000, 1.000000))
((0.160146, 0.497292, 0.852674, 0.170848), (-0.938815, 0.343579, -0.024056, 0.253854), (-0.304924, -0.796651, 0.521889, 0.000854), (0.000000, 0.000000, 0.000000, 1.000000))
((0.156198, 0.499926, 0.851866, 0.172062), (-0.940519, 0.338720, -0.026328, 0.255016), (-0.301706, -0.797084, 0.523097, -0.000495), (0.000000, 0.000000, 0.000000, 1.000000))
((0.157819, 0.501201, 0.850818, 0.173507), (-0.940552, 0.338723, -0.025072, 0.256368), (-0.300758, -0.796281, 0.524863, -0.002113), (0.000000, 0.000000, 0.000000, 1.000000))
((0.157943, 0.505606, 0.848184, 0.175199), (-0.940987, 0.337448, -0.025930, 0.257950), (-0.299328, -0.794035, 0.529066, -0.004007), (0.000000, 0.000000, 0.000000, 1.000000))
((0.155613, 0.507814, 0.847296, 0.176122), (-0.941573, 0.335625, -0.028224, 0.258790), (-0.298706, -0.793398, 0.530371, -0.005041), (0.000000, 0.000000, 0.000000, 1.000000))
((0.153537, 0.512897, 0.844608, 0.179047), (-0.943764, 0.329392, -0.028465, 0.261452), (-0.292807, -0.792740, 0.534628, -0.008318), (0.000000, 0.000000, 0.000000, 1.000000))
((0.149087, 0.514980, 0.844138, 0.180496), (-0.945490, 0.324193, -0.030792, 0.262734), (-0.289521, -0.793533, 0.535241, -0.009920), (0.000000, 0.000000, 0.000000, 1.000000))
((0.147064, 0.518531, 0.842317, 0.181716), (-0.946396, 0.321361, -0.032595, 0.263810), (-0.287589, -0.792371, 0.537996, -0.011265), (0.000000, 0.000000, 0.000000, 1.000000))
((0.139606, 0.523813, 0.840315, 0.183907), (-0.950832, 0.307842, -0.033928, 0.265689), (-0.276456, -0.794262, 0.541035, -0.013616), (0.000000, 0.000000, 0.000000, 1.000000))
((0.133846, 0.526823, 0.839371, 0.184914), (-0.953175, 0.300215, -0.036434, 0.266539), (-0.271186, -0.795191, 0.542337, -0.014676), (0.000000, 0.000000, 0.000000, 1.000000))
((0.130274, 0.530929, 0.837343, 0.186041), (-0.954913, 0.294428, -0.038121, 0.267467), (-0.266777, -0.794623, 0.545348, -0.015828), (0.000000, 0.000000, 0.000000, 1.000000))
((0.125381, 0.539037, 0.832898, 0.190524), (-0.957597, 0.285255, -0.040459, 0.271115), (-0.259397, -0.792508, 0.551946, -0.020326), (0.000000, 0.000000, 0.000000, 1.000000))
((0.122824, 0.541967, 0.831376, 0.192260), (-0.958492, 0.281977, -0.042215, 0.272500), (-0.257308, -0.791682, 0.554105, -0.022012), (0.000000, 0.000000, 0.000000, 1.000000))
((0.120644, 0.546401, 0.828789, 0.194033), (-0.959694, 0.277682, -0.043370, 0.273898), (-0.253837, -0.790151, 0.557878, -0.023700), (0.000000, 0.000000, 0.000000, 1.000000))
((0.117926, 0.549250, 0.827295, 0.195708), (-0.960514, 0.274512, -0.045336, 0.275210), (-0.252003, -0.789283, 0.559935, -0.025275), (0.000000, 0.000000, 0.000000, 1.000000))
((0.117748, 0.550983, 0.826168, 0.197190), (-0.961468, 0.271380, -0.043956, 0.276362), (-0.248424, -0.789158, 0.561707, -0.026642), (0.000000, 0.000000, 0.000000, 1.000000))
((0.115425, 0.554180, 0.824355, 0.198570), (-0.962266, 0.268262, -0.045606, 0.277427), (-0.246417, -0.787985, 0.564233, -0.027895), (0.000000, 0.000000, 0.000000, 1.000000))
((0.114665, 0.554333, 0.824358, 0.199820), (-0.962817, 0.266351, -0.045181, 0.278387), (-0.244614, -0.788525, 0.564262, -0.029013), (0.000000, 0.000000, 0.000000, 1.000000))
((0.114431, 0.556152, 0.823165, 0.201285), (-0.963680, 0.263410, -0.044002, 0.279508), (-0.241302, -0.788233, 0.566094, -0.030311), (0.000000, 0.000000, 0.000000, 1.000000))
((0.111604, 0.558921, 0.821676, 0.202999), (-0.964444, 0.260249, -0.046032, 0.280814), (-0.239569, -0.787323, 0.568093, -0.031813), (0.000000, 0.000000, 0.000000, 1.000000))
((0.112623, 0.562308, 0.819222, 0.205095), (-0.963975, 0.261779, -0.047160, 0.282407), (-0.240974, -0.784398, 0.571534, -0.033629), (0.000000, 0.000000, 0.000000, 1.000000))
((0.109771, 0.564858, 0.817854, 0.207120), (-0.964837, 0.258266, -0.048875, 0.283939), (-0.238831, -0.783731, 0.573346, -0.035360), (0.000000, 0.000000, 0.000000, 1.000000))
((0.111075, 0.565993, 0.816893, 0.208908), (-0.964965, 0.258031, -0.047571, 0.285288), (-0.237708, -0.782989, 0.574824, -0.036867), (0.000000, 0.000000, 0.000000, 1.000000))
((0.114057, 0.566752, 0.815955, 0.210723), (-0.964240, 0.260927, -0.046452, 0.286651), (-0.239231, -0.781479, 0.576246, -0.038377), (0.000000, 0.000000, 0.000000, 1.000000))
((0.112857, 0.568903, 0.814624, 0.212696), (-0.964245, 0.260557, -0.048378, 0.288128), (-0.239779, -0.780038, 0.577968, -0.040001), (0.000000, 0.000000, 0.000000, 1.000000))
((0.111594, 0.572098, 0.812558, 0.215189), (-0.964629, 0.258868, -0.049782, 0.289989), (-0.238825, -0.778262, 0.580750, -0.042034), (0.000000, 0.000000, 0.000000, 1.000000))
((0.112767, 0.573201, 0.811618, 0.216951), (-0.964716, 0.258750, -0.048703, 0.291294), (-0.237923, -0.777489, 0.582155, -0.043434), (0.000000, 0.000000, 0.000000, 1.000000))
((0.109556, 0.575436, 0.810475, 0.219227), (-0.965560, 0.255198, -0.050671, 0.292979), (-0.235990, -0.777011, 0.583577, -0.045241), (0.000000, 0.000000, 0.000000, 1.000000))
((0.109833, 0.577632, 0.808875, 0.222562), (-0.965354, 0.255793, -0.051586, 0.295432), (-0.236702, -0.775185, 0.585714, -0.047838), (0.000000, 0.000000, 0.000000, 1.000000))
((0.110307, 0.580409, 0.806820, 0.225200), (-0.964907, 0.257172, -0.053084, 0.297353), (-0.238302, -0.772650, 0.588408, -0.049844), (0.000000, 0.000000, 0.000000, 1.000000))
((0.106821, 0.582072, 0.806090, 0.227919), (-0.965906, 0.253044, -0.054722, 0.299317), (-0.235829, -0.772762, 0.589257, -0.051868), (0.000000, 0.000000, 0.000000, 1.000000))
((0.109793, 0.582722, 0.805221, 0.229911), (-0.965240, 0.255825, -0.053524, 0.300736), (-0.237185, -0.771355, 0.590555, -0.053304), (0.000000, 0.000000, 0.000000, 1.000000))
((0.109049, 0.585235, 0.803497, 0.231521), (-0.965188, 0.255662, -0.055221, 0.301879), (-0.237741, -0.769504, 0.592741, -0.054455), (0.000000, 0.000000, 0.000000, 1.000000))
((0.110262, 0.586328, 0.802535, 0.233214), (-0.965296, 0.255505, -0.054047, 0.303071), (-0.236741, -0.768724, 0.594153, -0.055642), (0.000000, 0.000000, 0.000000, 1.000000))
((0.107486, 0.588936, 0.801000, 0.235160), (-0.966079, 0.252157, -0.055760, 0.304432), (-0.234817, -0.767836, 0.596061, -0.056985), (0.000000, 0.000000, 0.000000, 1.000000))
((0.106714, 0.591402, 0.799284, 0.236759), (-0.966014, 0.252015, -0.057495, 0.305532), (-0.235434, -0.765984, 0.598196, -0.058058), (0.000000, 0.000000, 0.000000, 1.000000))
((0.106096, 0.591681, 0.799160, 0.238108), (-0.966564, 0.250053, -0.056813, 0.306460), (-0.233448, -0.766412, 0.598427, -0.058962), (0.000000, 0.000000, 0.000000, 1.000000))
((0.105678, 0.591132, 0.799622, 0.238705), (-0.966673, 0.249636, -0.056792, 0.306870), (-0.233186, -0.766971, 0.597812, -0.059362), (0.000000, 0.000000, 0.000000, 1.000000))
((0.104353, 0.595004, 0.796919, 0.241410), (-0.966197, 0.250588, -0.060578, 0.308696), (-0.235743, -0.763659, 0.601041, -0.061113), (0.000000, 0.000000, 0.000000, 1.000000))
((0.103781, 0.596322, 0.796008, 0.243374), (-0.967166, 0.247185, -0.059080, 0.309994), (-0.231992, -0.763740, 0.602395, -0.062340), (0.000000, 0.000000, 0.000000, 1.000000))
((0.101070, 0.597909, 0.795167, 0.244675), (-0.967491, 0.245318, -0.061488, 0.310854), (-0.231833, -0.763102, 0.603265, -0.063153), (0.000000, 0.000000, 0.000000, 1.000000))
((0.100681, 0.598498, 0.794773, 0.245627), (-0.967961, 0.243619, -0.060835, 0.311471), (-0.230031, -0.763184, 0.603851, -0.063728), (0.000000, 0.000000, 0.000000, 1.000000))
((0.097871, 0.601175, 0.793101, 0.247397), (-0.968601, 0.240554, -0.062813, 0.312603), (-0.228545, -0.762051, 0.605842, -0.064774), (0.000000, 0.000000, 0.000000, 1.000000))
((0.099537, 0.602799, 0.791660, 0.248746), (-0.968622, 0.240793, -0.061561, 0.313461), (-0.227735, -0.760692, 0.607852, -0.065563), (0.000000, 0.000000, 0.000000, 1.000000))
((0.096898, 0.603226, 0.791662, 0.249540), (-0.968602, 0.240127, -0.064416, 0.313955), (-0.228957, -0.760564, 0.607554, -0.066012), (0.000000, 0.000000, 0.000000, 1.000000))
((0.098499, 0.604638, 0.790387, 0.251219), (-0.968696, 0.240130, -0.062977, 0.315001), (-0.227874, -0.759441, 0.609363, -0.066960), (0.000000, 0.000000, 0.000000, 1.000000))
((0.093852, 0.605339, 0.790415, 0.251982), (-0.969386, 0.236498, -0.066019, 0.315476), (-0.226896, -0.760022, 0.609003, -0.067391), (0.000000, 0.000000, 0.000000, 1.000000))
((0.095199, 0.605301, 0.790283, 0.253519), (-0.969192, 0.237528, -0.065179, 0.316416), (-0.227167, -0.759731, 0.609265, -0.068230), (0.000000, 0.000000, 0.000000, 1.000000))
((0.094483, 0.607544, 0.788646, 0.255427), (-0.969170, 0.237214, -0.066631, 0.317583), (-0.227559, -0.758037, 0.611226, -0.069272), (0.000000, 0.000000, 0.000000, 1.000000))
((0.093550, 0.609738, 0.787063, 0.257321), (-0.969079, 0.237063, -0.068468, 0.318722), (-0.228331, -0.756320, 0.613062, -0.070270), (0.000000, 0.000000, 0.000000, 1.000000))
((0.094698, 0.611687, 0.785412, 0.260081), (-0.969618, 0.235426, -0.066444, 0.320368), (-0.225549, -0.755258, 0.615397, -0.071685), (0.000000, 0.000000, 0.000000, 1.000000))
((0.091952, 0.614060, 0.783885, 0.262101), (-0.970338, 0.232015, -0.067927, 0.321567), (-0.223584, -0.754387, 0.617180, -0.072704), (0.000000, 0.000000, 0.000000, 1.000000))
((0.092694, 0.616099, 0.782195, 0.265732), (-0.970182, 0.232579, -0.068221, 0.323706), (-0.223953, -0.752548, 0.619287, -0.074484), (0.000000, 0.000000, 0.000000, 1.000000))
((0.088188, 0.623508, 0.776827, 0.272357), (-0.971138, 0.227326, -0.072213, 0.327582), (-0.221618, -0.748038, 0.625559, -0.077591), (0.000000, 0.000000, 0.000000, 1.000000))
((0.085591, 0.623336, 0.777256, 0.273897), (-0.971299, 0.225972, -0.074264, 0.328476), (-0.221929, -0.748591, 0.624787, -0.078272), (0.000000, 0.000000, 0.000000, 1.000000))
((0.087126, 0.625175, 0.775606, 0.276086), (-0.970608, 0.228605, -0.075236, 0.329746), (-0.224343, -0.746254, 0.626717, -0.079240), (0.000000, 0.000000, 0.000000, 1.000000))
((0.086560, 0.627818, 0.773532, 0.279340), (-0.971145, 0.226372, -0.075056, 0.331616), (-0.222228, -0.744715, 0.629297, -0.080633), (0.000000, 0.000000, 0.000000, 1.000000))
((0.086353, 0.627007, 0.774213, 0.280611), (-0.971426, 0.225438, -0.074224, 0.332337), (-0.221076, -0.745681, 0.628558, -0.081144), (0.000000, 0.000000, 0.000000, 1.000000))
((0.086050, 0.628227, 0.773257, 0.281779), (-0.971043, 0.226506, -0.075963, 0.333000), (-0.222869, -0.744329, 0.629526, -0.081614), (0.000000, 0.000000, 0.000000, 1.000000))
((0.087760, 0.629071, 0.772378, 0.283267), (-0.969986, 0.230478, -0.077502, 0.333836), (-0.226770, -0.742395, 0.630417, -0.082184), (0.000000, 0.000000, 0.000000, 1.000000))
((0.089460, 0.631977, 0.769806, 0.285887), (-0.969602, 0.231995, -0.077779, 0.335299), (-0.227746, -0.739448, 0.633521, -0.083155), (0.000000, 0.000000, 0.000000, 1.000000))
((0.091413, 0.632236, 0.769364, 0.287229), (-0.969426, 0.233176, -0.076433, 0.336044), (-0.227721, -0.738855, 0.634222, -0.083630), (0.000000, 0.000000, 0.000000, 1.000000))
((0.093250, 0.634266, 0.767471, 0.289136), (-0.968624, 0.236149, -0.077472, 0.337104), (-0.230375, -0.736166, 0.636386, -0.084305), (0.000000, 0.000000, 0.000000, 1.000000))
((0.090788, 0.635603, 0.766659, 0.290457), (-0.968943, 0.234186, -0.079410, 0.337837), (-0.230014, -0.735640, 0.637124, -0.084760), (0.000000, 0.000000, 0.000000, 1.000000))
((0.090788, 0.635603, 0.766659, 0.290457), (-0.968943, 0.234186, -0.079410, 0.337837), (-0.230014, -0.735640, 0.637124, -0.084760), (0.000000, 0.000000, 0.000000, 1.000000))
((0.090788, 0.635603, 0.766659, 0.290480), (-0.968943, 0.234186, -0.079410, 0.337850), (-0.230014, -0.735640, 0.637124, -0.084767), (0.000000, 0.000000, 0.000000, 1.000000))
((0.089091, 0.640456, 0.762810, 0.295314), (-0.969021, 0.232851, -0.082327, 0.340516), (-0.230348, -0.731844, 0.641361, -0.086306), (0.000000, 0.000000, 0.000000, 1.000000))
((0.090438, 0.642174, 0.761205, 0.297280), (-0.968146, 0.235884, -0.083974, 0.341599), (-0.233482, -0.729364, 0.643051, -0.086896), (0.000000, 0.000000, 0.000000, 1.000000))
((0.087694, 0.642839, 0.760965, 0.299406), (-0.968633, 0.233330, -0.085484, 0.342770), (-0.232509, -0.729599, 0.643137, -0.087533), (0.000000, 0.000000, 0.000000, 1.000000))
((0.089218, 0.644737, 0.759180, 0.301258), (-0.967703, 0.236546, -0.087164, 0.343785), (-0.235779, -0.726884, 0.645018, -0.088060), (0.000000, 0.000000, 0.000000, 1.000000))
((0.090634, 0.645512, 0.758354, 0.303662), (-0.967896, 0.236357, -0.085510, 0.345102), (-0.234440, -0.726258, 0.646210, -0.088742), (0.000000, 0.000000, 0.000000, 1.000000))
((0.089830, 0.647146, 0.757055, 0.306060), (-0.967834, 0.236080, -0.086966, 0.346409), (-0.235005, -0.724892, 0.647537, -0.089374), (0.000000, 0.000000, 0.000000, 1.000000))
((0.088993, 0.649837, 0.754845, 0.308911), (-0.968067, 0.234753, -0.087966, 0.347963), (-0.234366, -0.722912, 0.649977, -0.090124), (0.000000, 0.000000, 0.000000, 1.000000))
((0.088181, 0.651427, 0.753569, 0.311370), (-0.967991, 0.234504, -0.089446, 0.349289), (-0.234982, -0.721561, 0.651255, -0.090747), (0.000000, 0.000000, 0.000000, 1.000000))
((0.086742, 0.655616, 0.750096, 0.316728), (-0.968180, 0.232890, -0.091594, 0.352173), (-0.234740, -0.718283, 0.654956, -0.092063), (0.000000, 0.000000, 0.000000, 1.000000))
((0.086236, 0.655708, 0.750073, 0.319495), (-0.968033, 0.233138, -0.092513, 0.353659), (-0.235532, -0.718118, 0.654852, -0.092720), (0.000000, 0.000000, 0.000000, 1.000000))
((0.087709, 0.657902, 0.747979, 0.322592), (-0.967606, 0.234715, -0.092986, 0.355299), (-0.236738, -0.715593, 0.657177, -0.093397), (0.000000, 0.000000, 0.000000, 1.000000))
((0.083832, 0.660925, 0.745755, 0.327727), (-0.968165, 0.231160, -0.096032, 0.358000), (-0.235859, -0.713963, 0.659263, -0.094468), (0.000000, 0.000000, 0.000000, 1.000000))
((0.084050, 0.667104, 0.740208, 0.338114), (-0.968503, 0.229420, -0.096789, 0.363388), (-0.234387, -0.708758, 0.665375, -0.096401), (0.000000, 0.000000, 0.000000, 1.000000))
((0.081605, 0.668148, 0.739540, 0.341877), (-0.969447, 0.225438, -0.096701, 0.365322), (-0.231331, -0.709053, 0.666131, -0.097024), (0.000000, 0.000000, 0.000000, 1.000000))
((0.083627, 0.671297, 0.736456, 0.346247), (-0.968541, 0.228584, -0.098379, 0.367563), (-0.234383, -0.705060, 0.669294, -0.097685), (0.000000, 0.000000, 0.000000, 1.000000))
((0.083785, 0.673942, 0.734018, 0.349967), (-0.967961, 0.230020, -0.100705, 0.369469), (-0.236708, -0.702064, 0.671622, -0.098200), (0.000000, 0.000000, 0.000000, 1.000000))
((0.082107, 0.674421, 0.733767, 0.352694), (-0.968571, 0.227451, -0.100674, 0.370865), (-0.234793, -0.702440, 0.671900, -0.098542), (0.000000, 0.000000, 0.000000, 1.000000))
((0.084417, 0.676025, 0.732027, 0.354832), (-0.967680, 0.230822, -0.101571, 0.371959), (-0.237633, -0.699793, 0.673661, -0.098787), (0.000000, 0.000000, 0.000000, 1.000000))
((0.081953, 0.677558, 0.730889, 0.358212), (-0.967493, 0.230135, -0.104860, 0.373689), (-0.239252, -0.698537, 0.674392, -0.099109), (0.000000, 0.000000, 0.000000, 1.000000))
((0.087214, 0.682937, 0.725252, 0.371049), (-0.965557, 0.237103, -0.107157, 0.380249), (-0.245141, -0.690926, 0.680093, -0.100025), (0.000000, 0.000000, 0.000000, 1.000000))
((0.086971, 0.683647, 0.724612, 0.374551), (-0.965647, 0.236641, -0.107362, 0.382038), (-0.244871, -0.690382, 0.680743, -0.100194), (0.000000, 0.000000, 0.000000, 1.000000))
((0.089396, 0.684346, 0.723657, 0.377629), (-0.964979, 0.239420, -0.107207, 0.383613), (-0.246625, -0.688730, 0.681783, -0.100315), (0.000000, 0.000000, 0.000000, 1.000000))
((0.091184, 0.686913, 0.720997, 0.381523), (-0.964678, 0.240617, -0.107240, 0.385607), (-0.247149, -0.685751, 0.684590, -0.100436), (0.000000, 0.000000, 0.000000, 1.000000))
((0.091193, 0.687255, 0.720669, 0.383545), (-0.964265, 0.241710, -0.108485, 0.386641), (-0.248750, -0.685023, 0.684738, -0.100486), (0.000000, 0.000000, 0.000000, 1.000000))
((0.089172, 0.688169, 0.720050, 0.385078), (-0.964509, 0.240055, -0.109980, 0.387424), (-0.248536, -0.684688, 0.685151, -0.100515), (0.000000, 0.000000, 0.000000, 1.000000))
((0.091525, 0.688352, 0.719580, 0.386499), (-0.964250, 0.241723, -0.108588, 0.388156), (-0.248686, -0.683916, 0.685867, -0.100534), (0.000000, 0.000000, 0.000000, 1.000000))
((0.093505, 0.689757, 0.717978, 0.388020), (-0.963089, 0.245494, -0.110418, 0.388940), (-0.252421, -0.681152, 0.687252, -0.100553), (0.000000, 0.000000, 0.000000, 1.000000))
((0.091834, 0.690731, 0.717256, 0.389723), (-0.963369, 0.243891, -0.111526, 0.389820), (-0.251967, -0.680740, 0.687826, -0.100569), (0.000000, 0.000000, 0.000000, 1.000000))
((0.096031, 0.691369, 0.716092, 0.391369), (-0.962577, 0.247668, -0.110031, 0.390672), (-0.253425, -0.678727, 0.689279, -0.100578), (0.000000, 0.000000, 0.000000, 1.000000))
((0.095886, 0.691458, 0.716025, 0.393562), (-0.962184, 0.248641, -0.111260, 0.391816), (-0.254965, -0.678280, 0.689151, -0.100573), (0.000000, 0.000000, 0.000000, 1.000000))
((0.100260, 0.692548, 0.714371, 0.394564), (-0.961191, 0.252890, -0.110264, 0.392338), (-0.257020, -0.675592, 0.691026, -0.100569), (0.000000, 0.000000, 0.000000, 1.000000))
((0.100348, 0.692342, 0.714557, 0.395021), (-0.961297, 0.252678, -0.109824, 0.392575), (-0.256589, -0.675881, 0.690903, -0.100567), (0.000000, 0.000000, 0.000000, 1.000000))
((0.101969, 0.692711, 0.713970, 0.395414), (-0.960750, 0.254712, -0.109914, 0.392780), (-0.257995, -0.674739, 0.691495, -0.100564), (0.000000, 0.000000, 0.000000, 1.000000))
((0.101630, 0.693485, 0.713267, 0.396012), (-0.961006, 0.253785, -0.109817, 0.393091), (-0.257173, -0.674293, 0.692236, -0.100558), (0.000000, 0.000000, 0.000000, 1.000000))
((0.103467, 0.693938, 0.712562, 0.396373), (-0.960463, 0.255875, -0.109724, 0.393279), (-0.258469, -0.673037, 0.692976, -0.100554), (0.000000, 0.000000, 0.000000, 1.000000))
((0.103468, 0.693637, 0.712855, 0.396872), (-0.960592, 0.255584, -0.109268, 0.393540), (-0.257987, -0.673457, 0.692747, -0.100547), (0.000000, 0.000000, 0.000000, 1.000000))
((0.103600, 0.693328, 0.713136, 0.397432), (-0.960750, 0.255271, -0.108608, 0.393832), (-0.257344, -0.673894, 0.692561, -0.100539), (0.000000, 0.000000, 0.000000, 1.000000))
((0.103732, 0.693319, 0.713125, 0.397445), (-0.960780, 0.255247, -0.108402, 0.393838), (-0.257181, -0.673912, 0.692605, -0.100538), (0.000000, 0.000000, 0.000000, 1.000000))
((0.112341, 0.693178, 0.711958, 0.400337), (-0.951051, 0.282593, -0.125071, 0.395507), (-0.287891, -0.663058, 0.690994, -0.100415), (0.000000, 0.000000, 0.000000, 1.000000))
</SampleFrames>
<SampleWeights Num="181">0.0139075
0.0517318
0.0524199
0.05242
0.0830605
0.136358
0.141364
0.156357
0.167513
0.203851
0.203851
0.277088
0.277088
0.320436
0.356381
0.382069
0.40416
0.421911
0.445695
0.46107
0.455208
0.457033
0.464824
0.45356
0.443738
0.452929
0.464153
0.473665
0.469329
0.468041
0.466602
0.476884
0.480489
0.479557
0.478266
0.483266
0.480764
0.46927
0.471208
0.466633
0.459125
0.453957
0.451141
0.442895
0.439759
0.419352
0.409916
0.395502
0.391067
0.374985
0.360988
0.356994
0.349203
0.34348
0.333077
0.325348
0.313453
0.315506
0.291702
0.291444
0.28164
0.274386
0.279469
0.276561
0.276648
0.273855
0.28019
0.297209
0.300922
0.300914
0.315065
0.319741
0.309168
0.31244
0.313366
0.307182
0.299457
0.291849
0.288722
0.279199
0.274304
0.259768
0.253444
0.251963
0.253165
0.254599
0.247073
0.229945
0.226708
0.224334
0.22681
0.221363
0.215887
0.222722
0.22516
0.231931
0.226736
0.221152
0.216378
0.211984
0.220376
0.229714
0.235008
0.238035
0.229926
0.235528
0.233906
0.243318
0.246412
0.253095
0.254474
0.262931
0.271701
0.271666
0.275599
0.274087
0.282062
0.286001
0.30207
0.30338
0.301489
0.292618
0.294508
0.290283
0.290007
0.292553
0.303668
0.310836
0.31364
0.328046
0.320157
0.312114
0.297957
0.297675
0.293618
0.289611
0.287605
0.285619
0.287924
0.288463
0.288463
0.288462
0.295174
0.296494
0.300729
0.30519
0.311867
0.311216
0.312553
0.317372
0.332528
0.329961
0.335422
0.365643
0.379646
0.377169
0.367925
0.360964
0.355996
0.357949
0.367683
0.355622
0.376981
0.371914
0.392809
0.408437
0.409562
0.417384
0.431338
0.422871
0.428268
0.43766
0.43892
0.435331
0.454626
0.470955
0.48367
0.484759
0.482139
0.476385
0.209425
</SampleWeights>
</PointSplatMark>
