<PointSplatMark HeadPosAtStart="(0.179782, 1.37614, 1.84741)" BrushTip="0" BrushInterface="ForceTapeDraw" SuperSamplesPerWidth="20" Draw="0" Width="0.06" Pose="1" LayerIndex="0" Name="bone" RoomToVirtualScaleAtStart="1" RoomToVirtualFrameAtStart="((0.905978, -0.375989, 0.194516, 0.075205), (0.278400, 0.875341, 0.395311, 0.213550), (-0.318901, -0.303990, 0.897715, -0.092768), (0.000000, 0.000000, 0.000000, 1.000000))" ColorSwatch="0"><SamplePoints Num="90">(0.095302, 0.168753, 0.0836475)
(0.0953114, 0.168805, 0.0836125)
(0.0953378, 0.168953, 0.0835128)
(0.0953702, 0.169136, 0.0833887)
(0.0954552, 0.169614, 0.0830635)
(0.0955649, 0.170226, 0.0826424)
(0.0956249, 0.17056, 0.0824117)
(0.0956267, 0.17057, 0.082405)
(0.0959384, 0.172196, 0.0812436)
(0.0965694, 0.175387, 0.078933)
(0.0967111, 0.17609, 0.0784197)
(0.0970711, 0.17782, 0.0771316)
(0.0973287, 0.179022, 0.0762253)
(0.0981585, 0.182847, 0.0733157)
(0.0991578, 0.187385, 0.0698174)
(0.0996645, 0.189676, 0.0680417)
(0.100216, 0.192175, 0.0660863)
(0.100432, 0.193153, 0.0653213)
(0.101384, 0.197449, 0.0619306)
(0.103301, 0.206091, 0.0550106)
(0.106813, 0.221693, 0.0423689)
(0.107749, 0.225809, 0.0390157)
(0.108665, 0.229738, 0.035805)
(0.109603, 0.233769, 0.0325108)
(0.110543, 0.237662, 0.0293021)
(0.111563, 0.24189, 0.0258168)
(0.112576, 0.245917, 0.0224702)
(0.113577, 0.249897, 0.0191621)
(0.113577, 0.249898, 0.0191617)
(0.116074, 0.259235, 0.0114013)
(0.116744, 0.261685, 0.00937023)
(0.117183, 0.263231, 0.00810426)
(0.117478, 0.264266, 0.00725725)
(0.117637, 0.2648, 0.00682709)
(0.117759, 0.265208, 0.00649734)
(0.118141, 0.266423, 0.00553727)
(0.118823, 0.268491, 0.00393474)
(0.119314, 0.26998, 0.00278077)
(0.120915, 0.274735, -0.000868715)
(0.123424, 0.281845, -0.00619685)
(0.12525, 0.286779, -0.00979228)
(0.126028, 0.288825, -0.0112578)
(0.126913, 0.29114, -0.0129118)
(0.128816, 0.295985, -0.0163139)
(0.131149, 0.30179, -0.0203337)
(0.132942, 0.306151, -0.0233192)
(0.135356, 0.311961, -0.0272776)
(0.137272, 0.316475, -0.0303223)
(0.138791, 0.320026, -0.0327089)
(0.140719, 0.324456, -0.0356541)
(0.143745, 0.331289, -0.0401651)
(0.144651, 0.333334, -0.0415149)
(0.146868, 0.338242, -0.0447287)
(0.148198, 0.341186, -0.0466565)
(0.16181, 0.370256, -0.0653761)
(0.164143, 0.37495, -0.0683218)
(0.166111, 0.378889, -0.0707883)
(0.168019, 0.382614, -0.0730888)
(0.171634, 0.389499, -0.0772772)
(0.173521, 0.393093, -0.0794636)
(0.180965, 0.406365, -0.0873063)
(0.182761, 0.409491, -0.0891403)
(0.185872, 0.414814, -0.0922472)
(0.189044, 0.420012, -0.095254)
(0.190553, 0.42237, -0.0966023)
(0.194094, 0.427641, -0.099591)
(0.196162, 0.43072, -0.101337)
(0.197994, 0.433331, -0.1028)
(0.199661, 0.435688, -0.104118)
(0.201372, 0.438014, -0.105407)
(0.203266, 0.440567, -0.106819)
(0.205318, 0.443226, -0.108274)
(0.214226, 0.454169, -0.114138)
(0.216832, 0.457159, -0.11567)
(0.221492, 0.462438, -0.118351)
(0.223954, 0.465187, -0.119732)
(0.226324, 0.467783, -0.121005)
(0.228756, 0.470434, -0.122298)
(0.230826, 0.47266, -0.123359)
(0.232464, 0.474414, -0.124189)
(0.235235, 0.477338, -0.125524)
(0.237787, 0.479989, -0.126682)
(0.23858, 0.480795, -0.127014)
(0.239715, 0.481942, -0.127479)
(0.241378, 0.483598, -0.128123)
(0.241907, 0.484118, -0.128316)
(0.242543, 0.484733, -0.128533)
(0.242571, 0.48476, -0.128543)
(0.242617, 0.484805, -0.128558)
(0.242627, 0.484814, -0.128561)
</SamplePoints>
<SampleFrames Num="90">((0.245099, 0.222134, 0.943707, 0.095302), (-0.802923, 0.592055, 0.069174, 0.168753), (-0.543361, -0.774679, 0.323469, 0.083647), (0.000000, 0.000000, 0.000000, 1.000000))
((0.243908, 0.223776, 0.943628, 0.095311), (-0.806667, 0.586927, 0.069320, 0.168805), (-0.538328, -0.778101, 0.323669, 0.083612), (0.000000, 0.000000, 0.000000, 1.000000))
((0.240880, 0.226989, 0.943638, 0.095338), (-0.819525, 0.568443, 0.072461, 0.168953), (-0.519957, -0.790790, 0.322950, 0.083513), (0.000000, 0.000000, 0.000000, 1.000000))
((0.242763, 0.228095, 0.942888, 0.095370), (-0.820207, 0.567268, 0.073948, 0.169136), (-0.518003, -0.791315, 0.324797, 0.083389), (0.000000, 0.000000, 0.000000, 1.000000))
((0.241198, 0.229521, 0.942944, 0.095455), (-0.823803, 0.562036, 0.073918, 0.169614), (-0.513003, -0.794629, 0.324642, 0.083064), (0.000000, 0.000000, 0.000000, 1.000000))
((0.241740, 0.232267, 0.942133, 0.095565), (-0.827931, 0.555734, 0.075431, 0.170226), (-0.506055, -0.798256, 0.326644, 0.082642), (0.000000, 0.000000, 0.000000, 1.000000))
((0.238911, 0.236402, 0.941826, 0.095625), (-0.831372, 0.550953, 0.072601, 0.170560), (-0.501738, -0.800353, 0.328167, 0.082412), (0.000000, 0.000000, 0.000000, 1.000000))
((0.238911, 0.236402, 0.941826, 0.095627), (-0.831372, 0.550953, 0.072601, 0.170570), (-0.501738, -0.800353, 0.328167, 0.082405), (0.000000, 0.000000, 0.000000, 1.000000))
((0.234019, 0.245827, 0.940640, 0.095938), (-0.848880, 0.523319, 0.074426, 0.172196), (-0.473959, -0.815908, 0.331144, 0.081244), (0.000000, 0.000000, 0.000000, 1.000000))
((0.223209, 0.262143, 0.938860, 0.096569), (-0.870582, 0.486868, 0.071036, 0.175387), (-0.438480, -0.833211, 0.336890, 0.078933), (0.000000, 0.000000, 0.000000, 1.000000))
((0.219010, 0.266604, 0.938593, 0.096711), (-0.875172, 0.478987, 0.068157, 0.176090), (-0.431403, -0.836357, 0.338227, 0.078420), (0.000000, 0.000000, 0.000000, 1.000000))
((0.213848, 0.271974, 0.938243, 0.097071), (-0.886054, 0.458408, 0.069072, 0.177820), (-0.411312, -0.846104, 0.339013, 0.077132), (0.000000, 0.000000, 0.000000, 1.000000))
((0.213029, 0.274133, 0.937801, 0.097329), (-0.889323, 0.451902, 0.069919, 0.179022), (-0.404627, -0.848903, 0.340061, 0.076225), (0.000000, 0.000000, 0.000000, 1.000000))
((0.209649, 0.280526, 0.936671, 0.098158), (-0.896434, 0.437684, 0.069560, 0.182847), (-0.390453, -0.854247, 0.343233, 0.073316), (0.000000, 0.000000, 0.000000, 1.000000))
((0.207601, 0.285324, 0.935677, 0.099158), (-0.900650, 0.429033, 0.069001, 0.187385), (-0.381749, -0.857042, 0.346045, 0.069817), (0.000000, 0.000000, 0.000000, 1.000000))
((0.208002, 0.285735, 0.935463, 0.099665), (-0.901179, 0.427806, 0.069706, 0.189676), (-0.380279, -0.857518, 0.346483, 0.068042), (0.000000, 0.000000, 0.000000, 1.000000))
((0.209979, 0.287585, 0.934454, 0.100216), (-0.902173, 0.425353, 0.071820, 0.192175), (-0.376818, -0.858120, 0.348767, 0.066086), (0.000000, 0.000000, 0.000000, 1.000000))
((0.209574, 0.287220, 0.934657, 0.100432), (-0.902225, 0.425279, 0.071614, 0.193153), (-0.376921, -0.858279, 0.348264, 0.065321), (0.000000, 0.000000, 0.000000, 1.000000))
((0.206655, 0.289909, 0.934477, 0.101384), (-0.904485, 0.420809, 0.069472, 0.197449), (-0.373096, -0.859577, 0.349181, 0.061931), (0.000000, 0.000000, 0.000000, 1.000000))
((0.207746, 0.291687, 0.933681, 0.103301), (-0.904216, 0.421375, 0.069550, 0.206091), (-0.373143, -0.858698, 0.351287, 0.055011), (0.000000, 0.000000, 0.000000, 1.000000))
((0.208029, 0.301434, 0.930517, 0.106813), (-0.904417, 0.421571, 0.065629, 0.221693), (-0.372496, -0.855228, 0.360321, 0.042369), (0.000000, 0.000000, 0.000000, 1.000000))
((0.205940, 0.303300, 0.930375, 0.107749), (-0.905583, 0.419351, 0.063745, 0.225809), (-0.370820, -0.855660, 0.361025, 0.039016), (0.000000, 0.000000, 0.000000, 1.000000))
((0.205796, 0.307879, 0.928902, 0.108665), (-0.904628, 0.421872, 0.060591, 0.229738), (-0.373223, -0.852780, 0.365336, 0.035805), (0.000000, 0.000000, 0.000000, 1.000000))
((0.206348, 0.310741, 0.927826, 0.109603), (-0.904850, 0.421469, 0.060083, 0.233769), (-0.372380, -0.851941, 0.368143, 0.032511), (0.000000, 0.000000, 0.000000, 1.000000))
((0.205577, 0.312213, 0.927503, 0.110543), (-0.904727, 0.421957, 0.058491, 0.237662), (-0.373105, -0.851161, 0.369212, 0.029302), (0.000000, 0.000000, 0.000000, 1.000000))
((0.209327, 0.314960, 0.925734, 0.111563), (-0.902811, 0.425939, 0.059228, 0.241890), (-0.375652, -0.848160, 0.373510, 0.025817), (0.000000, 0.000000, 0.000000, 1.000000))
((0.209332, 0.319518, 0.924169, 0.112576), (-0.901932, 0.428198, 0.056252, 0.245917), (-0.377754, -0.845313, 0.377819, 0.022470), (0.000000, 0.000000, 0.000000, 1.000000))
((0.208321, 0.324712, 0.922586, 0.113577), (-0.902386, 0.427626, 0.053253, 0.249897), (-0.377230, -0.843622, 0.382099, 0.019162), (0.000000, 0.000000, 0.000000, 1.000000))
((0.208321, 0.324712, 0.922586, 0.113577), (-0.902386, 0.427626, 0.053253, 0.249898), (-0.377230, -0.843622, 0.382099, 0.019162), (0.000000, 0.000000, 0.000000, 1.000000))
((0.207923, 0.335095, 0.918956, 0.116074), (-0.902545, 0.427891, 0.048180, 0.259235), (-0.377068, -0.839417, 0.391407, 0.011401), (0.000000, 0.000000, 0.000000, 1.000000))
((0.206447, 0.337683, 0.918341, 0.116744), (-0.903436, 0.426208, 0.046375, 0.261685), (-0.375744, -0.839236, 0.393064, 0.009370), (0.000000, 0.000000, 0.000000, 1.000000))
((0.206741, 0.340197, 0.917346, 0.117183), (-0.902912, 0.427468, 0.044962, 0.263231), (-0.376840, -0.837578, 0.395543, 0.008104), (0.000000, 0.000000, 0.000000, 1.000000))
((0.206609, 0.339996, 0.917450, 0.117478), (-0.903043, 0.427181, 0.045056, 0.264266), (-0.376599, -0.837806, 0.395290, 0.007257), (0.000000, 0.000000, 0.000000, 1.000000))
((0.207676, 0.339345, 0.917451, 0.117637), (-0.901696, 0.430016, 0.045056, 0.264800), (-0.379229, -0.836619, 0.395290, 0.006827), (0.000000, 0.000000, 0.000000, 1.000000))
((0.209056, 0.336805, 0.918073, 0.117759), (-0.901597, 0.429954, 0.047571, 0.265208), (-0.378707, -0.837677, 0.393547, 0.006497), (0.000000, 0.000000, 0.000000, 1.000000))
((0.209295, 0.339389, 0.917066, 0.118141), (-0.900915, 0.431562, 0.045896, 0.266423), (-0.380195, -0.835804, 0.396084, 0.005537), (0.000000, 0.000000, 0.000000, 1.000000))
((0.209049, 0.341350, 0.916394, 0.118823), (-0.900568, 0.432447, 0.044356, 0.268491), (-0.381151, -0.834548, 0.397811, 0.003935), (0.000000, 0.000000, 0.000000, 1.000000))
((0.208076, 0.344379, 0.915482, 0.119314), (-0.901368, 0.430937, 0.042762, 0.269980), (-0.379789, -0.834084, 0.400080, 0.002781), (0.000000, 0.000000, 0.000000, 1.000000))
((0.207523, 0.346123, 0.914950, 0.120915), (-0.899192, 0.435805, 0.039085, 0.274735), (-0.385211, -0.830827, 0.401671, -0.000869), (0.000000, 0.000000, 0.000000, 1.000000))
((0.209842, 0.353357, 0.911650, 0.123424), (-0.894852, 0.445108, 0.033451, 0.281845), (-0.393963, -0.822811, 0.409604, -0.006197), (0.000000, 0.000000, 0.000000, 1.000000))
((0.206816, 0.358077, 0.910499, 0.125250), (-0.894179, 0.446873, 0.027365, 0.286779), (-0.397079, -0.819808, 0.412605, -0.009792), (0.000000, 0.000000, 0.000000, 1.000000))
((0.208429, 0.359703, 0.909489, 0.126028), (-0.892498, 0.450274, 0.026452, 0.288825), (-0.400005, -0.817231, 0.414885, -0.011258), (0.000000, 0.000000, 0.000000, 1.000000))
((0.207049, 0.360260, 0.909584, 0.126913), (-0.891829, 0.451731, 0.024090, 0.291140), (-0.402209, -0.816181, 0.414821, -0.012912), (0.000000, 0.000000, 0.000000, 1.000000))
((0.209551, 0.360940, 0.908741, 0.128816), (-0.889832, 0.455645, 0.024215, 0.295985), (-0.405323, -0.813702, 0.416657, -0.016314), (0.000000, 0.000000, 0.000000, 1.000000))
((0.208707, 0.365667, 0.907044, 0.131149), (-0.888562, 0.458334, 0.019681, 0.301790), (-0.408533, -0.810072, 0.420575, -0.020334), (0.000000, 0.000000, 0.000000, 1.000000))
((0.208709, 0.369476, 0.905499, 0.132942), (-0.887956, 0.459610, 0.017128, 0.306151), (-0.409848, -0.807617, 0.424003, -0.023319), (0.000000, 0.000000, 0.000000, 1.000000))
((0.209418, 0.371721, 0.904416, 0.135356), (-0.886605, 0.462274, 0.015296, 0.311961), (-0.412402, -0.805063, 0.426378, -0.027278), (0.000000, 0.000000, 0.000000, 1.000000))
((0.208315, 0.375947, 0.902922, 0.137272), (-0.887679, 0.460276, 0.013154, 0.316475), (-0.410648, -0.804245, 0.429602, -0.030322), (0.000000, 0.000000, 0.000000, 1.000000))
((0.207585, 0.378786, 0.901903, 0.138791), (-0.886541, 0.462546, 0.009787, 0.320026), (-0.413465, -0.801606, 0.431827, -0.032709), (0.000000, 0.000000, 0.000000, 1.000000))
((0.205300, 0.381768, 0.901169, 0.140719), (-0.887161, 0.461412, 0.006638, 0.324456), (-0.413276, -0.800844, 0.433418, -0.035654), (0.000000, 0.000000, 0.000000, 1.000000))
((0.203239, 0.386585, 0.899581, 0.143745), (-0.887548, 0.460708, 0.002536, 0.331289), (-0.413464, -0.798937, 0.436747, -0.040165), (0.000000, 0.000000, 0.000000, 1.000000))
((0.202235, 0.389062, 0.898739, 0.144651), (-0.888769, 0.458353, 0.001572, 0.333334), (-0.411328, -0.799089, 0.438481, -0.041515), (0.000000, 0.000000, 0.000000, 1.000000))
((0.199739, 0.391787, 0.898113, 0.146868), (-0.889426, 0.457076, -0.001585, 0.338242), (-0.411127, -0.798489, 0.439761, -0.044729), (0.000000, 0.000000, 0.000000, 1.000000))
((0.199677, 0.393108, 0.897550, 0.148198), (-0.889568, 0.456797, -0.002166, 0.341186), (-0.410849, -0.797999, 0.440908, -0.046657), (0.000000, 0.000000, 0.000000, 1.000000))
((0.189844, 0.415194, 0.889704, 0.161810), (-0.889294, 0.456738, -0.023387, 0.370256), (-0.416072, -0.786768, 0.455939, -0.065376), (0.000000, 0.000000, 0.000000, 1.000000))
((0.189309, 0.420706, 0.887225, 0.164143), (-0.889220, 0.456693, -0.026821, 0.374950), (-0.416473, -0.783861, 0.460556, -0.068322), (0.000000, 0.000000, 0.000000, 1.000000))
((0.186263, 0.424264, 0.886175, 0.166111), (-0.891152, 0.452749, -0.029449, 0.378889), (-0.413709, -0.784231, 0.462414, -0.070788), (0.000000, 0.000000, 0.000000, 1.000000))
((0.184676, 0.427416, 0.884992, 0.168019), (-0.891505, 0.451865, -0.032197, 0.382614), (-0.413658, -0.783029, 0.464492, -0.073089), (0.000000, 0.000000, 0.000000, 1.000000))
((0.181861, 0.433863, 0.882434, 0.171634), (-0.892162, 0.450160, -0.037463, 0.389499), (-0.413490, -0.780461, 0.468942, -0.077277), (0.000000, 0.000000, 0.000000, 1.000000))
((0.176665, 0.437092, 0.881896, 0.173521), (-0.894955, 0.444276, -0.040915, 0.393093), (-0.409689, -0.782029, 0.469666, -0.079464), (0.000000, 0.000000, 0.000000, 1.000000))
((0.166572, 0.452349, 0.876147, 0.180965), (-0.898524, 0.435581, -0.054061, 0.406365), (-0.406088, -0.778235, 0.479002, -0.087306), (0.000000, 0.000000, 0.000000, 1.000000))
((0.168243, 0.452688, 0.875653, 0.182761), (-0.897484, 0.437745, -0.053864, 0.409491), (-0.407696, -0.776822, 0.479928, -0.089140), (0.000000, 0.000000, 0.000000, 1.000000))
((0.165339, 0.458771, 0.873036, 0.185872), (-0.897176, 0.437574, -0.060030, 0.414814), (-0.409558, -0.773342, 0.483947, -0.092247), (0.000000, 0.000000, 0.000000, 1.000000))
((0.160674, 0.463212, 0.871561, 0.189044), (-0.899781, 0.431688, -0.063555, 0.420012), (-0.405682, -0.774002, 0.486151, -0.095254), (0.000000, 0.000000, 0.000000, 1.000000))
((0.155506, 0.466808, 0.870579, 0.190553), (-0.901914, 0.426587, -0.067634, 0.422370), (-0.402950, -0.774670, 0.487358, -0.096602), (0.000000, 0.000000, 0.000000, 1.000000))
((0.149727, 0.473656, 0.867889, 0.194094), (-0.904285, 0.420553, -0.073514, 0.427641), (-0.399814, -0.773812, 0.491288, -0.099591), (0.000000, 0.000000, 0.000000, 1.000000))
((0.146341, 0.476244, 0.867050, 0.196162), (-0.905559, 0.417291, -0.076364, 0.430720), (-0.398180, -0.773990, 0.492334, -0.101337), (0.000000, 0.000000, 0.000000, 1.000000))
((0.142752, 0.478953, 0.866156, 0.197994), (-0.906611, 0.414370, -0.079712, 0.433331), (-0.397087, -0.773888, 0.493376, -0.102800), (0.000000, 0.000000, 0.000000, 1.000000))
((0.141643, 0.482360, 0.864446, 0.199661), (-0.906482, 0.414099, -0.082536, 0.435688), (-0.397778, -0.771914, 0.495905, -0.104118), (0.000000, 0.000000, 0.000000, 1.000000))
((0.138077, 0.485271, 0.863393, 0.201372), (-0.907327, 0.411499, -0.086180, 0.438014), (-0.397106, -0.771480, 0.497118, -0.105407), (0.000000, 0.000000, 0.000000, 1.000000))
((0.134628, 0.488051, 0.862370, 0.203266), (-0.908305, 0.408631, -0.089462, 0.440567), (-0.396053, -0.771250, 0.498312, -0.106819), (0.000000, 0.000000, 0.000000, 1.000000))
((0.134718, 0.490051, 0.861221, 0.205318), (-0.906838, 0.411278, -0.092171, 0.443226), (-0.399370, -0.768570, 0.499803, -0.108274), (0.000000, 0.000000, 0.000000, 1.000000))
((0.127880, 0.499059, 0.857080, 0.214226), (-0.906121, 0.410133, -0.103615, 0.454169), (-0.403227, -0.763368, 0.504656, -0.114138), (0.000000, 0.000000, 0.000000, 1.000000))
((0.127586, 0.500616, 0.856216, 0.216832), (-0.904800, 0.412362, -0.106276, 0.457159), (-0.406274, -0.761145, 0.505569, -0.115670), (0.000000, 0.000000, 0.000000, 1.000000))
((0.126256, 0.504047, 0.854398, 0.221492), (-0.905002, 0.411239, -0.108874, 0.462438), (-0.406240, -0.759486, 0.508085, -0.118351), (0.000000, 0.000000, 0.000000, 1.000000))
((0.122632, 0.506531, 0.853456, 0.223954), (-0.906037, 0.408103, -0.112024, 0.465187), (-0.405042, -0.759525, 0.508982, -0.119732), (0.000000, 0.000000, 0.000000, 1.000000))
((0.124615, 0.508081, 0.852247, 0.226324), (-0.903330, 0.413415, -0.114380, 0.467783), (-0.410446, -0.755607, 0.510483, -0.121005), (0.000000, 0.000000, 0.000000, 1.000000))
((0.124193, 0.509270, 0.851599, 0.228756), (-0.901605, 0.416304, -0.117471, 0.470434), (-0.414349, -0.753216, 0.510862, -0.122298), (0.000000, 0.000000, 0.000000, 1.000000))
((0.122725, 0.511676, 0.850368, 0.230826), (-0.901299, 0.416151, -0.120327, 0.472660), (-0.415450, -0.751669, 0.512245, -0.123359), (0.000000, 0.000000, 0.000000, 1.000000))
((0.122962, 0.512904, 0.849594, 0.232464), (-0.900945, 0.416676, -0.121155, 0.474414), (-0.416146, -0.750540, 0.513334, -0.124189), (0.000000, 0.000000, 0.000000, 1.000000))
((0.123149, 0.514462, 0.848624, 0.235235), (-0.899699, 0.418737, -0.123291, 0.477338), (-0.418779, -0.748323, 0.514428, -0.125524), (0.000000, 0.000000, 0.000000, 1.000000))
((0.125461, 0.514000, 0.848566, 0.237787), (-0.898668, 0.421239, -0.122288, 0.479989), (-0.420305, -0.747236, 0.514764, -0.126682), (0.000000, 0.000000, 0.000000, 1.000000))
((0.125325, 0.514726, 0.848146, 0.238580), (-0.897430, 0.423290, -0.124280, 0.480795), (-0.422982, -0.745576, 0.514979, -0.127014), (0.000000, 0.000000, 0.000000, 1.000000))
((0.125345, 0.515822, 0.847476, 0.239715), (-0.896499, 0.424768, -0.125942, 0.481942), (-0.424945, -0.743975, 0.515677, -0.127479), (0.000000, 0.000000, 0.000000, 1.000000))
((0.126221, 0.517519, 0.846311, 0.241378), (-0.896485, 0.424768, -0.126041, 0.483598), (-0.424714, -0.742796, 0.517563, -0.128123), (0.000000, 0.000000, 0.000000, 1.000000))
((0.123915, 0.518761, 0.845891, 0.241907), (-0.896275, 0.424341, -0.128941, 0.484118), (-0.425836, -0.742174, 0.517535, -0.128316), (0.000000, 0.000000, 0.000000, 1.000000))
((0.127920, 0.519033, 0.845128, 0.242543), (-0.892370, 0.432086, -0.130294, 0.484733), (-0.432795, -0.737500, 0.518442, -0.128533), (0.000000, 0.000000, 0.000000, 1.000000))
((0.128271, 0.519081, 0.845045, 0.242571), (-0.892456, 0.432025, -0.129910, 0.484760), (-0.432515, -0.737502, 0.518673, -0.128543), (0.000000, 0.000000, 0.000000, 1.000000))
((0.128387, 0.519058, 0.845042, 0.242617), (-0.892517, 0.431955, -0.129724, 0.484805), (-0.432354, -0.737559, 0.518726, -0.128558), (0.000000, 0.000000, 0.000000, 1.000000))
((0.130728, 0.519223, 0.844581, 0.242627), (-0.891480, 0.434303, -0.129009, 0.484814), (-0.433789, -0.736063, 0.519653, -0.128561), (0.000000, 0.000000, 0.000000, 1.000000))
</SampleFrames>
<SampleWeights Num="90">0.0286818
0.0266413
0.0577784
0.0582123
0.0570323
0.0565556
0.0659733
0.0659721
0.108706
0.147758
0.155312
0.172795
0.184198
0.185012
0.194723
0.215352
0.226237
0.231465
0.250728
0.263062
0.291412
0.295755
0.30078
0.308194
0.306787
0.315253
0.310484
0.316563
0.316563
0.331674
0.342657
0.343242
0.343596
0.348913
0.35655
0.367498
0.371171
0.37646
0.367169
0.373975
0.36561
0.353819
0.358434
0.365706
0.363967
0.376077
0.369846
0.37828
0.377443
0.373869
0.386278
0.386393
0.393987
0.396965
0.375211
0.368708
0.371289
0.378518
0.380708
0.377024
0.359083
0.357749
0.348352
0.343494
0.351025
0.337703
0.324633
0.318924
0.323687
0.32898
0.31823
0.300235
0.265926
0.261899
0.297925
0.300602
0.283942
0.263107
0.260227
0.283469
0.274294
0.244325
0.224429
0.232526
0.263904
0.264846
0.220537
0.209265
0.205284
0.212594
</SampleWeights>
</PointSplatMark>
