<PointSplatMark HeadPosAtStart="(-0.334962, 1.46651, 1.74008)" BrushTip="0" BrushInterface="ForceTapeDraw" SuperSamplesPerWidth="20" Draw="0" Width="0.06" Pose="1" LayerIndex="0" Name="bone" RoomToVirtualScaleAtStart="1" RoomToVirtualFrameAtStart="((0.961100, -0.275526, -0.019327, -0.016895), (0.250520, 0.840130, 0.481063, 0.125920), (-0.116308, -0.467191, 0.876473, -0.010106), (0.000000, 0.000000, 0.000000, 1.000000))" ColorSwatch="0"><SamplePoints Num="79">(0.0912782, 0.177345, 0.0845687)
(0.0909825, 0.178612, 0.0839539)
(0.0903485, 0.181402, 0.082589)
(0.0898814, 0.183513, 0.0815536)
(0.0894573, 0.185462, 0.080594)
(0.0892415, 0.186466, 0.0800993)
(0.08897, 0.187728, 0.0794768)
(0.0882736, 0.190994, 0.077873)
(0.0875921, 0.194248, 0.0762819)
(0.0865301, 0.199428, 0.0737614)
(0.0859623, 0.202279, 0.0723868)
(0.0859623, 0.202279, 0.0723868)
(0.0841086, 0.211759, 0.0678473)
(0.0833783, 0.215589, 0.0660181)
(0.0826255, 0.219536, 0.0641327)
(0.0819838, 0.222987, 0.0624905)
(0.081235, 0.227014, 0.0605739)
(0.0808, 0.229429, 0.059424)
(0.0796463, 0.235835, 0.0563745)
(0.0791677, 0.238599, 0.0550562)
(0.078349, 0.243328, 0.0528011)
(0.0767656, 0.252905, 0.0482285)
(0.0758938, 0.25838, 0.0456081)
(0.0748433, 0.265115, 0.0423662)
(0.0736474, 0.2729, 0.0386261)
(0.07336, 0.274817, 0.0377213)
(0.0727305, 0.279016, 0.0357393)
(0.0717001, 0.286202, 0.0324373)
(0.0709164, 0.292045, 0.0298587)
(0.0698798, 0.300608, 0.0262958)
(0.0693084, 0.305328, 0.0243318)
(0.0688743, 0.309366, 0.0227652)
(0.0684697, 0.31313, 0.0213048)
(0.0681374, 0.316654, 0.0200342)
(0.0676588, 0.322553, 0.0180771)
(0.0672169, 0.328963, 0.0161376)
(0.0669049, 0.334466, 0.0146176)
(0.0668328, 0.335738, 0.0142663)
(0.0666443, 0.339706, 0.0132624)
(0.0665721, 0.341226, 0.0128778)
(0.0664947, 0.343124, 0.0124341)
(0.0663835, 0.345852, 0.0117967)
(0.0663029, 0.348108, 0.0113098)
(0.0661952, 0.351126, 0.0106587)
(0.0661517, 0.352481, 0.0103872)
(0.0660356, 0.356102, 0.00966198)
(0.0659605, 0.358745, 0.00916979)
(0.0658173, 0.364441, 0.00817395)
(0.0657054, 0.369796, 0.00729899)
(0.0656232, 0.37534, 0.00645445)
(0.0655642, 0.381322, 0.00560577)
(0.0655223, 0.388574, 0.00464542)
(0.0655208, 0.391446, 0.00429069)
(0.0655377, 0.395907, 0.00377986)
(0.0655377, 0.395907, 0.00377985)
(0.0655707, 0.399896, 0.00335728)
(0.0655902, 0.40225, 0.0031079)
(0.0656113, 0.404031, 0.00293568)
(0.065625, 0.405193, 0.00282332)
(0.0657915, 0.414561, 0.00203623)
(0.0658391, 0.416745, 0.00187338)
(0.0658906, 0.41911, 0.00169707)
(0.0659347, 0.420855, 0.00157861)
(0.0660023, 0.423529, 0.0013971)
(0.0660698, 0.425968, 0.00124425)
(0.0661307, 0.428168, 0.00110631)
(0.0661977, 0.430336, 0.000984961)
(0.0662756, 0.43286, 0.000843769)
(0.0663693, 0.435446, 0.000714852)
(0.0664502, 0.437681, 0.000603452)
(0.0665194, 0.439324, 0.000534432)
(0.0665843, 0.440865, 0.000469655)
(0.0666595, 0.442408, 0.000415954)
(0.0666927, 0.443031, 0.000398085)
(0.0667538, 0.444178, 0.000365229)
(0.0667862, 0.444752, 0.000351265)
(0.0668307, 0.44554, 0.000332091)
(0.0668461, 0.445807, 0.000326528)
(0.066858, 0.446013, 0.000322221)
</SamplePoints>
<SampleFrames Num="79">((-0.723235, 0.369409, 0.583497, 0.091278), (-0.591724, -0.767119, -0.247773, 0.177345), (0.356082, -0.524467, 0.773395, 0.084569), (0.000000, 0.000000, 0.000000, 1.000000))
((0.728372, -0.025980, -0.684688, 0.090983), (-0.583538, -0.547248, -0.600003, 0.178612), (0.359106, -0.836567, 0.413761, 0.083954), (0.000000, 0.000000, 0.000000, 1.000000))
((0.729142, -0.027058, -0.683827, 0.090348), (-0.582789, -0.548365, -0.599710, 0.181402), (0.358760, -0.835801, 0.415605, 0.082589), (0.000000, 0.000000, 0.000000, 1.000000))
((0.728341, -0.026301, -0.684710, 0.089881), (-0.584507, -0.545331, -0.600805, 0.183513), (0.357592, -0.837808, 0.412560, 0.081554), (0.000000, 0.000000, 0.000000, 1.000000))
((0.732271, -0.030700, -0.680321, 0.089457), (-0.578717, -0.554641, -0.597881, 0.185462), (0.358979, -0.831524, 0.423913, 0.080594), (0.000000, 0.000000, 0.000000, 1.000000))
((0.731124, -0.029526, -0.681606, 0.089241), (-0.581114, -0.550378, -0.599490, 0.186466), (0.357440, -0.834393, 0.419552, 0.080099), (0.000000, 0.000000, 0.000000, 1.000000))
((0.731651, -0.030356, -0.681003, 0.088970), (-0.582615, -0.546495, -0.601585, 0.187728), (0.353903, -0.836912, 0.417529, 0.079477), (0.000000, 0.000000, 0.000000, 1.000000))
((0.736299, -0.035696, -0.675715, 0.088274), (-0.575880, -0.557384, -0.598068, 0.190994), (0.355284, -0.829487, 0.430958, 0.077873), (0.000000, 0.000000, 0.000000, 1.000000))
((0.739763, -0.039305, -0.671719, 0.087592), (-0.570528, -0.565883, -0.595209, 0.194248), (0.356720, -0.823548, 0.441044, 0.076282), (0.000000, 0.000000, 0.000000, 1.000000))
((0.744915, -0.045463, -0.665609, 0.086530), (-0.566895, -0.569151, -0.595565, 0.199428), (0.351756, -0.820975, 0.449742, 0.073761), (0.000000, 0.000000, 0.000000, 1.000000))
((0.745718, -0.046274, -0.664653, 0.085962), (-0.566485, -0.569154, -0.595952, 0.202279), (0.350713, -0.820928, 0.450641, 0.072387), (0.000000, 0.000000, 0.000000, 1.000000))
((0.745718, -0.046274, -0.664653, 0.085962), (-0.566485, -0.569154, -0.595952, 0.202279), (0.350713, -0.820928, 0.450641, 0.072387), (0.000000, 0.000000, 0.000000, 1.000000))
((0.748049, -0.048157, -0.661894, 0.084109), (-0.562939, -0.574237, -0.594434, 0.211759), (0.351458, -0.817272, 0.456666, 0.067847), (0.000000, 0.000000, 0.000000, 1.000000))
((0.750870, -0.051189, -0.658464, 0.083378), (-0.560805, -0.576020, -0.594726, 0.215589), (0.348845, -0.815831, 0.461223, 0.066018), (0.000000, 0.000000, 0.000000, 1.000000))
((0.751311, -0.052003, -0.657896, 0.082626), (-0.561703, -0.573709, -0.596111, 0.219536), (0.346441, -0.817407, 0.460244, 0.064133), (0.000000, 0.000000, 0.000000, 1.000000))
((0.751122, -0.051932, -0.658117, 0.081984), (-0.563494, -0.569802, -0.598164, 0.222987), (0.343933, -0.820139, 0.457255, 0.062490), (0.000000, 0.000000, 0.000000, 1.000000))
((0.752009, -0.052804, -0.657035, 0.081235), (-0.562874, -0.570149, -0.598417, 0.227014), (0.343008, -0.819843, 0.458479, 0.060574), (0.000000, 0.000000, 0.000000, 1.000000))
((0.754022, -0.054478, -0.654586, 0.080800), (-0.559810, -0.574607, -0.597026, 0.229429), (0.343605, -0.816614, 0.463764, 0.059424), (0.000000, 0.000000, 0.000000, 1.000000))
((0.757516, -0.057831, -0.650250, 0.079646), (-0.555213, -0.580999, -0.595129, 0.235835), (0.343378, -0.811847, 0.472225, 0.056375), (0.000000, 0.000000, 0.000000, 1.000000))
((0.758469, -0.058680, -0.649062, 0.079168), (-0.554529, -0.581329, -0.595444, 0.238599), (0.342378, -0.811550, 0.473460, 0.055056), (0.000000, 0.000000, 0.000000, 1.000000))
((0.760987, -0.061228, -0.645872, 0.078349), (-0.552424, -0.583172, -0.595599, 0.243328), (0.340187, -0.810038, 0.477610, 0.052801), (0.000000, 0.000000, 0.000000, 1.000000))
((0.767261, -0.066042, -0.637925, 0.076766), (-0.542348, -0.597707, -0.590428, 0.252905), (0.342299, -0.798990, 0.494415, 0.048228), (0.000000, 0.000000, 0.000000, 1.000000))
((0.767643, -0.066023, -0.637468, 0.075894), (-0.541742, -0.598278, -0.590405, 0.258380), (0.342403, -0.798564, 0.495032, 0.045608), (0.000000, 0.000000, 0.000000, 1.000000))
((0.770872, -0.068281, -0.633320, 0.074843), (-0.536610, -0.605335, -0.587894, 0.265115), (0.343228, -0.793037, 0.503276, 0.042366), (0.000000, 0.000000, 0.000000, 1.000000))
((0.773401, -0.069760, -0.630066, 0.073647), (-0.532719, -0.610258, -0.586341, 0.272900), (0.343600, -0.789125, 0.509137, 0.038626), (0.000000, 0.000000, 0.000000, 1.000000))
((0.772840, -0.068977, -0.630842, 0.073360), (-0.532867, -0.610388, -0.586071, 0.274817), (0.344633, -0.789094, 0.508487, 0.037721), (0.000000, 0.000000, 0.000000, 1.000000))
((0.774288, -0.070703, -0.628871, 0.072731), (-0.533205, -0.608106, -0.588132, 0.279016), (0.340838, -0.790701, 0.508548, 0.035739), (0.000000, 0.000000, 0.000000, 1.000000))
((0.777703, -0.072149, -0.624478, 0.071700), (-0.526537, -0.617448, -0.584395, 0.286202), (0.343419, -0.783296, 0.518180, 0.032437), (0.000000, 0.000000, 0.000000, 1.000000))
((0.779568, -0.073496, -0.621991, 0.070916), (-0.524895, -0.618468, -0.584793, 0.292045), (0.341701, -0.782366, 0.520715, 0.029859), (0.000000, 0.000000, 0.000000, 1.000000))
((0.781428, -0.074934, -0.619480, 0.069880), (-0.524607, -0.616441, -0.587186, 0.300608), (0.337873, -0.783827, 0.521015, 0.026296), (0.000000, 0.000000, 0.000000, 1.000000))
((0.783707, -0.076569, -0.616393, 0.069308), (-0.522264, -0.618406, -0.587209, 0.305328), (0.336219, -0.782120, 0.524638, 0.024332), (0.000000, 0.000000, 0.000000, 1.000000))
((0.784549, -0.077040, -0.615262, 0.068874), (-0.521070, -0.619766, -0.586836, 0.309366), (0.336109, -0.780996, 0.526380, 0.022765), (0.000000, 0.000000, 0.000000, 1.000000))
((0.787062, -0.077441, -0.611994, 0.068470), (-0.515546, -0.627357, -0.583639, 0.313130), (0.338741, -0.774871, 0.533694, 0.021305), (0.000000, 0.000000, 0.000000, 1.000000))
((0.786864, -0.077410, -0.612252, 0.068137), (-0.517205, -0.623950, -0.585820, 0.316654), (0.336667, -0.777620, 0.531001, 0.020034), (0.000000, 0.000000, 0.000000, 1.000000))
((0.790734, -0.080410, -0.606856, 0.067659), (-0.513480, -0.626846, -0.586006, 0.322553), (0.333284, -0.774983, 0.536957, 0.018077), (0.000000, 0.000000, 0.000000, 1.000000))
((0.791074, -0.079978, -0.606469, 0.067217), (-0.512691, -0.627496, -0.586000, 0.328963), (0.333690, -0.774501, 0.537400, 0.016138), (0.000000, 0.000000, 0.000000, 1.000000))
((0.790623, -0.079095, -0.607174, 0.066905), (-0.514382, -0.623719, -0.588546, 0.334466), (0.332154, -0.777637, 0.533811, 0.014618), (0.000000, 0.000000, 0.000000, 1.000000))
((0.792168, -0.080486, -0.604973, 0.066833), (-0.513020, -0.624746, -0.588646, 0.335738), (0.330576, -0.776669, 0.536195, 0.014266), (0.000000, 0.000000, 0.000000, 1.000000))
((0.795001, -0.082718, -0.600942, 0.066644), (-0.509931, -0.627686, -0.588201, 0.339706), (0.328548, -0.774060, 0.541191, 0.013262), (0.000000, 0.000000, 0.000000, 1.000000))
((0.795570, -0.082106, -0.600272, 0.066572), (-0.507692, -0.631032, -0.586555, 0.341226), (0.330632, -0.771399, 0.543715, 0.012878), (0.000000, 0.000000, 0.000000, 1.000000))
((0.795259, -0.081567, -0.600758, 0.066495), (-0.507865, -0.630810, -0.586645, 0.343124), (0.331113, -0.771638, 0.543082, 0.012434), (0.000000, 0.000000, 0.000000, 1.000000))
((0.796569, -0.082366, -0.598911, 0.066384), (-0.506618, -0.631512, -0.586967, 0.345852), (0.329873, -0.770979, 0.544771, 0.011797), (0.000000, 0.000000, 0.000000, 1.000000))
((0.797106, -0.083588, -0.598026, 0.066303), (-0.507666, -0.629008, -0.588748, 0.348108), (0.326951, -0.772892, 0.543821, 0.011310), (0.000000, 0.000000, 0.000000, 1.000000))
((0.798450, -0.084520, -0.596099, 0.066195), (-0.506062, -0.630587, -0.588440, 0.351126), (0.326157, -0.771502, 0.546265, 0.010659), (0.000000, 0.000000, 0.000000, 1.000000))
((0.798293, -0.084240, -0.596349, 0.066152), (-0.505913, -0.631029, -0.588094, 0.352481), (0.326772, -0.771172, 0.546364, 0.010387), (0.000000, 0.000000, 0.000000, 1.000000))
((0.800467, -0.084842, -0.593341, 0.066036), (-0.502301, -0.635071, -0.586838, 0.356102), (0.327025, -0.767781, 0.550969, 0.009662), (0.000000, 0.000000, 0.000000, 1.000000))
((0.799386, -0.084251, -0.594881, 0.065961), (-0.504471, -0.631896, -0.588401, 0.358745), (0.326330, -0.770460, 0.547631, 0.009170), (0.000000, 0.000000, 0.000000, 1.000000))
((0.802317, -0.086366, -0.590618, 0.065817), (-0.501119, -0.635044, -0.587876, 0.364441), (0.324296, -0.767633, 0.552786, 0.008174), (0.000000, 0.000000, 0.000000, 1.000000))
((0.803803, -0.086845, -0.588522, 0.065705), (-0.499463, -0.635932, -0.588326, 0.369796), (0.323167, -0.766843, 0.554540, 0.007299), (0.000000, 0.000000, 0.000000, 1.000000))
((0.804435, -0.087720, -0.587529, 0.065623), (-0.499644, -0.634872, -0.589316, 0.375340), (0.321311, -0.767621, 0.554542, 0.006454), (0.000000, 0.000000, 0.000000, 1.000000))
((0.806229, -0.088459, -0.584953, 0.065564), (-0.497621, -0.636139, -0.589661, 0.381322), (0.319951, -0.766487, 0.556893, 0.005606), (0.000000, 0.000000, 0.000000, 1.000000))
((0.806432, -0.089889, -0.584454, 0.065522), (-0.500150, -0.630970, -0.593066, 0.388574), (0.315463, -0.770582, 0.553792, 0.004645), (0.000000, 0.000000, 0.000000, 1.000000))
((0.808247, -0.091205, -0.581738, 0.065521), (-0.498268, -0.632397, -0.593129, 0.391446), (0.313793, -0.769256, 0.556578, 0.004291), (0.000000, 0.000000, 0.000000, 1.000000))
((0.807181, -0.089256, -0.583517, 0.065538), (-0.498544, -0.632390, -0.592905, 0.395907), (0.316090, -0.769491, 0.554951, 0.003780), (0.000000, 0.000000, 0.000000, 1.000000))
((0.807181, -0.089256, -0.583517, 0.065538), (-0.498544, -0.632390, -0.592905, 0.395907), (0.316090, -0.769491, 0.554951, 0.003780), (0.000000, 0.000000, 0.000000, 1.000000))
((0.808046, -0.091035, -0.582043, 0.065571), (-0.498923, -0.631117, -0.593941, 0.399896), (0.313268, -0.770327, 0.555391, 0.003357), (0.000000, 0.000000, 0.000000, 1.000000))
((0.808356, -0.090750, -0.581657, 0.065590), (-0.498121, -0.632020, -0.593655, 0.402250), (0.313744, -0.769620, 0.556102, 0.003108), (0.000000, 0.000000, 0.000000, 1.000000))
((0.810260, -0.092376, -0.578744, 0.065611), (-0.496400, -0.633124, -0.593920, 0.404031), (0.311553, -0.768518, 0.558851, 0.002936), (0.000000, 0.000000, 0.000000, 1.000000))
((0.810504, -0.092357, -0.578406, 0.065625), (-0.496094, -0.633242, -0.594050, 0.405193), (0.311406, -0.768423, 0.559063, 0.002823), (0.000000, 0.000000, 0.000000, 1.000000))
((0.811069, -0.092711, -0.577557, 0.065791), (-0.495875, -0.632711, -0.594798, 0.414561), (0.310282, -0.768818, 0.559146, 0.002036), (0.000000, 0.000000, 0.000000, 1.000000))
((0.811437, -0.092800, -0.577025, 0.065839), (-0.495269, -0.633366, -0.594606, 0.416745), (0.310289, -0.768268, 0.559898, 0.001873), (0.000000, 0.000000, 0.000000, 1.000000))
((0.811927, -0.092971, -0.576308, 0.065891), (-0.494540, -0.634093, -0.594438, 0.419110), (0.310167, -0.767648, 0.560815, 0.001697), (0.000000, 0.000000, 0.000000, 1.000000))
((0.811399, -0.093395, -0.576983, 0.065935), (-0.496566, -0.630852, -0.596195, 0.420855), (0.308309, -0.770262, 0.558249, 0.001579), (0.000000, 0.000000, 0.000000, 1.000000))
((0.810758, -0.093542, -0.577859, 0.066002), (-0.498052, -0.628939, -0.596975, 0.423529), (0.307596, -0.771806, 0.556506, 0.001397), (0.000000, 0.000000, 0.000000, 1.000000))
((0.811324, -0.093718, -0.577036, 0.066070), (-0.497218, -0.629748, -0.596817, 0.425968), (0.307455, -0.771125, 0.557528, 0.001244), (0.000000, 0.000000, 0.000000, 1.000000))
((0.812922, -0.093975, -0.574741, 0.066131), (-0.494153, -0.633541, -0.595348, 0.428168), (0.308174, -0.767981, 0.561457, 0.001106), (0.000000, 0.000000, 0.000000, 1.000000))
((0.813567, -0.094337, -0.573767, 0.066198), (-0.493463, -0.633967, -0.595466, 0.430336), (0.307575, -0.767585, 0.562327, 0.000985), (0.000000, 0.000000, 0.000000, 1.000000))
((0.813009, -0.094803, -0.574482, 0.066276), (-0.495163, -0.631647, -0.596520, 0.432860), (0.306318, -0.769438, 0.560477, 0.000844), (0.000000, 0.000000, 0.000000, 1.000000))
((0.813642, -0.094892, -0.573569, 0.066369), (-0.493989, -0.633034, -0.596023, 0.435446), (0.306531, -0.768286, 0.561939, 0.000715), (0.000000, 0.000000, 0.000000, 1.000000))
((0.814536, -0.095273, -0.572237, 0.066450), (-0.493002, -0.633575, -0.596265, 0.437681), (0.305747, -0.767793, 0.563039, 0.000603), (0.000000, 0.000000, 0.000000, 1.000000))
((0.813576, -0.094006, -0.573809, 0.066519), (-0.493608, -0.633237, -0.596122, 0.439324), (0.307318, -0.768228, 0.561589, 0.000534), (0.000000, 0.000000, 0.000000, 1.000000))
((0.813832, -0.094278, -0.573401, 0.066584), (-0.493272, -0.633695, -0.595914, 0.440865), (0.307180, -0.767817, 0.562226, 0.000470), (0.000000, 0.000000, 0.000000, 1.000000))
((0.813211, -0.094835, -0.574190, 0.066660), (-0.495258, -0.630912, -0.597218, 0.442408), (0.305626, -0.770037, 0.560032, 0.000416), (0.000000, 0.000000, 0.000000, 1.000000))
((0.814169, -0.094513, -0.572884, 0.066693), (-0.492467, -0.635074, -0.595111, 0.443031), (0.307578, -0.766647, 0.563602, 0.000398), (0.000000, 0.000000, 0.000000, 1.000000))
((0.815078, -0.094276, -0.571629, 0.066754), (-0.489699, -0.639353, -0.592810, 0.444178), (0.309585, -0.763112, 0.567289, 0.000365), (0.000000, 0.000000, 0.000000, 1.000000))
((0.815595, -0.094608, -0.570836, 0.066786), (-0.489319, -0.639309, -0.593170, 0.444752), (0.308822, -0.763108, 0.567710, 0.000351), (0.000000, 0.000000, 0.000000, 1.000000))
((0.815724, -0.094760, -0.570627, 0.066831), (-0.489136, -0.639589, -0.593019, 0.445540), (0.308772, -0.762854, 0.568079, 0.000332), (0.000000, 0.000000, 0.000000, 1.000000))
((0.815663, -0.094813, -0.570706, 0.066846), (-0.489064, -0.639979, -0.592658, 0.445807), (0.309048, -0.762520, 0.568377, 0.000327), (0.000000, 0.000000, 0.000000, 1.000000))
((0.815648, -0.094827, -0.570725, 0.066858), (-0.489046, -0.640077, -0.592567, 0.446013), (0.309117, -0.762436, 0.568452, 0.000322), (0.000000, 0.000000, 0.000000, 1.000000))
</SampleFrames>
<SampleWeights Num="79">0.042586
0.0553223
0.0920255
0.107762
0.121371
0.131463
0.145478
0.170186
0.190717
0.205557
0.20557
0.20557
0.245802
0.270114
0.299104
0.323897
0.338117
0.345339
0.3637
0.367805
0.384195
0.410434
0.423099
0.447473
0.462859
0.461953
0.45954
0.456913
0.45201
0.452655
0.44419
0.447278
0.441872
0.434661
0.425641
0.422117
0.411549
0.412639
0.416085
0.409244
0.398002
0.393024
0.385751
0.377351
0.37177
0.355941
0.349849
0.345921
0.335427
0.330398
0.319608
0.321411
0.311893
0.302699
0.302699
0.297734
0.29287
0.281171
0.270396
0.245002
0.239548
0.232193
0.229957
0.225828
0.224465
0.215092
0.202804
0.191498
0.185216
0.179439
0.181924
0.182429
0.172521
0.168178
0.159042
0.147441
0.139352
0.127092
0.120572
</SampleWeights>
</PointSplatMark>
