<PointSplatMark HeadPosAtStart="(-0.0483375, 1.2987, 1.97686)" BrushTip="0" BrushInterface="ForceTapeDraw" SuperSamplesPerWidth="20" Draw="0" Width="0.06" Pose="1" LayerIndex="0" Name="bone" RoomToVirtualScaleAtStart="1" RoomToVirtualFrameAtStart="((0.827850, -0.553921, 0.088518, 0.096867), (0.462779, 0.763593, 0.450289, 0.030337), (-0.317016, -0.331808, 0.888484, -0.020473), (0.000000, 0.000000, 0.000000, 1.000000))" ColorSwatch="0"><SamplePoints Num="152">(0.522811, -0.0181414, -0.0329865)
(0.521881, -0.0177867, -0.0330236)
(0.52143, -0.0176127, -0.0330405)
(0.521251, -0.0175435, -0.0330473)
(0.521038, -0.0174603, -0.0330546)
(0.520864, -0.0173924, -0.0330605)
(0.520411, -0.0172139, -0.033075)
(0.519378, -0.0168063, -0.0331081)
(0.518071, -0.0162852, -0.033142)
(0.517368, -0.0160046, -0.0331602)
(0.515803, -0.0153675, -0.0331886)
(0.514357, -0.0147785, -0.0332148)
(0.510368, -0.0130944, -0.033223)
(0.506026, -0.0112515, -0.0332141)
(0.503979, -0.0103753, -0.0331972)
(0.502174, -0.00959498, -0.0331666)
(0.499638, -0.00849866, -0.0331235)
(0.497771, -0.00768229, -0.0330777)
(0.495547, -0.00670957, -0.0330232)
(0.493612, -0.00586548, -0.0329683)
(0.49048, -0.00449869, -0.0328794)
(0.488206, -0.00350285, -0.0328019)
(0.485396, -0.00227273, -0.0327062)
(0.482527, -0.0010211, -0.0326006)
(0.479952, 0.000102455, -0.0325058)
(0.474729, 0.00236745, -0.032299)
(0.471651, 0.00370081, -0.0321654)
(0.467731, 0.00539876, -0.0319954)
(0.465051, 0.00655544, -0.0318752)
(0.462, 0.00787268, -0.0317384)
(0.459038, 0.00915378, -0.0315899)
(0.455902, 0.0105106, -0.0314327)
(0.452735, 0.0118852, -0.0312487)
(0.449946, 0.0130961, -0.0310865)
(0.446859, 0.0144467, -0.0308763)
(0.444134, 0.0156387, -0.0306907)
(0.441216, 0.0169237, -0.0304615)
(0.438388, 0.0181689, -0.0302395)
(0.436384, 0.0190608, -0.0300558)
(0.434879, 0.0197309, -0.0299178)
(0.432561, 0.0207755, -0.0296743)
(0.430225, 0.0218285, -0.0294288)
(0.427485, 0.0230767, -0.0291048)
(0.425418, 0.0240186, -0.0288603)
(0.423211, 0.0250371, -0.0285703)
(0.420846, 0.0261289, -0.0282594)
(0.418433, 0.0272541, -0.0279124)
(0.415829, 0.0284683, -0.0275381)
(0.413483, 0.0295723, -0.0271749)
(0.410486, 0.0309834, -0.0267106)
(0.406966, 0.032655, -0.026134)
(0.403712, 0.0342005, -0.0256009)
(0.400453, 0.035758, -0.0250385)
(0.397401, 0.0372173, -0.0245116)
(0.394187, 0.0387616, -0.0239399)
(0.391789, 0.0399137, -0.0235134)
(0.388487, 0.0415064, -0.0229074)
(0.383688, 0.0438216, -0.0220264)
(0.381054, 0.0450968, -0.0215287)
(0.377665, 0.0467373, -0.0208884)
(0.374458, 0.0482941, -0.0202624)
(0.370706, 0.0501162, -0.0195297)
(0.367566, 0.0516553, -0.018889)
(0.365674, 0.0525829, -0.0185028)
(0.362626, 0.0540887, -0.0178572)
(0.358088, 0.0563307, -0.016896)
(0.354266, 0.0582402, -0.0160479)
(0.350416, 0.0601635, -0.0151938)
(0.34662, 0.062085, -0.0143119)
(0.343195, 0.0638181, -0.0135166)
(0.339888, 0.0655064, -0.012719)
(0.336112, 0.0674339, -0.0118084)
(0.332639, 0.0692131, -0.0109517)
(0.326011, 0.0726246, -0.00926793)
(0.322665, 0.0743472, -0.0084178)
(0.319959, 0.0757378, -0.00771531)
(0.316969, 0.0772743, -0.00693909)
(0.314157, 0.0787085, -0.00620441)
(0.309584, 0.081035, -0.00499712)
(0.304245, 0.0837381, -0.00356649)
(0.299607, 0.0860806, -0.00231344)
(0.296259, 0.087762, -0.00139784)
(0.292461, 0.0896694, -0.000359243)
(0.288932, 0.0914342, 0.00062057)
(0.284987, 0.0934073, 0.00171605)
(0.274389, 0.0986862, 0.00478928)
(0.270797, 0.100475, 0.0058407)
(0.267358, 0.102194, 0.00688463)
(0.262383, 0.104699, 0.00847196)
(0.256434, 0.107704, 0.0104118)
(0.25407, 0.108901, 0.0112001)
(0.25226, 0.109823, 0.0118307)
(0.250475, 0.110732, 0.0124519)
(0.248782, 0.111602, 0.0130629)
(0.246955, 0.112541, 0.0137218)
(0.245251, 0.113422, 0.0143587)
(0.24281, 0.114683, 0.0152706)
(0.240587, 0.115833, 0.0161231)
(0.23763, 0.11736, 0.0172843)
(0.234182, 0.119146, 0.0186553)
(0.232564, 0.119987, 0.0193073)
(0.23047, 0.121074, 0.0201698)
(0.22889, 0.121898, 0.0208331)
(0.227372, 0.122688, 0.0214702)
(0.225818, 0.123493, 0.0221336)
(0.219776, 0.126615, 0.0247426)
(0.219776, 0.126615, 0.0247426)
(0.21601, 0.128547, 0.0264178)
(0.213081, 0.13005, 0.0277212)
(0.21016, 0.131529, 0.0290525)
(0.205559, 0.133836, 0.0311729)
(0.201992, 0.135592, 0.0328664)
(0.199342, 0.13687, 0.0341583)
(0.196726, 0.138133, 0.035434)
(0.194859, 0.139018, 0.0363607)
(0.193092, 0.139856, 0.0372381)
(0.19138, 0.140657, 0.0381017)
(0.188403, 0.142034, 0.0396094)
(0.181363, 0.14521, 0.0431876)
(0.178134, 0.146645, 0.0448307)
(0.178053, 0.14668, 0.0448721)
(0.174824, 0.148064, 0.0465119)
(0.174761, 0.14809, 0.046544)
(0.166353, 0.151462, 0.0508029)
(0.16482, 0.152077, 0.0515794)
(0.160649, 0.153695, 0.0536827)
(0.15816, 0.154661, 0.0549382)
(0.155507, 0.155654, 0.0562654)
(0.153922, 0.156246, 0.0570581)
(0.147104, 0.158671, 0.060419)
(0.142219, 0.160342, 0.0627944)
(0.139605, 0.161224, 0.0640604)
(0.137036, 0.162074, 0.0652938)
(0.134762, 0.162826, 0.0663854)
(0.128865, 0.164721, 0.0691702)
(0.128838, 0.16473, 0.0691827)
(0.12338, 0.166459, 0.0717482)
(0.123336, 0.166473, 0.0717689)
(0.11785, 0.16815, 0.0743198)
(0.116478, 0.168567, 0.0749565)
(0.114841, 0.16905, 0.0757089)
(0.110928, 0.170195, 0.0775024)
(0.107982, 0.171034, 0.0788417)
(0.106446, 0.171468, 0.0795379)
(0.105675, 0.171679, 0.0798817)
(0.104554, 0.171982, 0.080379)
(0.10376, 0.172195, 0.0807304)
(0.103665, 0.17222, 0.0807721)
(0.103326, 0.17231, 0.0809211)
(0.103002, 0.172396, 0.0810633)
(0.101969, 0.172667, 0.0815161)
(0.101406, 0.172814, 0.081763)
</SamplePoints>
<SampleFrames Num="152">((0.069370, 0.699695, 0.711066, 0.522811), (-0.997562, 0.043173, 0.054837, -0.018141), (0.007670, -0.713136, 0.700984, -0.032987), (0.000000, 0.000000, 0.000000, 1.000000))
((0.065065, 0.699884, 0.711287, 0.521881), (-0.997853, 0.040250, 0.051674, -0.017787), (0.007537, -0.713122, 0.701000, -0.033024), (0.000000, 0.000000, 0.000000, 1.000000))
((0.065605, 0.699112, 0.711996, 0.521430), (-0.997785, 0.038071, 0.054557, -0.017613), (0.011035, -0.713998, 0.700061, -0.033041), (0.000000, 0.000000, 0.000000, 1.000000))
((0.065531, 0.699175, 0.711941, 0.521251), (-0.997792, 0.038202, 0.054326, -0.017544), (0.010786, -0.713930, 0.700134, -0.033047), (0.000000, 0.000000, 0.000000, 1.000000))
((0.062454, 0.699403, 0.711994, 0.521038), (-0.997908, 0.031827, 0.056269, -0.017460), (0.016694, -0.714019, 0.699928, -0.033055), (0.000000, 0.000000, 0.000000, 1.000000))
((0.059333, 0.699350, 0.712312, 0.520864), (-0.998079, 0.028814, 0.054847, -0.017392), (0.017833, -0.714198, 0.699716, -0.033060), (0.000000, 0.000000, 0.000000, 1.000000))
((0.059123, 0.698201, 0.713456, 0.520411), (-0.998035, 0.026505, 0.056767, -0.017214), (0.020725, -0.715411, 0.698396, -0.033075), (0.000000, 0.000000, 0.000000, 1.000000))
((0.058687, 0.698583, 0.713118, 0.519378), (-0.997977, 0.023574, 0.059037, -0.016806), (0.024431, -0.715141, 0.698553, -0.033108), (0.000000, 0.000000, 0.000000, 1.000000))
((0.058349, 0.698573, 0.713156, 0.518071), (-0.998011, 0.023741, 0.058400, -0.016285), (0.023866, -0.715145, 0.698569, -0.033142), (0.000000, 0.000000, 0.000000, 1.000000))
((0.055873, 0.698839, 0.713093, 0.517368), (-0.998113, 0.020886, 0.057737, -0.016005), (0.025455, -0.714974, 0.698687, -0.033160), (0.000000, 0.000000, 0.000000, 1.000000))
((0.053708, 0.696616, 0.715431, 0.515803), (-0.998133, 0.016576, 0.058790, -0.015368), (0.029095, -0.717253, 0.696205, -0.033189), (0.000000, 0.000000, 0.000000, 1.000000))
((0.052926, 0.697135, 0.714984, 0.514357), (-0.998089, 0.014065, 0.060169, -0.014779), (0.031890, -0.716802, 0.696547, -0.033215), (0.000000, 0.000000, 0.000000, 1.000000))
((0.048845, 0.694349, 0.717979, 0.510368), (-0.998188, 0.008640, 0.059552, -0.013094), (0.035147, -0.719587, 0.693512, -0.033223), (0.000000, 0.000000, 0.000000, 1.000000))
((0.047053, 0.692941, 0.719457, 0.506026), (-0.998187, 0.005564, 0.059923, -0.011252), (0.037520, -0.720972, 0.691947, -0.033214), (0.000000, 0.000000, 0.000000, 1.000000))
((0.042915, 0.692124, 0.720502, 0.503979), (-0.998270, 0.000695, 0.058792, -0.010375), (0.040190, -0.721778, 0.690957, -0.033197), (0.000000, 0.000000, 0.000000, 1.000000))
((0.040958, 0.691154, 0.721546, 0.502174), (-0.998336, -0.001032, 0.057659, -0.009595), (0.040596, -0.722706, 0.689962, -0.033167), (0.000000, 0.000000, 0.000000, 1.000000))
((0.041992, 0.689499, 0.723068, 0.499638), (-0.998239, -0.001404, 0.059311, -0.008499), (0.041910, -0.724285, 0.688226, -0.033123), (0.000000, 0.000000, 0.000000, 1.000000))
((0.040944, 0.687285, 0.725233, 0.497771), (-0.998282, -0.002309, 0.058548, -0.007682), (0.041914, -0.726384, 0.686010, -0.033078), (0.000000, 0.000000, 0.000000, 1.000000))
((0.041683, 0.686935, 0.725522, 0.495547), (-0.998140, -0.003702, 0.060850, -0.006710), (0.044486, -0.726709, 0.685503, -0.033023), (0.000000, 0.000000, 0.000000, 1.000000))
((0.040438, 0.686247, 0.726243, 0.493612), (-0.998142, -0.005411, 0.060691, -0.005865), (0.045579, -0.727348, 0.684753, -0.032968), (0.000000, 0.000000, 0.000000, 1.000000))
((0.037976, 0.684370, 0.728146, 0.490480), (-0.998316, -0.005991, 0.057697, -0.004499), (0.043848, -0.729111, 0.682990, -0.032879), (0.000000, 0.000000, 0.000000, 1.000000))
((0.039166, 0.683902, 0.728522, 0.488206), (-0.998327, -0.004245, 0.057656, -0.003503), (0.042524, -0.729562, 0.682592, -0.032802), (0.000000, 0.000000, 0.000000, 1.000000))
((0.043492, 0.682582, 0.729513, 0.485396), (-0.998147, -0.001420, 0.060836, -0.002273), (0.042561, -0.730807, 0.681256, -0.032706), (0.000000, 0.000000, 0.000000, 1.000000))
((0.043080, 0.680963, 0.731049, 0.482527), (-0.998166, -0.001810, 0.060507, -0.001021), (0.042526, -0.732315, 0.679637, -0.032601), (0.000000, 0.000000, 0.000000, 1.000000))
((0.042880, 0.679163, 0.732734, 0.479952), (-0.998144, -0.002622, 0.060842, 0.000102), (0.043243, -0.733983, 0.677790, -0.032506), (0.000000, 0.000000, 0.000000, 1.000000))
((0.045649, 0.678422, 0.733253, 0.474729), (-0.998119, 0.000901, 0.061305, 0.002367), (0.040930, -0.734672, 0.677187, -0.032299), (0.000000, 0.000000, 0.000000, 1.000000))
((0.046313, 0.675618, 0.735796, 0.471651), (-0.998096, 0.001258, 0.061668, 0.003701), (0.040738, -0.737251, 0.674390, -0.032165), (0.000000, 0.000000, 0.000000, 1.000000))
((0.048812, 0.674616, 0.736553, 0.467731), (-0.998069, 0.004575, 0.061952, 0.005399), (0.038424, -0.738155, 0.673536, -0.031995), (0.000000, 0.000000, 0.000000, 1.000000))
((0.050207, 0.674205, 0.736836, 0.465051), (-0.998039, 0.006258, 0.062279, 0.006555), (0.037377, -0.738518, 0.673197, -0.031875), (0.000000, 0.000000, 0.000000, 1.000000))
((0.047802, 0.672536, 0.738519, 0.462000), (-0.998220, 0.005767, 0.059359, 0.007873), (0.035662, -0.740042, 0.671615, -0.031738), (0.000000, 0.000000, 0.000000, 1.000000))
((0.047753, 0.671134, 0.739796, 0.459038), (-0.998212, 0.005404, 0.059531, 0.009154), (0.035956, -0.741316, 0.670192, -0.031590), (0.000000, 0.000000, 0.000000, 1.000000))
((0.049732, 0.669634, 0.741024, 0.455902), (-0.998195, 0.008322, 0.059471, 0.010511), (0.033657, -0.742645, 0.668839, -0.031433), (0.000000, 0.000000, 0.000000, 1.000000))
((0.051763, 0.668067, 0.742298, 0.452735), (-0.998159, 0.011093, 0.059622, 0.011885), (0.031597, -0.744018, 0.667412, -0.031249), (0.000000, 0.000000, 0.000000, 1.000000))
((0.053001, 0.667608, 0.742624, 0.449946), (-0.998133, 0.012805, 0.059725, 0.013096), (0.030364, -0.744403, 0.667040, -0.031087), (0.000000, 0.000000, 0.000000, 1.000000))
((0.052926, 0.666037, 0.744038, 0.446859), (-0.998118, 0.012173, 0.060102, 0.014447), (0.030973, -0.745819, 0.665428, -0.030876), (0.000000, 0.000000, 0.000000, 1.000000))
((0.054086, 0.665634, 0.744316, 0.444134), (-0.998101, 0.014034, 0.059977, 0.015639), (0.029477, -0.746146, 0.665129, -0.030691), (0.000000, 0.000000, 0.000000, 1.000000))
((0.056073, 0.664048, 0.745584, 0.441216), (-0.998051, 0.016802, 0.060096, 0.016924), (0.027379, -0.747501, 0.663696, -0.030462), (0.000000, 0.000000, 0.000000, 1.000000))
((0.055838, 0.662588, 0.746900, 0.438388), (-0.998062, 0.016470, 0.060004, 0.018169), (0.027456, -0.748803, 0.662224, -0.030240), (0.000000, 0.000000, 0.000000, 1.000000))
((0.056992, 0.662017, 0.747319, 0.436384), (-0.998028, 0.018065, 0.060109, 0.019061), (0.026293, -0.749271, 0.661741, -0.030056), (0.000000, 0.000000, 0.000000, 1.000000))
((0.053669, 0.661287, 0.748210, 0.434879), (-0.998224, 0.016135, 0.057342, 0.019731), (0.025847, -0.749959, 0.660979, -0.029918), (0.000000, 0.000000, 0.000000, 1.000000))
((0.054993, 0.660871, 0.748482, 0.432561), (-0.998180, 0.017805, 0.057618, 0.020775), (0.024751, -0.750289, 0.660647, -0.029674), (0.000000, 0.000000, 0.000000, 1.000000))
((0.054862, 0.659298, 0.749878, 0.430225), (-0.998173, 0.017165, 0.057936, 0.021828), (0.025326, -0.751686, 0.659035, -0.029429), (0.000000, 0.000000, 0.000000, 1.000000))
((0.056465, 0.659232, 0.749816, 0.427485), (-0.998113, 0.019136, 0.058339, 0.023077), (0.024110, -0.751696, 0.659069, -0.029105), (0.000000, 0.000000, 0.000000, 1.000000))
((0.055303, 0.658562, 0.750492, 0.425418), (-0.998246, 0.020568, 0.055512, 0.024019), (0.021122, -0.752246, 0.658544, -0.028860), (0.000000, 0.000000, 0.000000, 1.000000))
((0.057151, 0.656716, 0.751969, 0.423211), (-0.998177, 0.022944, 0.055826, 0.025037), (0.019409, -0.753789, 0.656830, -0.028570), (0.000000, 0.000000, 0.000000, 1.000000))
((0.058504, 0.656399, 0.752142, 0.420846), (-0.998121, 0.024721, 0.056063, 0.026129), (0.018206, -0.754009, 0.656612, -0.028259), (0.000000, 0.000000, 0.000000, 1.000000))
((0.057911, 0.656310, 0.752266, 0.418433), (-0.998131, 0.023319, 0.056493, 0.027254), (0.019535, -0.754131, 0.656434, -0.027912), (0.000000, 0.000000, 0.000000, 1.000000))
((0.059843, 0.654660, 0.753551, 0.415829), (-0.998052, 0.025918, 0.056743, 0.028468), (0.017617, -0.755479, 0.654936, -0.027538), (0.000000, 0.000000, 0.000000, 1.000000))
((0.059388, 0.652850, 0.755155, 0.413483), (-0.998137, 0.028242, 0.054081, 0.029572), (0.013980, -0.756960, 0.653311, -0.027175), (0.000000, 0.000000, 0.000000, 1.000000))
((0.059590, 0.651527, 0.756282, 0.410486), (-0.998111, 0.027569, 0.054894, 0.030983), (0.014915, -0.758125, 0.651939, -0.026711), (0.000000, 0.000000, 0.000000, 1.000000))
((0.059799, 0.650340, 0.757286, 0.406966), (-0.998143, 0.030169, 0.052910, 0.032655), (0.011563, -0.759044, 0.650937, -0.026134), (0.000000, 0.000000, 0.000000, 1.000000))
((0.060451, 0.647751, 0.759450, 0.403712), (-0.998105, 0.030462, 0.053466, 0.034201), (0.011498, -0.761243, 0.648365, -0.025601), (0.000000, 0.000000, 0.000000, 1.000000))
((0.064902, 0.646293, 0.760324, 0.400453), (-0.997863, 0.036223, 0.054388, 0.035758), (0.007609, -0.762229, 0.647263, -0.025039), (0.000000, 0.000000, 0.000000, 1.000000))
((0.062764, 0.645260, 0.761381, 0.397401), (-0.998008, 0.035760, 0.051965, 0.037217), (0.006304, -0.763126, 0.646219, -0.024512), (0.000000, 0.000000, 0.000000, 1.000000))
((0.063626, 0.642872, 0.763327, 0.394187), (-0.997953, 0.036052, 0.052820, 0.038762), (0.006437, -0.765125, 0.643850, -0.023940), (0.000000, 0.000000, 0.000000, 1.000000))
((0.065685, 0.641258, 0.764509, 0.391789), (-0.997828, 0.038359, 0.053556, 0.039914), (0.005017, -0.766366, 0.642385, -0.023513), (0.000000, 0.000000, 0.000000, 1.000000))
((0.067860, 0.640000, 0.765372, 0.388487), (-0.997695, 0.043999, 0.051667, 0.041506), (-0.000609, -0.767114, 0.641510, -0.022907), (0.000000, 0.000000, 0.000000, 1.000000))
((0.066986, 0.638306, 0.766863, 0.383688), (-0.997752, 0.044365, 0.050227, 0.043822), (-0.001962, -0.768503, 0.639843, -0.022026), (0.000000, 0.000000, 0.000000, 1.000000))
((0.069143, 0.636853, 0.767879, 0.381054), (-0.997601, 0.046712, 0.051087, 0.045097), (-0.003334, -0.769569, 0.638555, -0.021529), (0.000000, 0.000000, 0.000000, 1.000000))
((0.067437, 0.634662, 0.769842, 0.377665), (-0.997710, 0.046965, 0.048679, 0.046737), (-0.005261, -0.771361, 0.636376, -0.020888), (0.000000, 0.000000, 0.000000, 1.000000))
((0.069476, 0.633494, 0.770622, 0.374458), (-0.997524, 0.052569, 0.046718, 0.048294), (-0.010915, -0.771960, 0.635577, -0.020262), (0.000000, 0.000000, 0.000000, 1.000000))
((0.072491, 0.631017, 0.772375, 0.370706), (-0.997290, 0.055595, 0.048181, 0.050116), (-0.012537, -0.773774, 0.633337, -0.019530), (0.000000, 0.000000, 0.000000, 1.000000))
((0.070655, 0.628754, 0.774387, 0.367566), (-0.997401, 0.055533, 0.045913, 0.051655), (-0.014136, -0.775618, 0.631044, -0.018889), (0.000000, 0.000000, 0.000000, 1.000000))
((0.071877, 0.628242, 0.774691, 0.365674), (-0.997303, 0.056805, 0.046465, 0.052583), (-0.014815, -0.775942, 0.630631, -0.018503), (0.000000, 0.000000, 0.000000, 1.000000))
((0.071539, 0.627331, 0.775460, 0.362626), (-0.997263, 0.059524, 0.043848, 0.054089), (-0.018651, -0.776474, 0.629873, -0.017857), (0.000000, 0.000000, 0.000000, 1.000000))
((0.072834, 0.624110, 0.777934, 0.358088), (-0.997155, 0.060744, 0.044625, 0.056331), (-0.019404, -0.778971, 0.626759, -0.016896), (0.000000, 0.000000, 0.000000, 1.000000))
((0.073175, 0.622020, 0.779575, 0.354266), (-0.997047, 0.063899, 0.042603, 0.058240), (-0.023314, -0.780390, 0.624859, -0.016048), (0.000000, 0.000000, 0.000000, 1.000000))
((0.073627, 0.619960, 0.781171, 0.350416), (-0.996926, 0.066807, 0.040942, 0.060163), (-0.026805, -0.781784, 0.622973, -0.015194), (0.000000, 0.000000, 0.000000, 1.000000))
((0.071874, 0.618233, 0.782702, 0.346620), (-0.997006, 0.066977, 0.038650, 0.062085), (-0.028529, -0.783136, 0.621196, -0.014312), (0.000000, 0.000000, 0.000000, 1.000000))
((0.074280, 0.615796, 0.784396, 0.343195), (-0.996759, 0.070198, 0.039281, 0.063818), (-0.030874, -0.784772, 0.619015, -0.013517), (0.000000, 0.000000, 0.000000, 1.000000))
((0.074098, 0.615200, 0.784881, 0.339888), (-0.996664, 0.072691, 0.037116, 0.065506), (-0.034220, -0.785013, 0.618534, -0.012719), (0.000000, 0.000000, 0.000000, 1.000000))
((0.074553, 0.613427, 0.786224, 0.336112), (-0.996506, 0.075598, 0.035510, 0.067434), (-0.037654, -0.786125, 0.616920, -0.011808), (0.000000, 0.000000, 0.000000, 1.000000))
((0.072860, 0.611777, 0.787667, 0.332639), (-0.996591, 0.075305, 0.033696, 0.069213), (-0.038701, -0.787437, 0.615179, -0.010952), (0.000000, 0.000000, 0.000000, 1.000000))
((0.073824, 0.607955, 0.790532, 0.326011), (-0.996420, 0.077721, 0.033280, 0.072625), (-0.041208, -0.790158, 0.611516, -0.009268), (0.000000, 0.000000, 0.000000, 1.000000))
((0.074076, 0.606176, 0.791873, 0.322665), (-0.996268, 0.080265, 0.031753, 0.074347), (-0.044312, -0.791270, 0.609859, -0.008418), (0.000000, 0.000000, 0.000000, 1.000000))
((0.073972, 0.605661, 0.792277, 0.319959), (-0.996166, 0.082083, 0.030259, 0.075738), (-0.046706, -0.791478, 0.609411, -0.007715), (0.000000, 0.000000, 0.000000, 1.000000))
((0.075639, 0.604894, 0.792706, 0.316969), (-0.995791, 0.087086, 0.028564, 0.077274), (-0.051755, -0.791530, 0.608935, -0.006939), (0.000000, 0.000000, 0.000000, 1.000000))
((0.077553, 0.603805, 0.793351, 0.314157), (-0.995576, 0.089247, 0.029397, 0.078709), (-0.053054, -0.792121, 0.608055, -0.006204), (0.000000, 0.000000, 0.000000, 1.000000))
((0.076509, 0.601929, 0.794876, 0.309584), (-0.995549, 0.090114, 0.027585, 0.081035), (-0.055025, -0.793449, 0.606144, -0.004997), (0.000000, 0.000000, 0.000000, 1.000000))
((0.077657, 0.599971, 0.796244, 0.304245), (-0.995249, 0.093691, 0.026470, 0.083738), (-0.058720, -0.794517, 0.604396, -0.003566), (0.000000, 0.000000, 0.000000, 1.000000))
((0.076317, 0.597858, 0.797961, 0.299607), (-0.995266, 0.093975, 0.024778, 0.086081), (-0.060175, -0.796075, 0.602199, -0.002313), (0.000000, 0.000000, 0.000000, 1.000000))
((0.078604, 0.595845, 0.799243, 0.296259), (-0.994976, 0.096751, 0.025725, 0.087762), (-0.061999, -0.797250, 0.600457, -0.001398), (0.000000, 0.000000, 0.000000, 1.000000))
((0.078570, 0.594501, 0.800247, 0.292461), (-0.994773, 0.099273, 0.023919, 0.089669), (-0.065223, -0.797943, 0.599193, -0.000359), (0.000000, 0.000000, 0.000000, 1.000000))
((0.078427, 0.593104, 0.801297, 0.288932), (-0.994573, 0.101665, 0.022094, 0.091434), (-0.068360, -0.798682, 0.597858, 0.000621), (0.000000, 0.000000, 0.000000, 1.000000))
((0.082940, 0.591195, 0.802253, 0.284987), (-0.993941, 0.107343, 0.023654, 0.093407), (-0.072132, -0.799354, 0.596515, 0.001716), (0.000000, 0.000000, 0.000000, 1.000000))
((0.082984, 0.586074, 0.805997, 0.274389), (-0.993447, 0.112435, 0.020527, 0.098686), (-0.078592, -0.802419, 0.591564, 0.004789), (0.000000, 0.000000, 0.000000, 1.000000))
((0.084913, 0.582824, 0.808150, 0.270797), (-0.993080, 0.115546, 0.021014, 0.100475), (-0.081131, -0.804342, 0.588602, 0.005841), (0.000000, 0.000000, 0.000000, 1.000000))
((0.084498, 0.581685, 0.809013, 0.267358), (-0.992851, 0.117841, 0.018971, 0.102194), (-0.084300, -0.804833, 0.587484, 0.006885), (0.000000, 0.000000, 0.000000, 1.000000))
((0.085216, 0.578293, 0.811366, 0.262383), (-0.992724, 0.118809, 0.019584, 0.104699), (-0.085072, -0.807132, 0.584210, 0.008472), (0.000000, 0.000000, 0.000000, 1.000000))
((0.082324, 0.574229, 0.814545, 0.256434), (-0.992898, 0.117694, 0.017379, 0.107704), (-0.085888, -0.810191, 0.579840, 0.010412), (0.000000, 0.000000, 0.000000, 1.000000))
((0.082942, 0.573722, 0.814840, 0.254070), (-0.992361, 0.122478, 0.014776, 0.108901), (-0.091323, -0.809841, 0.579498, 0.011200), (0.000000, 0.000000, 0.000000, 1.000000))
((0.083765, 0.572230, 0.815804, 0.252260), (-0.992164, 0.124052, 0.014859, 0.109823), (-0.092699, -0.810656, 0.578138, 0.011831), (0.000000, 0.000000, 0.000000, 1.000000))
((0.078396, 0.572122, 0.816413, 0.250475), (-0.992759, 0.119565, 0.011542, 0.110732), (-0.091011, -0.811406, 0.577353, 0.012452), (0.000000, 0.000000, 0.000000, 1.000000))
((0.077305, 0.571059, 0.817261, 0.248782), (-0.992880, 0.118608, 0.011040, 0.111602), (-0.090629, -0.812296, 0.576162, 0.013063), (0.000000, 0.000000, 0.000000, 1.000000))
((0.076165, 0.568742, 0.818982, 0.246955), (-0.992959, 0.117997, 0.010402, 0.112541), (-0.090721, -0.814008, 0.573725, 0.013722), (0.000000, 0.000000, 0.000000, 1.000000))
((0.076824, 0.567238, 0.819963, 0.245251), (-0.992764, 0.119646, 0.010245, 0.113422), (-0.092294, -0.814816, 0.572325, 0.014359), (0.000000, 0.000000, 0.000000, 1.000000))
((0.073566, 0.565918, 0.821173, 0.242810), (-0.992953, 0.118277, 0.007444, 0.114683), (-0.092913, -0.815934, 0.570631, 0.015271), (0.000000, 0.000000, 0.000000, 1.000000))
((0.072275, 0.564732, 0.822103, 0.240587), (-0.992719, 0.120362, 0.004594, 0.115833), (-0.096356, -0.816450, 0.569320, 0.016123), (0.000000, 0.000000, 0.000000, 1.000000))
((0.071638, 0.561901, 0.824097, 0.237630), (-0.992740, 0.120201, 0.004340, 0.117360), (-0.096619, -0.818425, 0.566432, 0.017284), (0.000000, 0.000000, 0.000000, 1.000000))
((0.072995, 0.559285, 0.825755, 0.234182), (-0.992322, 0.123614, 0.003996, 0.119146), (-0.099840, -0.819707, 0.564014, 0.018655), (0.000000, 0.000000, 0.000000, 1.000000))
((0.073608, 0.557701, 0.826772, 0.232564), (-0.992193, 0.124636, 0.004262, 0.119987), (-0.100669, -0.820631, 0.562521, 0.019307), (0.000000, 0.000000, 0.000000, 1.000000))
((0.074361, 0.555328, 0.828300, 0.230470), (-0.991963, 0.126453, 0.004275, 0.121074), (-0.102367, -0.821961, 0.560268, 0.020170), (0.000000, 0.000000, 0.000000, 1.000000))
((0.076637, 0.553569, 0.829270, 0.228890), (-0.991401, 0.130785, 0.004317, 0.121898), (-0.106066, -0.822470, 0.558832, 0.020833), (0.000000, 0.000000, 0.000000, 1.000000))
((0.077075, 0.551946, 0.830310, 0.227372), (-0.991256, 0.131881, 0.004348, 0.122688), (-0.107102, -0.823385, 0.557285, 0.021470), (0.000000, 0.000000, 0.000000, 1.000000))
((0.079674, 0.551507, 0.830357, 0.225818), (-0.990739, 0.135693, 0.004938, 0.123493), (-0.109950, -0.823060, 0.557210, 0.022134), (0.000000, 0.000000, 0.000000, 1.000000))
((0.079792, 0.548178, 0.832547, 0.219776), (-0.990174, 0.139812, 0.002842, 0.126615), (-0.114842, -0.824593, 0.553947, 0.024743), (0.000000, 0.000000, 0.000000, 1.000000))
((0.079792, 0.548178, 0.832547, 0.219776), (-0.990174, 0.139812, 0.002842, 0.126615), (-0.114842, -0.824593, 0.553947, 0.024743), (0.000000, 0.000000, 0.000000, 1.000000))
((0.081093, 0.544704, 0.834698, 0.216010), (-0.989773, 0.142615, 0.003092, 0.128547), (-0.117356, -0.826413, 0.550699, 0.026418), (0.000000, 0.000000, 0.000000, 1.000000))
((0.084119, 0.543039, 0.835483, 0.213081), (-0.989010, 0.147810, 0.003504, 0.130050), (-0.121590, -0.826596, 0.549504, 0.027721), (0.000000, 0.000000, 0.000000, 1.000000))
((0.083158, 0.540525, 0.837208, 0.210160), (-0.989106, 0.147169, 0.003230, 0.131529), (-0.121465, -0.828357, 0.546874, 0.029052), (0.000000, 0.000000, 0.000000, 1.000000))
((0.082421, 0.539126, 0.838183, 0.205559), (-0.988625, 0.150402, 0.000474, 0.133836), (-0.125809, -0.828687, 0.545390, 0.031173), (0.000000, 0.000000, 0.000000, 1.000000))
((0.083424, 0.536927, 0.839494, 0.201992), (-0.988194, 0.153208, 0.000211, 0.135592), (-0.128504, -0.829601, 0.543369, 0.032866), (0.000000, 0.000000, 0.000000, 1.000000))
((0.082405, 0.535519, 0.840493, 0.199342), (-0.988350, 0.152196, -0.000070, 0.136870), (-0.127957, -0.830696, 0.541822, 0.034158), (0.000000, 0.000000, 0.000000, 1.000000))
((0.079195, 0.533331, 0.842191, 0.196726), (-0.988819, 0.149114, -0.001445, 0.138133), (-0.126353, -0.832660, 0.539177, 0.035434), (0.000000, 0.000000, 0.000000, 1.000000))
((0.079610, 0.532299, 0.842805, 0.194859), (-0.988591, 0.150612, -0.001743, 0.139018), (-0.127864, -0.833051, 0.538216, 0.036361), (0.000000, 0.000000, 0.000000, 1.000000))
((0.079932, 0.531170, 0.843487, 0.193092), (-0.988379, 0.151993, -0.002052, 0.139856), (-0.129294, -0.833521, 0.537146, 0.037238), (0.000000, 0.000000, 0.000000, 1.000000))
((0.078571, 0.530298, 0.844163, 0.191380), (-0.988643, 0.150266, -0.002378, 0.140657), (-0.128110, -0.834388, 0.536082, 0.038102), (0.000000, 0.000000, 0.000000, 1.000000))
((0.077546, 0.528975, 0.845087, 0.188403), (-0.988845, 0.148925, -0.002481, 0.142034), (-0.127167, -0.835468, 0.534623, 0.039609), (0.000000, 0.000000, 0.000000, 1.000000))
((0.076986, 0.524329, 0.848028, 0.181363), (-0.988390, 0.151880, -0.004178, 0.145210), (-0.130989, -0.837861, 0.529934, 0.043188), (0.000000, 0.000000, 0.000000, 1.000000))
((0.075722, 0.522467, 0.849290, 0.178134), (-0.988443, 0.151505, -0.005074, 0.146645), (-0.131323, -0.839091, 0.527902, 0.044831), (0.000000, 0.000000, 0.000000, 1.000000))
((0.075722, 0.522467, 0.849290, 0.178053), (-0.988443, 0.151505, -0.005074, 0.146680), (-0.131323, -0.839091, 0.527902, 0.044872), (0.000000, 0.000000, 0.000000, 1.000000))
((0.074538, 0.520610, 0.850535, 0.174824), (-0.988580, 0.150593, -0.005541, 0.148064), (-0.130969, -0.840409, 0.525890, 0.046512), (0.000000, 0.000000, 0.000000, 1.000000))
((0.074538, 0.520610, 0.850535, 0.174761), (-0.988580, 0.150593, -0.005541, 0.148090), (-0.130969, -0.840409, 0.525890, 0.046544), (0.000000, 0.000000, 0.000000, 1.000000))
((0.074250, 0.516927, 0.852803, 0.166353), (-0.988238, 0.152784, -0.006568, 0.151462), (-0.133690, -0.842285, 0.522191, 0.050803), (0.000000, 0.000000, 0.000000, 1.000000))
((0.074333, 0.515912, 0.853411, 0.164820), (-0.988059, 0.153916, -0.006986, 0.152077), (-0.134958, -0.842701, 0.521193, 0.051579), (0.000000, 0.000000, 0.000000, 1.000000))
((0.076114, 0.513095, 0.854950, 0.160649), (-0.987183, 0.159405, -0.007780, 0.153695), (-0.140275, -0.843400, 0.518651, 0.053683), (0.000000, 0.000000, 0.000000, 1.000000))
((0.074534, 0.511870, 0.855823, 0.158160), (-0.987404, 0.157991, -0.008501, 0.154661), (-0.139564, -0.844410, 0.517198, 0.054938), (0.000000, 0.000000, 0.000000, 1.000000))
((0.076911, 0.511456, 0.855861, 0.155507), (-0.986694, 0.162375, -0.008366, 0.155654), (-0.143249, -0.843829, 0.517139, 0.056265), (0.000000, 0.000000, 0.000000, 1.000000))
((0.076735, 0.510293, 0.856570, 0.153922), (-0.986543, 0.163263, -0.008884, 0.156246), (-0.144380, -0.844361, 0.515954, 0.057058), (0.000000, 0.000000, 0.000000, 1.000000))
((0.077268, 0.505331, 0.859459, 0.147104), (-0.986354, 0.164446, -0.008012, 0.158671), (-0.145383, -0.847112, 0.511141, 0.060419), (0.000000, 0.000000, 0.000000, 1.000000))
((0.076531, 0.505037, 0.859698, 0.142219), (-0.986354, 0.164403, -0.008774, 0.160342), (-0.145768, -0.847295, 0.510727, 0.062794), (0.000000, 0.000000, 0.000000, 1.000000))
((0.072487, 0.503177, 0.861138, 0.139605), (-0.986977, 0.160506, -0.010707, 0.161224), (-0.143605, -0.849147, 0.508259, 0.064060), (0.000000, 0.000000, 0.000000, 1.000000))
((0.072350, 0.501918, 0.861884, 0.137036), (-0.986751, 0.161839, -0.011415, 0.162074), (-0.145216, -0.849639, 0.506977, 0.065294), (0.000000, 0.000000, 0.000000, 1.000000))
((0.074270, 0.501324, 0.862066, 0.134762), (-0.986085, 0.165845, -0.011491, 0.162826), (-0.148730, -0.849217, 0.506665, 0.066385), (0.000000, 0.000000, 0.000000, 1.000000))
((0.071145, 0.500160, 0.863005, 0.128865), (-0.986425, 0.163658, -0.013529, 0.164721), (-0.148004, -0.850327, 0.505013, 0.069170), (0.000000, 0.000000, 0.000000, 1.000000))
((0.071145, 0.500160, 0.863005, 0.128838), (-0.986425, 0.163658, -0.013529, 0.164730), (-0.148004, -0.850327, 0.505013, 0.069183), (0.000000, 0.000000, 0.000000, 1.000000))
((0.072709, 0.496292, 0.865105, 0.123380), (-0.985890, 0.166896, -0.012884, 0.166459), (-0.150777, -0.851962, 0.501424, 0.071748), (0.000000, 0.000000, 0.000000, 1.000000))
((0.072709, 0.496292, 0.865105, 0.123336), (-0.985890, 0.166896, -0.012884, 0.166473), (-0.150777, -0.851962, 0.501424, 0.071769), (0.000000, 0.000000, 0.000000, 1.000000))
((0.069008, 0.494923, 0.866192, 0.117850), (-0.986263, 0.164463, -0.015397, 0.168150), (-0.150077, -0.853231, 0.499473, 0.074320), (0.000000, 0.000000, 0.000000, 1.000000))
((0.068560, 0.492004, 0.867889, 0.116478), (-0.986589, 0.162603, -0.014243, 0.168567), (-0.148129, -0.855273, 0.496554, 0.074957), (0.000000, 0.000000, 0.000000, 1.000000))
((0.072062, 0.491833, 0.867702, 0.114841), (-0.985432, 0.169476, -0.014223, 0.169050), (-0.154050, -0.854037, 0.496880, 0.075709), (0.000000, 0.000000, 0.000000, 1.000000))
((0.068488, 0.491142, 0.868383, 0.110928), (-0.986064, 0.165604, -0.015893, 0.170195), (-0.151613, -0.855193, 0.495639, 0.077502), (0.000000, 0.000000, 0.000000, 1.000000))
((0.069861, 0.488370, 0.869836, 0.107982), (-0.985674, 0.167977, -0.015147, 0.171034), (-0.153510, -0.856317, 0.493109, 0.078842), (0.000000, 0.000000, 0.000000, 1.000000))
((0.069531, 0.487758, 0.870206, 0.106446), (-0.985492, 0.168968, -0.015965, 0.171468), (-0.154824, -0.856471, 0.492430, 0.079538), (0.000000, 0.000000, 0.000000, 1.000000))
((0.070035, 0.488286, 0.869869, 0.105675), (-0.985498, 0.168974, -0.015506, 0.171679), (-0.154557, -0.856168, 0.493039, 0.079882), (0.000000, 0.000000, 0.000000, 1.000000))
((0.068368, 0.488278, 0.870006, 0.104554), (-0.985904, 0.166544, -0.015995, 0.171982), (-0.152704, -0.856649, 0.492782, 0.080379), (0.000000, 0.000000, 0.000000, 1.000000))
((0.069866, 0.487826, 0.870141, 0.103760), (-0.985359, 0.169736, -0.016042, 0.172195), (-0.155520, -0.856280, 0.492543, 0.080730), (0.000000, 0.000000, 0.000000, 1.000000))
((0.069960, 0.487855, 0.870117, 0.103665), (-0.985422, 0.169395, -0.015745, 0.172220), (-0.155075, -0.856331, 0.492594, 0.080772), (0.000000, 0.000000, 0.000000, 1.000000))
((0.068523, 0.490193, 0.868916, 0.103326), (-0.985476, 0.168904, -0.017571, 0.172310), (-0.155377, -0.855092, 0.494647, 0.080921), (0.000000, 0.000000, 0.000000, 1.000000))
((0.068786, 0.490397, 0.868780, 0.103002), (-0.985542, 0.168567, -0.017120, 0.172396), (-0.154843, -0.855042, 0.494901, 0.081063), (0.000000, 0.000000, 0.000000, 1.000000))
((0.068620, 0.492018, 0.867877, 0.101969), (-0.985060, 0.171146, -0.019141, 0.172667), (-0.157951, -0.853597, 0.496411, 0.081516), (0.000000, 0.000000, 0.000000, 1.000000))
((0.068037, 0.493321, 0.867182, 0.101406), (-0.984453, 0.174278, -0.021905, 0.172814), (-0.161937, -0.852210, 0.497509, 0.081763), (0.000000, 0.000000, 0.000000, 1.000000))
</SampleFrames>
<SampleWeights Num="152">0.0599096
0.0558332
0.0603217
0.0682937
0.0970827
0.12408
0.154179
0.169938
0.181718
0.198935
0.241209
0.276724
0.349455
0.395272
0.418778
0.441184
0.469013
0.485591
0.49991
0.501497
0.49464
0.489888
0.483224
0.486783
0.479432
0.459147
0.449231
0.435294
0.424776
0.418687
0.417012
0.411766
0.408282
0.407199
0.403211
0.406119
0.405252
0.404796
0.410229
0.405104
0.402693
0.398537
0.395551
0.394098
0.394134
0.389934
0.393548
0.396159
0.395742
0.39079
0.380078
0.376782
0.37485
0.371157
0.364363
0.357459
0.345132
0.327137
0.324872
0.31894
0.30897
0.300333
0.297927
0.29676
0.303161
0.306182
0.30589
0.301654
0.303653
0.310013
0.313013
0.30723
0.298847
0.268486
0.249802
0.233279
0.220591
0.215589
0.217873
0.207705
0.198556
0.19499
0.189297
0.180691
0.1736
0.147437
0.148116
0.149076
0.155331
0.156097
0.155911
0.168305
0.185091
0.200658
0.219494
0.226222
0.22649
0.229099
0.239152
0.2626
0.257234
0.253679
0.255037
0.254641
0.255163
0.236717
0.236717
0.228813
0.226963
0.226084
0.231481
0.238648
0.255557
0.278176
0.290487
0.300284
0.308845
0.312311
0.331789
0.337932
0.337916
0.335198
0.335188
0.326819
0.32262
0.312689
0.311595
0.306094
0.30049
0.282093
0.292708
0.291566
0.281963
0.269821
0.27061
0.270607
0.260235
0.260229
0.260073
0.260304
0.259921
0.266623
0.27361
0.265587
0.265843
0.269
0.2481
0.238933
0.224777
0.216491
0.188989
0.168893
</SampleWeights>
</PointSplatMark>
