<PointSplatMark HeadPosAtStart="(-0.925492, 0.693116, 1.5289)" BrushTip="0" BrushInterface="ForceTapeDraw" SuperSamplesPerWidth="20" Draw="0" Width="0.06" Pose="1" LayerIndex="0" Name="bone" RoomToVirtualScaleAtStart="1" RoomToVirtualFrameAtStart="((0.076550, -0.807460, -0.584934, 0.691016), (0.843985, -0.259883, 0.469202, -0.019687), (-0.530877, -0.529593, 0.661590, 0.053695), (0.000000, 0.000000, 0.000000, 1.000000))" ColorSwatch="0"><SamplePoints Num="19">(0.684723, -0.0643116, 0.10783)
(0.68713, -0.0648881, 0.110139)
(0.688331, -0.0651789, 0.111299)
(0.690351, -0.0656782, 0.11327)
(0.695973, -0.0671279, 0.118847)
(0.697772, -0.0675918, 0.120632)
(0.703756, -0.0691774, 0.126684)
(0.710917, -0.0711669, 0.13402)
(0.719689, -0.0736086, 0.142997)
(0.729903, -0.0764041, 0.153623)
(0.740622, -0.0793156, 0.164842)
(0.751353, -0.0820419, 0.176104)
(0.765907, -0.0855561, 0.191636)
(0.770579, -0.0866099, 0.196681)
(0.773989, -0.087379, 0.200363)
(0.775358, -0.0876392, 0.201854)
(0.779626, -0.0884497, 0.206498)
(0.781531, -0.0887314, 0.208603)
(0.783962, -0.0890172, 0.211303)
</SamplePoints>
<SampleFrames Num="19">((0.804556, -0.590780, 0.060564, 0.684723), (0.167649, 0.323772, 0.931163, -0.064312), (-0.569722, -0.739020, 0.359536, 0.107830), (0.000000, 0.000000, 0.000000, 1.000000))
((0.805469, -0.589974, 0.056131, 0.687130), (0.169993, 0.320736, 0.931789, -0.064888), (-0.567735, -0.740985, 0.358634, 0.110139), (0.000000, 0.000000, 0.000000, 1.000000))
((0.806134, -0.589187, 0.054825, 0.688331), (0.169134, 0.318211, 0.932810, -0.065179), (-0.567046, -0.742698, 0.356172, 0.111299), (0.000000, 0.000000, 0.000000, 1.000000))
((0.806969, -0.588220, 0.052899, 0.690351), (0.169775, 0.316832, 0.933163, -0.065678), (-0.565665, -0.744053, 0.355539, 0.113270), (0.000000, 0.000000, 0.000000, 1.000000))
((0.807160, -0.588506, 0.046404, 0.695973), (0.170967, 0.308277, 0.935807, -0.067128), (-0.565033, -0.747413, 0.349444, 0.118847), (0.000000, 0.000000, 0.000000, 1.000000))
((0.806330, -0.589632, 0.046535, 0.697772), (0.172019, 0.309059, 0.935357, -0.067592), (-0.565898, -0.746201, 0.350632, 0.120632), (0.000000, 0.000000, 0.000000, 1.000000))
((0.804735, -0.592338, 0.039203, 0.703756), (0.175096, 0.299944, 0.937750, -0.069177), (-0.567224, -0.747776, 0.345091, 0.126684), (0.000000, 0.000000, 0.000000, 1.000000))
((0.806057, -0.590801, 0.035024, 0.710917), (0.175681, 0.295361, 0.939094, -0.071167), (-0.565162, -0.750811, 0.341870, 0.134020), (0.000000, 0.000000, 0.000000, 1.000000))
((0.806809, -0.590145, 0.028070, 0.719689), (0.178269, 0.288464, 0.940749, -0.073609), (-0.563276, -0.754001, 0.337940, 0.142997), (0.000000, 0.000000, 0.000000, 1.000000))
((0.806213, -0.591303, 0.019538, 0.729903), (0.181381, 0.278468, 0.943163, -0.076404), (-0.563136, -0.756846, 0.331756, 0.153623), (0.000000, 0.000000, 0.000000, 1.000000))
((0.805835, -0.592053, 0.010149, 0.740622), (0.185205, 0.268286, 0.945369, -0.079316), (-0.562431, -0.759932, 0.325845, 0.164842), (0.000000, 0.000000, 0.000000, 1.000000))
((0.805850, -0.592110, 0.003507, 0.751353), (0.187253, 0.260457, 0.947153, -0.082042), (-0.561732, -0.762606, 0.320764, 0.176104), (0.000000, 0.000000, 0.000000, 1.000000))
((0.804065, -0.594494, -0.007470, 0.765907), (0.191412, 0.246952, 0.949935, -0.085556), (-0.562886, -0.765239, 0.312359, 0.191636), (0.000000, 0.000000, 0.000000, 1.000000))
((0.802609, -0.596366, -0.012905, 0.770579), (0.195491, 0.242535, 0.950242, -0.086610), (-0.563562, -0.765196, 0.311245, 0.196681), (0.000000, 0.000000, 0.000000, 1.000000))
((0.802605, -0.596284, -0.016442, 0.773989), (0.195886, 0.237429, 0.951449, -0.087379), (-0.563430, -0.766859, 0.307365, 0.200363), (0.000000, 0.000000, 0.000000, 1.000000))
((0.802198, -0.596830, -0.016538, 0.775358), (0.196535, 0.237804, 0.951222, -0.087639), (-0.563785, -0.766318, 0.308064, 0.201854), (0.000000, 0.000000, 0.000000, 1.000000))
((0.802292, -0.596657, -0.018125, 0.779626), (0.196724, 0.235612, 0.951728, -0.088450), (-0.563585, -0.767129, 0.306406, 0.206498), (0.000000, 0.000000, 0.000000, 1.000000))
((0.803063, -0.595577, -0.019448, 0.781531), (0.195702, 0.232773, 0.952637, -0.088731), (-0.562842, -0.768833, 0.303487, 0.208603), (0.000000, 0.000000, 0.000000, 1.000000))
((0.798940, -0.601086, -0.019767, 0.783962), (0.198044, 0.231913, 0.952363, -0.089017), (-0.567868, -0.764795, 0.304326, 0.211303), (0.000000, 0.000000, 0.000000, 1.000000))
</SampleFrames>
<SampleWeights Num="19">0.010034
0.0417193
0.0423723
0.0505445
0.0638552
0.0644525
0.0729913
0.085494
0.0976522
0.130802
0.143984
0.131425
0.12268
0.117742
0.106453
0.107428
0.0867109
0.0767999
0.0578187
</SampleWeights>
</PointSplatMark>
