<PointSplatMark HeadPosAtStart="(-0.199314, 0.350346, 2.10718)" BrushTip="0" BrushInterface="ForceTapeDraw" SuperSamplesPerWidth="20" Draw="0" Width="0.06" Pose="1" LayerIndex="0" Name="bone" RoomToVirtualScaleAtStart="1" RoomToVirtualFrameAtStart="((1.000000, 0.000000, 0.000000, 0.000000), (0.000000, 1.000000, 0.000000, 0.000000), (0.000000, 0.000000, 1.000000, 0.000000), (0.000000, 0.000000, 0.000000, 1.000000))" ColorSwatch="0"><SamplePoints Num="75">(-0.073809, -0.153198, 0.141503)
(-0.0741618, -0.153036, 0.141653)
(-0.0741973, -0.15302, 0.141669)
(-0.0748473, -0.152718, 0.141949)
(-0.0756362, -0.152352, 0.142289)
(-0.0767432, -0.151837, 0.142765)
(-0.0779221, -0.151289, 0.143271)
(-0.0791638, -0.150711, 0.143804)
(-0.0800243, -0.15031, 0.144173)
(-0.0818812, -0.149446, 0.144968)
(-0.0828877, -0.148978, 0.145397)
(-0.0866668, -0.147224, 0.146997)
(-0.0890796, -0.146111, 0.147998)
(-0.0918356, -0.144849, 0.14914)
(-0.0934895, -0.144092, 0.149826)
(-0.0934938, -0.14409, 0.149828)
(-0.0955591, -0.143153, 0.150682)
(-0.0975297, -0.142268, 0.151483)
(-0.09819, -0.141973, 0.151747)
(-0.101591, -0.140473, 0.1531)
(-0.104362, -0.139276, 0.154184)
(-0.106336, -0.13843, 0.15495)
(-0.107508, -0.137938, 0.155395)
(-0.110829, -0.136542, 0.156658)
(-0.116504, -0.13421, 0.158777)
(-0.116655, -0.134149, 0.158831)
(-0.121278, -0.132285, 0.160499)
(-0.124844, -0.130849, 0.161785)
(-0.128194, -0.129524, 0.162971)
(-0.131743, -0.128121, 0.164225)
(-0.135286, -0.126744, 0.165426)
(-0.139069, -0.125274, 0.166708)
(-0.142699, -0.123876, 0.167928)
(-0.146438, -0.122437, 0.169192)
(-0.147999, -0.121836, 0.16972)
(-0.154674, -0.119286, 0.17194)
(-0.157637, -0.118162, 0.172909)
(-0.160069, -0.117244, 0.173703)
(-0.161382, -0.116749, 0.174132)
(-0.166428, -0.114838, 0.175782)
(-0.173028, -0.112338, 0.177866)
(-0.176156, -0.111152, 0.178854)
(-0.176157, -0.111152, 0.178854)
(-0.182478, -0.108732, 0.18085)
(-0.182506, -0.108722, 0.180859)
(-0.189403, -0.106074, 0.183021)
(-0.193001, -0.104686, 0.184141)
(-0.197705, -0.10287, 0.185604)
(-0.200912, -0.101646, 0.186556)
(-0.204396, -0.100316, 0.187591)
(-0.204426, -0.100305, 0.1876)
(-0.211464, -0.0976134, 0.189673)
(-0.211632, -0.09755, 0.18972)
(-0.215443, -0.096117, 0.190789)
(-0.221022, -0.0940404, 0.192338)
(-0.226376, -0.0920476, 0.193825)
(-0.233628, -0.089356, 0.195851)
(-0.233643, -0.0893502, 0.195856)
(-0.241013, -0.0866487, 0.197906)
(-0.24876, -0.0838596, 0.200084)
(-0.248776, -0.0838539, 0.200089)
(-0.255232, -0.0815758, 0.201898)
(-0.25726, -0.0808735, 0.202435)
(-0.261523, -0.0793976, 0.203562)
(-0.267297, -0.077429, 0.205095)
(-0.269933, -0.0765579, 0.205741)
(-0.274639, -0.0749937, 0.207001)
(-0.276626, -0.074335, 0.207551)
(-0.277329, -0.0741052, 0.207736)
(-0.277805, -0.0739501, 0.207859)
(-0.278356, -0.0737726, 0.207996)
(-0.279144, -0.0735189, 0.208192)
(-0.281981, -0.0726023, 0.208915)
(-0.283147, -0.0722296, 0.209206)
(-0.284263, -0.071873, 0.209485)
</SamplePoints>
<SampleFrames Num="75">((-0.170210, 0.708133, 0.685256, -0.073809), (-0.860532, 0.232004, -0.453496, -0.153198), (-0.480118, -0.666874, 0.569882, 0.141503), (0.000000, 0.000000, 0.000000, 1.000000))
((0.183492, 0.678210, 0.711591, -0.074162), (-0.864450, 0.455979, -0.211681, -0.153036), (-0.468035, -0.576293, 0.669947, 0.141653), (0.000000, 0.000000, 0.000000, 1.000000))
((0.185486, 0.677310, 0.711931, -0.074197), (-0.864844, 0.456486, -0.208961, -0.153020), (-0.466518, -0.576950, 0.670440, 0.141669), (0.000000, 0.000000, 0.000000, 1.000000))
((0.191381, 0.674686, 0.712862, -0.074847), (-0.865991, 0.457924, -0.200910, -0.152718), (-0.461988, -0.578882, 0.671910, 0.141949), (0.000000, 0.000000, 0.000000, 1.000000))
((0.195671, 0.671556, 0.714651, -0.075636), (-0.866545, 0.459591, -0.194617, -0.152352), (-0.459143, -0.581196, 0.671862, 0.142289), (0.000000, 0.000000, 0.000000, 1.000000))
((0.192806, 0.674042, 0.713088, -0.076743), (-0.865897, 0.458725, -0.199484, -0.151837), (-0.461571, -0.578999, 0.672096, 0.142765), (0.000000, 0.000000, 0.000000, 1.000000))
((0.194633, 0.672632, 0.713921, -0.077922), (-0.865706, 0.459995, -0.197378, -0.151289), (-0.461163, -0.579630, 0.671832, 0.143271), (0.000000, 0.000000, 0.000000, 1.000000))
((0.199174, 0.666860, 0.718072, -0.079164), (-0.867091, 0.461341, -0.187931, -0.150711), (-0.456599, -0.585203, 0.670116, 0.143804), (0.000000, 0.000000, 0.000000, 1.000000))
((0.198695, 0.667782, 0.717348, -0.080024), (-0.867184, 0.460819, -0.188781, -0.150310), (-0.456632, -0.584562, 0.670652, 0.144173), (0.000000, 0.000000, 0.000000, 1.000000))
((0.202438, 0.664728, 0.719135, -0.081881), (-0.866869, 0.463263, -0.184189, -0.149446), (-0.455585, -0.586109, 0.670014, 0.144968), (0.000000, 0.000000, 0.000000, 1.000000))
((0.200353, 0.664650, 0.719791, -0.082888), (-0.868279, 0.460774, -0.183790, -0.148978), (-0.453817, -0.588157, 0.669419, 0.145397), (0.000000, 0.000000, 0.000000, 1.000000))
((0.205776, 0.660556, 0.722026, -0.086667), (-0.868286, 0.463554, -0.176630, -0.147224), (-0.451372, -0.590579, 0.668940, 0.146997), (0.000000, 0.000000, 0.000000, 1.000000))
((0.209176, 0.658052, 0.723335, -0.089080), (-0.867846, 0.465812, -0.172805, -0.146111), (-0.450653, -0.591597, 0.668524, 0.147998), (0.000000, 0.000000, 0.000000, 1.000000))
((0.212997, 0.653457, 0.726379, -0.091836), (-0.869498, 0.465868, -0.164135, -0.144849), (-0.445652, -0.596625, 0.667408, 0.149140), (0.000000, 0.000000, 0.000000, 1.000000))
((0.214630, 0.652403, 0.726846, -0.093489), (-0.869532, 0.466550, -0.162003, -0.144092), (-0.444801, -0.597245, 0.667421, 0.149826), (0.000000, 0.000000, 0.000000, 1.000000))
((0.214630, 0.652403, 0.726846, -0.093494), (-0.869532, 0.466550, -0.162003, -0.144090), (-0.444801, -0.597245, 0.667421, 0.149828), (0.000000, 0.000000, 0.000000, 1.000000))
((0.218387, 0.649165, 0.728623, -0.095559), (-0.869233, 0.468772, -0.157120, -0.143153), (-0.443555, -0.599030, 0.666650, 0.150682), (0.000000, 0.000000, 0.000000, 1.000000))
((0.218023, 0.647776, 0.729967, -0.097530), (-0.870309, 0.467505, -0.154926, -0.142268), (-0.441621, -0.601519, 0.665692, 0.151483), (0.000000, 0.000000, 0.000000, 1.000000))
((0.217744, 0.648409, 0.729489, -0.098190), (-0.870484, 0.467050, -0.155310, -0.141973), (-0.441412, -0.601191, 0.666127, 0.151747), (0.000000, 0.000000, 0.000000, 1.000000))
((0.219439, 0.644379, 0.732545, -0.101591), (-0.870821, 0.467919, -0.150742, -0.140473), (-0.439907, -0.604837, 0.663818, 0.153100), (0.000000, 0.000000, 0.000000, 1.000000))
((0.222846, 0.641882, 0.733708, -0.104362), (-0.870662, 0.469595, -0.146381, -0.139276), (-0.438505, -0.606191, 0.663510, 0.154184), (0.000000, 0.000000, 0.000000, 1.000000))
((0.222589, 0.640317, 0.735152, -0.106336), (-0.871799, 0.468255, -0.143887, -0.138430), (-0.436372, -0.608877, 0.662456, 0.154950), (0.000000, 0.000000, 0.000000, 1.000000))
((0.224432, 0.638734, 0.735968, -0.107508), (-0.871625, 0.469305, -0.141502, -0.137938), (-0.435776, -0.609731, 0.662063, 0.155395), (0.000000, 0.000000, 0.000000, 1.000000))
((0.223886, 0.637201, 0.737462, -0.110829), (-0.872256, 0.468566, -0.140055, -0.136542), (-0.434793, -0.611899, 0.660708, 0.156658), (0.000000, 0.000000, 0.000000, 1.000000))
((0.219457, 0.635378, 0.740360, -0.116504), (-0.872463, 0.467432, -0.142536, -0.134210), (-0.436632, -0.614656, 0.656925, 0.158777), (0.000000, 0.000000, 0.000000, 1.000000))
((0.219457, 0.635378, 0.740360, -0.116655), (-0.872463, 0.467432, -0.142536, -0.134149), (-0.436632, -0.614656, 0.656925, 0.158831), (0.000000, 0.000000, 0.000000, 1.000000))
((0.221246, 0.630971, 0.743590, -0.121278), (-0.872411, 0.468817, -0.138238, -0.132285), (-0.435832, -0.618131, 0.654190, 0.160499), (0.000000, 0.000000, 0.000000, 1.000000))
((0.218853, 0.630650, 0.744570, -0.124844), (-0.872612, 0.467958, -0.139872, -0.130849), (-0.436638, -0.619109, 0.652726, 0.161785), (0.000000, 0.000000, 0.000000, 1.000000))
((0.220707, 0.628333, 0.745980, -0.128194), (-0.871417, 0.470574, -0.138542, -0.129524), (-0.438089, -0.619482, 0.651399, 0.162971), (0.000000, 0.000000, 0.000000, 1.000000))
((0.220489, 0.626555, 0.747538, -0.131743), (-0.872267, 0.469637, -0.136352, -0.128121), (-0.436503, -0.621989, 0.650073, 0.164225), (0.000000, 0.000000, 0.000000, 1.000000))
((0.222406, 0.624239, 0.748907, -0.135286), (-0.871029, 0.472313, -0.135015, -0.126744), (-0.438000, -0.622291, 0.648775, 0.165426), (0.000000, 0.000000, 0.000000, 1.000000))
((0.222214, 0.622603, 0.750324, -0.139069), (-0.872011, 0.471155, -0.132702, -0.125274), (-0.436140, -0.624802, 0.647614, 0.166708), (0.000000, 0.000000, 0.000000, 1.000000))
((0.226241, 0.618979, 0.752117, -0.142699), (-0.871507, 0.473508, -0.127535, -0.123876), (-0.435075, -0.626622, 0.646571, 0.167928), (0.000000, 0.000000, 0.000000, 1.000000))
((0.226436, 0.616076, 0.754438, -0.146438), (-0.871446, 0.474132, -0.125623, -0.122437), (-0.435096, -0.629007, 0.644238, 0.169192), (0.000000, 0.000000, 0.000000, 1.000000))
((0.226242, 0.616279, 0.754331, -0.147999), (-0.870940, 0.474781, -0.126674, -0.121836), (-0.436208, -0.628318, 0.644158, 0.169720), (0.000000, 0.000000, 0.000000, 1.000000))
((0.226053, 0.614376, 0.755938, -0.154674), (-0.870645, 0.475479, -0.126082, -0.119286), (-0.436894, -0.629653, 0.642387, 0.171940), (0.000000, 0.000000, 0.000000, 1.000000))
((0.225878, 0.614466, 0.755917, -0.157637), (-0.869592, 0.476934, -0.127843, -0.118162), (-0.439078, -0.628462, 0.642064, 0.172909), (0.000000, 0.000000, 0.000000, 1.000000))
((0.228028, 0.612441, 0.756914, -0.160069), (-0.868981, 0.478663, -0.125511, -0.117244), (-0.439175, -0.629124, 0.641349, 0.173703), (0.000000, 0.000000, 0.000000, 1.000000))
((0.225908, 0.612625, 0.757401, -0.161382), (-0.870370, 0.476132, -0.125517, -0.116749), (-0.437518, -0.630864, 0.640772, 0.174132), (0.000000, 0.000000, 0.000000, 1.000000))
((0.229988, 0.609068, 0.759040, -0.166428), (-0.869028, 0.479605, -0.121530, -0.114838), (-0.438059, -0.631677, 0.639600, 0.175782), (0.000000, 0.000000, 0.000000, 1.000000))
((0.230196, 0.606994, 0.760637, -0.173028), (-0.868722, 0.480424, -0.120476, -0.112338), (-0.438556, -0.633049, 0.637901, 0.177866), (0.000000, 0.000000, 0.000000, 1.000000))
((0.233057, 0.601725, 0.763944, -0.176156), (-0.868899, 0.481618, -0.114273, -0.111152), (-0.436690, -0.637159, 0.635083, 0.178854), (0.000000, 0.000000, 0.000000, 1.000000))
((0.233057, 0.601725, 0.763944, -0.176157), (-0.868899, 0.481618, -0.114273, -0.111152), (-0.436690, -0.637159, 0.635083, 0.178854), (0.000000, 0.000000, 0.000000, 1.000000))
((0.239048, 0.597574, 0.765350, -0.182478), (-0.868522, 0.484039, -0.106658, -0.108732), (-0.434195, -0.639228, 0.634715, 0.180850), (0.000000, 0.000000, 0.000000, 1.000000))
((0.239048, 0.597574, 0.765350, -0.182506), (-0.868522, 0.484039, -0.106658, -0.108722), (-0.434195, -0.639228, 0.634715, 0.180859), (0.000000, 0.000000, 0.000000, 1.000000))
((0.237768, 0.594832, 0.767881, -0.189403), (-0.869333, 0.482958, -0.104938, -0.106074), (-0.433275, -0.642593, 0.631939, 0.183021), (0.000000, 0.000000, 0.000000, 1.000000))
((0.240353, 0.592348, 0.768996, -0.193001), (-0.867980, 0.485816, -0.102927, -0.104686), (-0.434559, -0.642734, 0.630913, 0.184141), (0.000000, 0.000000, 0.000000, 1.000000))
((0.241078, 0.589840, 0.770695, -0.197705), (-0.868100, 0.486111, -0.100490, -0.102870), (-0.433916, -0.644814, 0.629230, 0.185604), (0.000000, 0.000000, 0.000000, 1.000000))
((0.243276, 0.588278, 0.771198, -0.200912), (-0.867472, 0.487667, -0.098352, -0.101646), (-0.433946, -0.645066, 0.628952, 0.186556), (0.000000, 0.000000, 0.000000, 1.000000))
((0.241741, 0.587752, 0.772081, -0.204396), (-0.867467, 0.487450, -0.099468, -0.100316), (-0.434813, -0.645709, 0.627692, 0.187591), (0.000000, 0.000000, 0.000000, 1.000000))
((0.241741, 0.587752, 0.772081, -0.204426), (-0.867467, 0.487450, -0.099468, -0.100305), (-0.434813, -0.645709, 0.627692, 0.187600), (0.000000, 0.000000, 0.000000, 1.000000))
((0.244516, 0.584250, 0.773863, -0.211464), (-0.867624, 0.488174, -0.094420, -0.097613), (-0.432944, -0.648335, 0.626276, 0.189673), (0.000000, 0.000000, 0.000000, 1.000000))
((0.244516, 0.584250, 0.773863, -0.211632), (-0.867624, 0.488174, -0.094420, -0.097550), (-0.432944, -0.648335, 0.626276, 0.189720), (0.000000, 0.000000, 0.000000, 1.000000))
((0.245667, 0.580895, 0.776021, -0.215443), (-0.867286, 0.489291, -0.091703, -0.096117), (-0.432970, -0.650504, 0.624004, 0.190789), (0.000000, 0.000000, 0.000000, 1.000000))
((0.244594, 0.580415, 0.776719, -0.221022), (-0.866905, 0.489728, -0.092962, -0.094040), (-0.434337, -0.650604, 0.622949, 0.192338), (0.000000, 0.000000, 0.000000, 1.000000))
((0.248130, 0.575385, 0.779335, -0.226376), (-0.866579, 0.491414, -0.086905, -0.092048), (-0.432980, -0.653792, 0.620551, 0.193825), (0.000000, 0.000000, 0.000000, 1.000000))
((0.253748, 0.569161, 0.782092, -0.233628), (-0.866177, 0.493585, -0.078173, -0.089356), (-0.430522, -0.657594, 0.618240, 0.195851), (0.000000, 0.000000, 0.000000, 1.000000))
((0.253748, 0.569161, 0.782092, -0.233643), (-0.866177, 0.493585, -0.078173, -0.089350), (-0.430522, -0.657594, 0.618240, 0.195856), (0.000000, 0.000000, 0.000000, 1.000000))
((0.254898, 0.567551, 0.782887, -0.241013), (-0.865534, 0.494901, -0.076970, -0.086649), (-0.431136, -0.657996, 0.617384, 0.197906), (0.000000, 0.000000, 0.000000, 1.000000))
((0.255337, 0.563599, 0.785595, -0.248760), (-0.864892, 0.496328, -0.074963, -0.083860), (-0.432162, -0.660314, 0.614183, 0.200084), (0.000000, 0.000000, 0.000000, 1.000000))
((0.255337, 0.563599, 0.785595, -0.248776), (-0.864892, 0.496328, -0.074963, -0.083854), (-0.432162, -0.660314, 0.614183, 0.200089), (0.000000, 0.000000, 0.000000, 1.000000))
((0.251006, 0.564428, 0.786395, -0.255232), (-0.864816, 0.495714, -0.079757, -0.081576), (-0.434844, -0.660067, 0.612553, 0.201898), (0.000000, 0.000000, 0.000000, 1.000000))
((0.251391, 0.564539, 0.786192, -0.257260), (-0.864279, 0.496575, -0.080215, -0.080874), (-0.435688, -0.659324, 0.612754, 0.202435), (0.000000, 0.000000, 0.000000, 1.000000))
((0.254794, 0.559878, 0.788427, -0.261523), (-0.864193, 0.497670, -0.074126, -0.079398), (-0.433878, -0.662466, 0.610646, 0.203562), (0.000000, 0.000000, 0.000000, 1.000000))
((0.254321, 0.559565, 0.788802, -0.267297), (-0.863528, 0.498644, -0.075317, -0.077429), (-0.435476, -0.661998, 0.610016, 0.205095), (0.000000, 0.000000, 0.000000, 1.000000))
((0.253139, 0.558985, 0.789593, -0.269933), (-0.864113, 0.497638, -0.075269, -0.076558), (-0.435006, -0.663243, 0.608998, 0.205741), (0.000000, 0.000000, 0.000000, 1.000000))
((0.252967, 0.557828, 0.790465, -0.274639), (-0.863070, 0.499310, -0.076159, -0.074994), (-0.437171, -0.662961, 0.607753, 0.207001), (0.000000, 0.000000, 0.000000, 1.000000))
((0.253564, 0.557936, 0.790198, -0.276626), (-0.862705, 0.499940, -0.076163, -0.074335), (-0.437546, -0.662395, 0.608100, 0.207551), (0.000000, 0.000000, 0.000000, 1.000000))
((0.256160, 0.555461, 0.791104, -0.277329), (-0.862392, 0.501017, -0.072537, -0.074105), (-0.436648, -0.663661, 0.607365, 0.207736), (0.000000, 0.000000, 0.000000, 1.000000))
((0.254366, 0.557215, 0.790449, -0.277805), (-0.862035, 0.501138, -0.075867, -0.073950), (-0.438398, -0.662097, 0.607812, 0.207859), (0.000000, 0.000000, 0.000000, 1.000000))
((0.252077, 0.561818, 0.787920, -0.278356), (-0.860021, 0.503338, -0.083755, -0.073773), (-0.443645, -0.656515, 0.610055, 0.207996), (0.000000, 0.000000, 0.000000, 1.000000))
((0.251038, 0.562542, 0.787735, -0.279144), (-0.858670, 0.505083, -0.087049, -0.073519), (-0.446840, -0.654552, 0.609833, 0.208192), (0.000000, 0.000000, 0.000000, 1.000000))
((0.251033, 0.560543, 0.789160, -0.281981), (-0.858432, 0.505650, -0.086096, -0.072602), (-0.447299, -0.655828, 0.608123, 0.208915), (0.000000, 0.000000, 0.000000, 1.000000))
((0.249808, 0.561622, 0.788782, -0.283147), (-0.856971, 0.507460, -0.089914, -0.072230), (-0.450773, -0.653502, 0.608062, 0.209206), (0.000000, 0.000000, 0.000000, 1.000000))
((0.248765, 0.562515, 0.788475, -0.284263), (-0.855649, 0.509089, -0.093237, -0.071873), (-0.453851, -0.651464, 0.607959, 0.209485), (0.000000, 0.000000, 0.000000, 1.000000))
</SampleFrames>
<SampleWeights Num="75">0.0218798
0.0922217
0.10907
0.165516
0.17904
0.202683
0.222737
0.239215
0.251974
0.275246
0.280809
0.309546
0.349165
0.377195
0.386497
0.386498
0.410012
0.439523
0.443012
0.467182
0.493277
0.50847
0.520554
0.540486
0.552202
0.552172
0.562269
0.570894
0.570766
0.571136
0.568619
0.56552
0.560055
0.55823
0.564295
0.561146
0.558379
0.560851
0.561661
0.571821
0.557011
0.553536
0.553535
0.554665
0.554664
0.5431
0.534248
0.524353
0.519718
0.520072
0.520071
0.506249
0.506211
0.49125
0.470612
0.447377
0.430442
0.430442
0.422919
0.403988
0.403988
0.38958
0.388352
0.381684
0.361784
0.355428
0.339106
0.322026
0.313631
0.302433
0.291391
0.271899
0.230655
0.219514
0.198399
</SampleWeights>
</PointSplatMark>
