<PointSplatMark HeadPosAtStart="(-0.019923, 0.171677, 2.17512)" BrushTip="0" BrushInterface="ForceTapeDraw" SuperSamplesPerWidth="20" Draw="0" Width="0.022" Pose="1" LayerIndex="0" Name="butt" RoomToVirtualScaleAtStart="1" RoomToVirtualFrameAtStart="((0.993309, -0.008403, 0.115182, 0.029748), (0.014396, 0.998580, -0.051297, 0.004068), (-0.114587, 0.052612, 0.992019, 0.020510), (0.000000, 0.000000, 0.000000, 1.000000)" ColorSwatch="0.170979"><SamplePoints Num="41">(-0.0159204, -0.151841, 0.131189)
(-0.0162218, -0.152737, 0.131125)
(-0.0174381, -0.156243, 0.130874)
(-0.0190434, -0.160752, 0.130564)
(-0.019705, -0.162609, 0.130437)
(-0.0197072, -0.162615, 0.130437)
(-0.0238243, -0.173539, 0.129803)
(-0.0269194, -0.181225, 0.129281)
(-0.0269278, -0.181245, 0.12928)
(-0.0315613, -0.192431, 0.128557)
(-0.0352664, -0.200962, 0.127923)
(-0.0383316, -0.207783, 0.127347)
(-0.0395341, -0.210346, 0.127128)
(-0.041747, -0.214813, 0.126689)
(-0.0429911, -0.217317, 0.126442)
(-0.0452329, -0.221602, 0.126006)
(-0.0452982, -0.221724, 0.125992)
(-0.048541, -0.227749, 0.125283)
(-0.0486558, -0.227951, 0.125254)
(-0.0540648, -0.237418, 0.123903)
(-0.0581623, -0.244274, 0.122832)
(-0.059798, -0.246941, 0.122385)
(-0.0609417, -0.248645, 0.122043)
(-0.0640514, -0.253278, 0.121111)
(-0.0663883, -0.256471, 0.120366)
(-0.0704267, -0.261664, 0.11894)
(-0.0729305, -0.264774, 0.11801)
(-0.0756013, -0.267786, 0.116937)
(-0.0777252, -0.270181, 0.116083)
(-0.0793164, -0.271701, 0.115408)
(-0.0796037, -0.271951, 0.115273)
(-0.0886592, -0.279839, 0.111022)
(-0.0906317, -0.281409, 0.110042)
(-0.0918441, -0.282374, 0.109439)
(-0.0925639, -0.282908, 0.109068)
(-0.0961839, -0.285471, 0.10724)
(-0.0987803, -0.287188, 0.105923)
(-0.100449, -0.288248, 0.105048)
(-0.101873, -0.289122, 0.104289)
(-0.103799, -0.290287, 0.103253)
(-0.103814, -0.290295, 0.103245)
</SamplePoints>
<SampleFrames Num="41">((0.159023, 0.521517, 0.838291, -0.015920), (-0.578700, 0.737173, -0.348830, -0.151841), (-0.799886, -0.429647, 0.419029, 0.131189), (0.000000, 0.000000, 0.000000, 1.000000)
((0.159571, 0.521861, 0.837973, -0.016222), (-0.578534, 0.737241, -0.348962, -0.152737), (-0.799897, -0.429111, 0.419557, 0.131125), (0.000000, 0.000000, 0.000000, 1.000000)
((0.160063, 0.520708, 0.838596, -0.017438), (-0.580070, 0.737003, -0.346908, -0.156243), (-0.798685, -0.430917, 0.420014, 0.130874), (0.000000, 0.000000, 0.000000, 1.000000)
((0.161120, 0.519899, 0.838895, -0.019043), (-0.581610, 0.736740, -0.344883, -0.160752), (-0.797352, -0.432342, 0.421082, 0.130564), (0.000000, 0.000000, 0.000000, 1.000000)
((0.160965, 0.518310, 0.839908, -0.019705), (-0.583648, 0.736246, -0.342486, -0.162609), (-0.795893, -0.435082, 0.421020, 0.130437), (0.000000, 0.000000, 0.000000, 1.000000)
((0.160965, 0.518310, 0.839908, -0.019707), (-0.583648, 0.736246, -0.342486, -0.162615), (-0.795893, -0.435082, 0.421020, 0.130437), (0.000000, 0.000000, 0.000000, 1.000000)
((0.166103, 0.514024, 0.841540, -0.023824), (-0.584141, 0.738841, -0.335996, -0.173539), (-0.794474, -0.435768, 0.422986, 0.129803), (0.000000, 0.000000, 0.000000, 1.000000)
((0.170998, 0.511035, 0.842380, -0.026919), (-0.583084, 0.741668, -0.331575, -0.181225), (-0.794212, -0.434479, 0.424800, 0.129281), (0.000000, 0.000000, 0.000000, 1.000000)
((0.170998, 0.511035, 0.842380, -0.026928), (-0.583084, 0.741668, -0.331575, -0.181245), (-0.794212, -0.434479, 0.424800, 0.129280), (0.000000, 0.000000, 0.000000, 1.000000)
((0.176252, 0.503359, 0.845911, -0.031561), (-0.581644, 0.746548, -0.323043, -0.192431), (-0.794120, -0.435082, 0.424356, 0.128557), (0.000000, 0.000000, 0.000000, 1.000000)
((0.184073, 0.498673, 0.847020, -0.035266), (-0.574018, 0.754065, -0.319202, -0.200962), (-0.797885, -0.427448, 0.425050, 0.127923), (0.000000, 0.000000, 0.000000, 1.000000)
((0.190234, 0.491389, 0.849911, -0.038332), (-0.568686, 0.760839, -0.312603, -0.207783), (-0.800255, -0.423864, 0.424183, 0.127347), (0.000000, 0.000000, 0.000000, 1.000000)
((0.191977, 0.489404, 0.850663, -0.039534), (-0.567854, 0.762344, -0.310440, -0.210346), (-0.800429, -0.423455, 0.424263, 0.127128), (0.000000, 0.000000, 0.000000, 1.000000)
((0.194686, 0.488007, 0.850851, -0.041747), (-0.566518, 0.764079, -0.308612, -0.214813), (-0.800721, -0.421940, 0.425220, 0.126689), (0.000000, 0.000000, 0.000000, 1.000000)
((0.194093, 0.485752, 0.852275, -0.042991), (-0.566902, 0.764578, -0.306665, -0.217317), (-0.800594, -0.423635, 0.423773, 0.126442), (0.000000, 0.000000, 0.000000, 1.000000)
((0.197239, 0.484590, 0.852214, -0.045233), (-0.566237, 0.765942, -0.304481, -0.221602), (-0.800295, -0.422500, 0.425466, 0.126006), (0.000000, 0.000000, 0.000000, 1.000000)
((0.197239, 0.484590, 0.852214, -0.045298), (-0.566237, 0.765942, -0.304481, -0.221724), (-0.800295, -0.422500, 0.425466, 0.125992), (0.000000, 0.000000, 0.000000, 1.000000)
((0.199633, 0.479150, 0.854729, -0.048541), (-0.562159, 0.770461, -0.300611, -0.227749), (-0.802573, -0.420482, 0.423168, 0.125283), (0.000000, 0.000000, 0.000000, 1.000000)
((0.199633, 0.479150, 0.854729, -0.048656), (-0.562159, 0.770461, -0.300611, -0.227951), (-0.802573, -0.420482, 0.423168, 0.125254), (0.000000, 0.000000, 0.000000, 1.000000)
((0.200820, 0.474849, 0.856849, -0.054065), (-0.566504, 0.769876, -0.293878, -0.237418), (-0.799215, -0.426392, 0.423610, 0.123903), (0.000000, 0.000000, 0.000000, 1.000000)
((0.200077, 0.470522, 0.859406, -0.058162), (-0.566712, 0.771102, -0.290240, -0.244274), (-0.799254, -0.428965, 0.420930, 0.122832), (0.000000, 0.000000, 0.000000, 1.000000)
((0.202689, 0.469011, 0.859620, -0.059798), (-0.567039, 0.771906, -0.287452, -0.246941), (-0.798364, -0.429174, 0.422404, 0.122385), (0.000000, 0.000000, 0.000000, 1.000000)
((0.201562, 0.466373, 0.861318, -0.060942), (-0.567552, 0.772305, -0.285359, -0.248645), (-0.798284, -0.431325, 0.420358, 0.122043), (0.000000, 0.000000, 0.000000, 1.000000)
((0.202653, 0.465094, 0.861754, -0.064051), (-0.568073, 0.772640, -0.283409, -0.253278), (-0.797637, -0.432105, 0.420785, 0.121111), (0.000000, 0.000000, 0.000000, 1.000000)
((0.202775, 0.463210, 0.862739, -0.066388), (-0.568246, 0.773185, -0.281569, -0.256471), (-0.797483, -0.433153, 0.420000, 0.120366), (0.000000, 0.000000, 0.000000, 1.000000)
((0.205046, 0.461089, 0.863338, -0.070427), (-0.564968, 0.776048, -0.280287, -0.261664), (-0.799230, -0.430287, 0.419626, 0.118940), (0.000000, 0.000000, 0.000000, 1.000000)
((0.203725, 0.459832, 0.864321, -0.072931), (-0.567397, 0.774909, -0.278525, -0.264774), (-0.797845, -0.433671, 0.418776, 0.118010), (0.000000, 0.000000, 0.000000, 1.000000)
((0.206756, 0.458569, 0.864272, -0.075601), (-0.567544, 0.775763, -0.275836, -0.267786), (-0.796960, -0.433482, 0.420652, 0.116937), (0.000000, 0.000000, 0.000000, 1.000000)
((0.206746, 0.456593, 0.865320, -0.077725), (-0.568039, 0.776119, -0.273807, -0.270181), (-0.796610, -0.434927, 0.419822, 0.116083), (0.000000, 0.000000, 0.000000, 1.000000)
((0.206248, 0.455912, 0.865798, -0.079316), (-0.565784, 0.777477, -0.274624, -0.271701), (-0.798342, -0.433214, 0.418301, 0.115408), (0.000000, 0.000000, 0.000000, 1.000000)
((0.206248, 0.455912, 0.865798, -0.079604), (-0.565784, 0.777477, -0.274624, -0.271951), (-0.798342, -0.433214, 0.418301, 0.115273), (0.000000, 0.000000, 0.000000, 1.000000)
((0.207234, 0.453639, 0.866756, -0.088659), (-0.564908, 0.778839, -0.272561, -0.279839), (-0.798707, -0.433154, 0.417666, 0.111022), (0.000000, 0.000000, 0.000000, 1.000000)
((0.207487, 0.455285, 0.865832, -0.090632), (-0.566511, 0.777493, -0.273076, -0.281409), (-0.797505, -0.433843, 0.419243, 0.110042), (0.000000, 0.000000, 0.000000, 1.000000)
((0.205708, 0.455309, 0.866244, -0.091844), (-0.566173, 0.777364, -0.274143, -0.282374), (-0.798206, -0.434050, 0.417693, 0.109439), (0.000000, 0.000000, 0.000000, 1.000000)
((0.206263, 0.455651, 0.865932, -0.092564), (-0.566176, 0.777349, -0.274177, -0.282908), (-0.798061, -0.433717, 0.418317, 0.109068), (0.000000, 0.000000, 0.000000, 1.000000)
((0.205725, 0.451279, 0.868346, -0.096184), (-0.566267, 0.778580, -0.270470, -0.285471), (-0.798135, -0.436073, 0.415718, 0.107240), (0.000000, 0.000000, 0.000000, 1.000000)
((0.205888, 0.452768, 0.867532, -0.098780), (-0.566504, 0.778014, -0.271602, -0.287188), (-0.797924, -0.435541, 0.416679, 0.105923), (0.000000, 0.000000, 0.000000, 1.000000)
((0.205337, 0.453856, 0.867094, -0.100449), (-0.567417, 0.777079, -0.272370, -0.288248), (-0.797417, -0.436076, 0.417089, 0.105048), (0.000000, 0.000000, 0.000000, 1.000000)
((0.201009, 0.456972, 0.866471, -0.101873), (-0.569704, 0.774089, -0.276087, -0.289122), (-0.796890, -0.438136, 0.415937, 0.104289), (0.000000, 0.000000, 0.000000, 1.000000)
((0.198079, 0.459705, 0.865700, -0.103799), (-0.576642, 0.768846, -0.276333, -0.290287), (-0.792621, -0.444463, 0.417378, 0.103253), (0.000000, 0.000000, 0.000000, 1.000000)
((0.198079, 0.459705, 0.865700, -0.103814), (-0.576642, 0.768846, -0.276333, -0.290295), (-0.792621, -0.444463, 0.417378, 0.103245), (0.000000, 0.000000, 0.000000, 1.000000)
</SampleFrames>
<SampleWeights Num="41">0.0128624
0.0255346
0.0367552
0.0593013
0.068463
0.0684626
0.09845
0.126612
0.12661
0.174381
0.218484
0.250284
0.261881
0.282275
0.286988
0.305579
0.305544
0.316252
0.316155
0.314046
0.303109
0.300188
0.300035
0.305493
0.310076
0.299463
0.288363
0.27958
0.275507
0.270302
0.269965
0.247732
0.246432
0.258454
0.260699
0.273751
0.235257
0.202017
0.188851
0.151153
0.151152
</SampleWeights>
</PointSplatMark>
