<PointSplatMark HeadPosAtStart="(0.730656, -0.973587, 1.91324)" BrushTip="0" BrushInterface="ForceTapeDraw" SuperSamplesPerWidth="20" Draw="0" Width="0.022" Pose="1" LayerIndex="0" Name="butt" RoomToVirtualScaleAtStart="1.03571" RoomToVirtualFrameAtStart="((0.810116, 0.428920, 0.399674, -0.050168), (-0.201201, 0.843725, -0.497641, -0.046198), (-0.550663, 0.322733, 0.769814, -0.069767), (0.000000, 0.000000, 0.000000, 1.000000)" ColorSwatch="0.170979"><SamplePoints Num="124">(-0.148787, -0.288549, 0.0821992)
(-0.147735, -0.287858, 0.0828734)
(-0.147079, -0.287433, 0.0832949)
(-0.146281, -0.286922, 0.0838104)
(-0.146152, -0.286841, 0.0838945)
(-0.145233, -0.286265, 0.0844928)
(-0.143616, -0.285299, 0.0855522)
(-0.143228, -0.285074, 0.0858067)
(-0.142862, -0.284862, 0.0860474)
(-0.142662, -0.284748, 0.0861795)
(-0.142346, -0.284569, 0.0863887)
(-0.140911, -0.283769, 0.0873456)
(-0.140108, -0.28333, 0.0878864)
(-0.138244, -0.282331, 0.0891708)
(-0.13553, -0.280899, 0.0910822)
(-0.135031, -0.280636, 0.0914341)
(-0.134431, -0.280321, 0.0918609)
(-0.133342, -0.279749, 0.0926352)
(-0.132936, -0.279534, 0.0929249)
(-0.132753, -0.279437, 0.0930556)
(-0.131582, -0.278815, 0.0938966)
(-0.129522, -0.277711, 0.0953704)
(-0.12822, -0.277001, 0.096299)
(-0.125409, -0.275427, 0.0982917)
(-0.124553, -0.274938, 0.0988954)
(-0.123166, -0.274123, 0.0998642)
(-0.121211, -0.272941, 0.101216)
(-0.119112, -0.271648, 0.10266)
(-0.116069, -0.269735, 0.104713)
(-0.114868, -0.268969, 0.105519)
(-0.11391, -0.268354, 0.106157)
(-0.113142, -0.267855, 0.106664)
(-0.111481, -0.266764, 0.107736)
(-0.110345, -0.266007, 0.108449)
(-0.109392, -0.265364, 0.109036)
(-0.108698, -0.264894, 0.109455)
(-0.108319, -0.264637, 0.109684)
(-0.107846, -0.264313, 0.109963)
(-0.107598, -0.264142, 0.110109)
(-0.106857, -0.263625, 0.110537)
(-0.104016, -0.261573, 0.112126)
(-0.10281, -0.260681, 0.112786)
(-0.102182, -0.260208, 0.113125)
(-0.101679, -0.259823, 0.113394)
(-0.100561, -0.258967, 0.113984)
(-0.100024, -0.258552, 0.114265)
(-0.0995163, -0.258161, 0.114531)
(-0.0986848, -0.257518, 0.114957)
(-0.0958483, -0.255298, 0.11634)
(-0.0942694, -0.254049, 0.117074)
(-0.0921347, -0.252333, 0.118021)
(-0.0909538, -0.251369, 0.118516)
(-0.0900652, -0.250629, 0.118868)
(-0.0891761, -0.249888, 0.11922)
(-0.0867382, -0.247804, 0.120138)
(-0.0853143, -0.24655, 0.120649)
(-0.0845612, -0.245887, 0.120918)
(-0.0818143, -0.243412, 0.121849)
(-0.0790971, -0.240886, 0.122712)
(-0.0784184, -0.240241, 0.122918)
(-0.0770064, -0.238855, 0.123328)
(-0.0764359, -0.238287, 0.123488)
(-0.0750148, -0.236834, 0.123867)
(-0.0739526, -0.235721, 0.124142)
(-0.0734326, -0.235176, 0.124277)
(-0.0709984, -0.232557, 0.12488)
(-0.0701635, -0.231647, 0.125082)
(-0.0695236, -0.230935, 0.12523)
(-0.0681245, -0.229356, 0.125539)
(-0.067419, -0.228543, 0.125687)
(-0.0666329, -0.227619, 0.125844)
(-0.0652625, -0.225985, 0.126103)
(-0.0634143, -0.223744, 0.126431)
(-0.0618478, -0.221806, 0.126682)
(-0.0610819, -0.22084, 0.126797)
(-0.0593363, -0.218586, 0.127015)
(-0.0589874, -0.218135, 0.127059)
(-0.0576609, -0.216389, 0.127198)
(-0.0559759, -0.214123, 0.127331)
(-0.0546069, -0.212224, 0.127401)
(-0.0533642, -0.210445, 0.127425)
(-0.052639, -0.209367, 0.12741)
(-0.0520322, -0.208429, 0.127373)
(-0.0500263, -0.205064, 0.127087)
(-0.049791, -0.204665, 0.127051)
(-0.048425, -0.202242, 0.126786)
(-0.0478619, -0.201207, 0.126658)
(-0.0473854, -0.200332, 0.12655)
(-0.0468273, -0.199268, 0.126406)
(-0.0455216, -0.196698, 0.126029)
(-0.0445448, -0.194707, 0.125708)
(-0.0438116, -0.193158, 0.125442)
(-0.0423614, -0.189904, 0.124836)
(-0.0420818, -0.189272, 0.124717)
(-0.0412795, -0.187444, 0.124358)
(-0.0398486, -0.184185, 0.123679)
(-0.0391132, -0.182526, 0.123325)
(-0.0384554, -0.181075, 0.12301)
(-0.0377633, -0.179587, 0.122679)
(-0.0373793, -0.178761, 0.122496)
(-0.0369699, -0.177906, 0.122303)
(-0.0358571, -0.175655, 0.121785)
(-0.0348454, -0.173666, 0.121323)
(-0.0340593, -0.172168, 0.120971)
(-0.0331231, -0.170439, 0.120563)
(-0.032313, -0.168985, 0.12022)
(-0.0319016, -0.168247, 0.120046)
(-0.031248, -0.16711, 0.119778)
(-0.0311793, -0.166991, 0.11975)
(-0.0297935, -0.164652, 0.119198)
(-0.0294013, -0.164009, 0.119046)
(-0.0289321, -0.163239, 0.118865)
(-0.0284089, -0.1624, 0.118669)
(-0.027664, -0.161206, 0.11839)
(-0.0268119, -0.159878, 0.118081)
(-0.0261205, -0.1588, 0.11783)
(-0.0248223, -0.156813, 0.117378)
(-0.0239704, -0.155537, 0.117093)
(-0.0231179, -0.15426, 0.116806)
(-0.0224741, -0.15332, 0.116604)
(-0.0221638, -0.152866, 0.116506)
(-0.0209183, -0.151093, 0.116147)
(-0.0206414, -0.150699, 0.116067)
(-0.0160984, -0.14438, 0.114895)
</SamplePoints>
<SampleFrames Num="124">((-0.088186, 0.810807, 0.578632, -0.148787), (0.333240, 0.571438, -0.749940, -0.288549), (-0.938709, 0.126689, -0.320586, 0.082199), (0.000000, 0.000000, 0.000000, 1.000000)
((0.086875, 0.806401, 0.584953, -0.147735), (0.333645, 0.529712, -0.779799, -0.287858), (-0.938687, 0.262912, -0.223033, 0.082873), (0.000000, 0.000000, 0.000000, 1.000000)
((0.084991, 0.806543, 0.585034, -0.147079), (0.334447, 0.530000, -0.779259, -0.287433), (-0.938574, 0.261893, -0.224701, 0.083295), (0.000000, 0.000000, 0.000000, 1.000000)
((0.087593, 0.808216, 0.582335, -0.146281), (0.333268, 0.527120, -0.781714, -0.286922), (-0.938754, 0.262546, -0.223180, 0.083810), (0.000000, 0.000000, 0.000000, 1.000000)
((0.085369, 0.808591, 0.582145, -0.146152), (0.334768, 0.527032, -0.781132, -0.286841), (-0.938425, 0.261568, -0.225698, 0.083894), (0.000000, 0.000000, 0.000000, 1.000000)
((0.083827, 0.809460, 0.581160, -0.145233), (0.337698, 0.525625, -0.780819, -0.286265), (-0.937514, 0.261710, -0.229292, 0.084493), (0.000000, 0.000000, 0.000000, 1.000000)
((0.076662, 0.812831, 0.577433, -0.143616), (0.342932, 0.522308, -0.780764, -0.285299), (-0.936227, 0.257875, -0.238705, 0.085552), (0.000000, 0.000000, 0.000000, 1.000000)
((0.074266, 0.813172, 0.577266, -0.143228), (0.344343, 0.522350, -0.780114, -0.285074), (-0.935902, 0.256713, -0.241217, 0.085807), (0.000000, 0.000000, 0.000000, 1.000000)
((0.074434, 0.813062, 0.577399, -0.142862), (0.343992, 0.522532, -0.780147, -0.284862), (-0.936018, 0.256690, -0.240793, 0.086047), (0.000000, 0.000000, 0.000000, 1.000000)
((0.069473, 0.813813, 0.576960, -0.142662), (0.347158, 0.522484, -0.778776, -0.284748), (-0.935230, 0.254400, -0.246223, 0.086179), (0.000000, 0.000000, 0.000000, 1.000000)
((0.067239, 0.814091, 0.576832, -0.142346), (0.348631, 0.522527, -0.778088, -0.284569), (-0.934845, 0.253419, -0.248683, 0.086389), (0.000000, 0.000000, 0.000000, 1.000000)
((0.063335, 0.815294, 0.575573, -0.140911), (0.353553, 0.520997, -0.776892, -0.283769), (-0.933268, 0.252700, -0.255252, 0.087346), (0.000000, 0.000000, 0.000000, 1.000000)
((0.053477, 0.816511, 0.574848, -0.140108), (0.360049, 0.521182, -0.773779, -0.283330), (-0.931399, 0.248353, -0.266113, 0.087886), (0.000000, 0.000000, 0.000000, 1.000000)
((0.042010, 0.818225, 0.573361, -0.138244), (0.369305, 0.520509, -0.769860, -0.282331), (-0.928358, 0.244087, -0.280308, 0.089171), (0.000000, 0.000000, 0.000000, 1.000000)
((0.048594, 0.820143, 0.570091, -0.135530), (0.366961, 0.516189, -0.773879, -0.280899), (-0.928966, 0.246807, -0.275877, 0.091082), (0.000000, 0.000000, 0.000000, 1.000000)
((0.048843, 0.820080, 0.570160, -0.135031), (0.366859, 0.516212, -0.773912, -0.280636), (-0.928993, 0.246969, -0.275641, 0.091434), (0.000000, 0.000000, 0.000000, 1.000000)
((0.050954, 0.821124, 0.568471, -0.134431), (0.363234, 0.514990, -0.776432, -0.280321), (-0.930304, 0.246050, -0.272019, 0.091861), (0.000000, 0.000000, 0.000000, 1.000000)
((0.059570, 0.820730, 0.568202, -0.133342), (0.359759, 0.513309, -0.779158, -0.279749), (-0.931142, 0.250830, -0.264687, 0.092635), (0.000000, 0.000000, 0.000000, 1.000000)
((0.062487, 0.820247, 0.568586, -0.132936), (0.357764, 0.513430, -0.779996, -0.279534), (-0.931719, 0.252159, -0.261372, 0.092925), (0.000000, 0.000000, 0.000000, 1.000000)
((0.067854, 0.820297, 0.567898, -0.132753), (0.356544, 0.511684, -0.781700, -0.279437), (-0.931811, 0.255522, -0.257752, 0.093056), (0.000000, 0.000000, 0.000000, 1.000000)
((0.077920, 0.819899, 0.567180, -0.131582), (0.347812, 0.510809, -0.786194, -0.278815), (-0.934321, 0.258532, -0.245369, 0.093897), (0.000000, 0.000000, 0.000000, 1.000000)
((0.101784, 0.817942, 0.566226, -0.129522), (0.334800, 0.507814, -0.793746, -0.277711), (-0.936776, 0.270363, -0.222159, 0.095370), (0.000000, 0.000000, 0.000000, 1.000000)
((0.109297, 0.818296, 0.564310, -0.128220), (0.330139, 0.505600, -0.797105, -0.277001), (-0.937583, 0.273422, -0.214891, 0.096299), (0.000000, 0.000000, 0.000000, 1.000000)
((0.131148, 0.815071, 0.564323, -0.125409), (0.318154, 0.504525, -0.802641, -0.275427), (-0.938924, 0.284806, -0.193151, 0.098292), (0.000000, 0.000000, 0.000000, 1.000000)
((0.136890, 0.813091, 0.565813, -0.124553), (0.313777, 0.506186, -0.803318, -0.274938), (-0.939577, 0.287505, -0.185837, 0.098895), (0.000000, 0.000000, 0.000000, 1.000000)
((0.145601, 0.810831, 0.566880, -0.123166), (0.309531, 0.506887, -0.804522, -0.274123), (-0.939676, 0.292606, -0.177174, 0.099864), (0.000000, 0.000000, 0.000000, 1.000000)
((0.159380, 0.808882, 0.565958, -0.121211), (0.303067, 0.505514, -0.807840, -0.272941), (-0.939547, 0.300277, -0.164577, 0.101216), (0.000000, 0.000000, 0.000000, 1.000000)
((0.172779, 0.805725, 0.566528, -0.119112), (0.294233, 0.506694, -0.810363, -0.271648), (-0.939986, 0.306705, -0.149525, 0.102660), (0.000000, 0.000000, 0.000000, 1.000000)
((0.181735, 0.804814, 0.565020, -0.116069), (0.290596, 0.504970, -0.812748, -0.269735), (-0.939429, 0.311897, -0.142105, 0.104713), (0.000000, 0.000000, 0.000000, 1.000000)
((0.185259, 0.803919, 0.565148, -0.114868), (0.289872, 0.504808, -0.813107, -0.268969), (-0.938964, 0.314456, -0.139514, 0.105519), (0.000000, 0.000000, 0.000000, 1.000000)
((0.190736, 0.802451, 0.565413, -0.113910), (0.288848, 0.504609, -0.813595, -0.268354), (-0.938183, 0.318501, -0.135539, 0.106157), (0.000000, 0.000000, 0.000000, 1.000000)
((0.193633, 0.801049, 0.566416, -0.113142), (0.286745, 0.505923, -0.813523, -0.267855), (-0.938234, 0.319942, -0.131734, 0.106664), (0.000000, 0.000000, 0.000000, 1.000000)
((0.204229, 0.798249, 0.566647, -0.111481), (0.280245, 0.506945, -0.815150, -0.266764), (-0.937952, 0.325277, -0.120172, 0.107736), (0.000000, 0.000000, 0.000000, 1.000000)
((0.212583, 0.794886, 0.568300, -0.110345), (0.276664, 0.508831, -0.815198, -0.266007), (-0.937158, 0.330525, -0.111747, 0.108449), (0.000000, 0.000000, 0.000000, 1.000000)
((0.217646, 0.794638, 0.566728, -0.109392), (0.274274, 0.507456, -0.816861, -0.265364), (-0.936698, 0.333226, -0.107503, 0.109036), (0.000000, 0.000000, 0.000000, 1.000000)
((0.223187, 0.791646, 0.568757, -0.108698), (0.270605, 0.510223, -0.816361, -0.264894), (-0.936462, 0.336110, -0.100348, 0.109455), (0.000000, 0.000000, 0.000000, 1.000000)
((0.225757, 0.790240, 0.569696, -0.108319), (0.268801, 0.511561, -0.816119, -0.264637), (-0.936365, 0.337380, -0.096929, 0.109684), (0.000000, 0.000000, 0.000000, 1.000000)
((0.228401, 0.788730, 0.570735, -0.107846), (0.266804, 0.513078, -0.815823, -0.264313), (-0.936295, 0.338609, -0.093249, 0.109963), (0.000000, 0.000000, 0.000000, 1.000000)
((0.228559, 0.788647, 0.570786, -0.107598), (0.266863, 0.513094, -0.815794, -0.264142), (-0.936240, 0.338779, -0.093189, 0.110109), (0.000000, 0.000000, 0.000000, 1.000000)
((0.236573, 0.784995, 0.572552, -0.106857), (0.263576, 0.515332, -0.815451, -0.263625), (-0.935180, 0.343825, -0.084992, 0.110537), (0.000000, 0.000000, 0.000000, 1.000000)
((0.245620, 0.782749, 0.571817, -0.104016), (0.260639, 0.514837, -0.816707, -0.261573), (-0.933669, 0.349637, -0.077561, 0.112126), (0.000000, 0.000000, 0.000000, 1.000000)
((0.248368, 0.782446, 0.571045, -0.102810), (0.257496, 0.514977, -0.817615, -0.260681), (-0.933814, 0.350111, -0.073573, 0.112786), (0.000000, 0.000000, 0.000000, 1.000000)
((0.253892, 0.779994, 0.571969, -0.102182), (0.256270, 0.515965, -0.817377, -0.260208), (-0.932665, 0.354104, -0.068890, 0.113125), (0.000000, 0.000000, 0.000000, 1.000000)
((0.255798, 0.780273, 0.570737, -0.101679), (0.253483, 0.515587, -0.818484, -0.259823), (-0.932906, 0.354039, -0.065900, 0.113394), (0.000000, 0.000000, 0.000000, 1.000000)
((0.261550, 0.777520, 0.571887, -0.100561), (0.252125, 0.516903, -0.818074, -0.258967), (-0.931678, 0.358154, -0.060836, 0.113984), (0.000000, 0.000000, 0.000000, 1.000000)
((0.266352, 0.776892, 0.570522, -0.100024), (0.250129, 0.515916, -0.819308, -0.258552), (-0.930856, 0.360928, -0.056908, 0.114265), (0.000000, 0.000000, 0.000000, 1.000000)
((0.266582, 0.776700, 0.570676, -0.099516), (0.249992, 0.516117, -0.819223, -0.258161), (-0.930826, 0.361055, -0.056581, 0.114531), (0.000000, 0.000000, 0.000000, 1.000000)
((0.266407, 0.778238, 0.568659, -0.098685), (0.248752, 0.514482, -0.820629, -0.257518), (-0.931209, 0.360076, -0.056527, 0.114957), (0.000000, 0.000000, 0.000000, 1.000000)
((0.270413, 0.777735, 0.567455, -0.095848), (0.247215, 0.513558, -0.821671, -0.255298), (-0.930463, 0.362474, -0.053395, 0.116340), (0.000000, 0.000000, 0.000000, 1.000000)
((0.276307, 0.776090, 0.566867, -0.094269), (0.244738, 0.513565, -0.822408, -0.254049), (-0.929386, 0.365971, -0.048037, 0.117074), (0.000000, 0.000000, 0.000000, 1.000000)
((0.281966, 0.771970, 0.569699, -0.092135), (0.240689, 0.517888, -0.820890, -0.252333), (-0.928743, 0.368584, -0.039778, 0.118021), (0.000000, 0.000000, 0.000000, 1.000000)
((0.285131, 0.770581, 0.570004, -0.090954), (0.240685, 0.518073, -0.820774, -0.251369), (-0.927777, 0.371220, -0.037749, 0.118516), (0.000000, 0.000000, 0.000000, 1.000000)
((0.288145, 0.768295, 0.571573, -0.090065), (0.238613, 0.520454, -0.819873, -0.250629), (-0.927381, 0.372627, -0.033359, 0.118868), (0.000000, 0.000000, 0.000000, 1.000000)
((0.290409, 0.768143, 0.570630, -0.089176), (0.235988, 0.520420, -0.820654, -0.249888), (-0.927347, 0.372987, -0.030138, 0.119220), (0.000000, 0.000000, 0.000000, 1.000000)
((0.296651, 0.763219, 0.574017, -0.086738), (0.231699, 0.525593, -0.818576, -0.247804), (-0.926452, 0.375831, -0.020919, 0.120138), (0.000000, 0.000000, 0.000000, 1.000000)
((0.296811, 0.764458, 0.572283, -0.085314), (0.230157, 0.524355, -0.819805, -0.246550), (-0.926785, 0.375042, -0.020311, 0.120649), (0.000000, 0.000000, 0.000000, 1.000000)
((0.302614, 0.761007, 0.573841, -0.084561), (0.229049, 0.526361, -0.818829, -0.245887), (-0.925182, 0.379227, -0.015024, 0.120918), (0.000000, 0.000000, 0.000000, 1.000000)
((0.308412, 0.757714, 0.575111, -0.081814), (0.223894, 0.529776, -0.818052, -0.243412), (-0.924529, 0.381061, -0.006258, 0.121849), (0.000000, 0.000000, 0.000000, 1.000000)
((0.326401, 0.746765, 0.579487, -0.079097), (0.212260, 0.539500, -0.814792, -0.240886), (-0.921091, 0.388951, 0.017585, 0.122712), (0.000000, 0.000000, 0.000000, 1.000000)
((0.331769, 0.741994, 0.582558, -0.078418), (0.208776, 0.544471, -0.812382, -0.240241), (-0.919969, 0.391147, 0.025728, 0.122918), (0.000000, 0.000000, 0.000000, 1.000000)
((0.339556, 0.734779, 0.587198, -0.077006), (0.203231, 0.552229, -0.808542, -0.238855), (-0.918368, 0.393882, 0.038183, 0.123328), (0.000000, 0.000000, 0.000000, 1.000000)
((0.344163, 0.732089, 0.587875, -0.076436), (0.199054, 0.555000, -0.807683, -0.238287), (-0.917567, 0.394994, 0.045285, 0.123488), (0.000000, 0.000000, 0.000000, 1.000000)
((0.351808, 0.726303, 0.590521, -0.075015), (0.193054, 0.560991, -0.804996, -0.236834), (-0.915948, 0.397206, 0.057146, 0.123867), (0.000000, 0.000000, 0.000000, 1.000000)
((0.357119, 0.720978, 0.593848, -0.073953), (0.189553, 0.566604, -0.801892, -0.235721), (-0.914623, 0.398937, 0.065681, 0.124142), (0.000000, 0.000000, 0.000000, 1.000000)
((0.359919, 0.718121, 0.595618, -0.073433), (0.187849, 0.569550, -0.800204, -0.235176), (-0.913877, 0.399895, 0.070094, 0.124277), (0.000000, 0.000000, 0.000000, 1.000000)
((0.367599, 0.711707, 0.598619, -0.070998), (0.181671, 0.576330, -0.796768, -0.232557), (-0.912067, 0.401643, 0.082562, 0.124880), (0.000000, 0.000000, 0.000000, 1.000000)
((0.370237, 0.708874, 0.600352, -0.070163), (0.179915, 0.579321, -0.794996, -0.231647), (-0.911348, 0.402349, 0.086949, 0.125082), (0.000000, 0.000000, 0.000000, 1.000000)
((0.377260, 0.702970, 0.602916, -0.069524), (0.174215, 0.585530, -0.791709, -0.230935), (-0.909574, 0.403717, 0.098429, 0.125230), (0.000000, 0.000000, 0.000000, 1.000000)
((0.382828, 0.696397, 0.607020, -0.068125), (0.169698, 0.592885, -0.787204, -0.229356), (-0.908100, 0.404374, 0.108796, 0.125539), (0.000000, 0.000000, 0.000000, 1.000000)
((0.388058, 0.690318, 0.610632, -0.067419), (0.166174, 0.599288, -0.783097, -0.228543), (-0.906530, 0.405358, 0.117845, 0.125687), (0.000000, 0.000000, 0.000000, 1.000000)
((0.387998, 0.692100, 0.608650, -0.066633), (0.165374, 0.597388, -0.784716, -0.227619), (-0.906702, 0.405123, 0.117330, 0.125844), (0.000000, 0.000000, 0.000000, 1.000000)
((0.391718, 0.688566, 0.610274, -0.065262), (0.164890, 0.600006, -0.782818, -0.225985), (-0.905190, 0.407272, 0.121495, 0.126103), (0.000000, 0.000000, 0.000000, 1.000000)
((0.395100, 0.687201, 0.609632, -0.063414), (0.163956, 0.600220, -0.782850, -0.223744), (-0.903889, 0.409257, 0.124476, 0.126431), (0.000000, 0.000000, 0.000000, 1.000000)
((0.398222, 0.685023, 0.610052, -0.061848), (0.161144, 0.602473, -0.781703, -0.221806), (-0.903024, 0.409597, 0.129531, 0.126682), (0.000000, 0.000000, 0.000000, 1.000000)
((0.398788, 0.684232, 0.610569, -0.061082), (0.160882, 0.603275, -0.781137, -0.220840), (-0.902821, 0.409738, 0.130499, 0.126797), (0.000000, 0.000000, 0.000000, 1.000000)
((0.404169, 0.680538, 0.611159, -0.059336), (0.159116, 0.605667, -0.779647, -0.218586), (-0.900738, 0.412355, 0.136507, 0.127015), (0.000000, 0.000000, 0.000000, 1.000000)
((0.406711, 0.677382, 0.612977, -0.058987), (0.157573, 0.608907, -0.777434, -0.218135), (-0.899865, 0.412779, 0.140912, 0.127059), (0.000000, 0.000000, 0.000000, 1.000000)
((0.409273, 0.675848, 0.612965, -0.057661), (0.155048, 0.610520, -0.776676, -0.216389), (-0.899142, 0.412911, 0.145080, 0.127198), (0.000000, 0.000000, 0.000000, 1.000000)
((0.416617, 0.668106, 0.616494, -0.055976), (0.149373, 0.618623, -0.771358, -0.214123), (-0.896726, 0.413449, 0.157932, 0.127331), (0.000000, 0.000000, 0.000000, 1.000000)
((0.427115, 0.655150, 0.623179, -0.054607), (0.145129, 0.630599, -0.762419, -0.212224), (-0.892474, 0.416082, 0.174257, 0.127401), (0.000000, 0.000000, 0.000000, 1.000000)
((0.434762, 0.646124, 0.627300, -0.053364), (0.139375, 0.639908, -0.755707, -0.210445), (-0.889695, 0.415983, 0.188154, 0.127425), (0.000000, 0.000000, 0.000000, 1.000000)
((0.439203, 0.641546, 0.628903, -0.052639), (0.135417, 0.644761, -0.752293, -0.209367), (-0.888123, 0.415573, 0.196305, 0.127410), (0.000000, 0.000000, 0.000000, 1.000000)
((0.441761, 0.637737, 0.630982, -0.052032), (0.133679, 0.648688, -0.749223, -0.208429), (-0.887117, 0.415327, 0.201313, 0.127373), (0.000000, 0.000000, 0.000000, 1.000000)
((0.454171, 0.620815, 0.638997, -0.050026), (0.125523, 0.665493, -0.735773, -0.205064), (-0.882028, 0.414376, 0.224321, 0.127087), (0.000000, 0.000000, 0.000000, 1.000000)
((0.454229, 0.620661, 0.639106, -0.049791), (0.125320, 0.665735, -0.735589, -0.204665), (-0.882027, 0.414219, 0.224615, 0.127051), (0.000000, 0.000000, 0.000000, 1.000000)
((0.456828, 0.618516, 0.639333, -0.048425), (0.123373, 0.667712, -0.734125, -0.202242), (-0.880958, 0.414246, 0.228721, 0.126786), (0.000000, 0.000000, 0.000000, 1.000000)
((0.456757, 0.617406, 0.640455, -0.047862), (0.121353, 0.669969, -0.732404, -0.201207), (-0.881275, 0.412252, 0.231089, 0.126658), (0.000000, 0.000000, 0.000000, 1.000000)
((0.459174, 0.613621, 0.642362, -0.047385), (0.120024, 0.673615, -0.729271, -0.200332), (-0.880201, 0.411961, 0.235657, 0.126550), (0.000000, 0.000000, 0.000000, 1.000000)
((0.459372, 0.613239, 0.642585, -0.046827), (0.119862, 0.674019, -0.728925, -0.199268), (-0.880119, 0.411869, 0.236122, 0.126406), (0.000000, 0.000000, 0.000000, 1.000000)
((0.461695, 0.611458, 0.642618, -0.045522), (0.117856, 0.675745, -0.727653, -0.196698), (-0.879175, 0.411690, 0.239924, 0.126029), (0.000000, 0.000000, 0.000000, 1.000000)
((0.462061, 0.610934, 0.642852, -0.044545), (0.118183, 0.675989, -0.727373, -0.194707), (-0.878938, 0.412065, 0.240146, 0.125708), (0.000000, 0.000000, 0.000000, 1.000000)
((0.462197, 0.612684, 0.641087, -0.043812), (0.117794, 0.674115, -0.729174, -0.193158), (-0.878919, 0.412538, 0.239403, 0.125442), (0.000000, 0.000000, 0.000000, 1.000000)
((0.460069, 0.616871, 0.638598, -0.042361), (0.117000, 0.670844, -0.732311, -0.189904), (-0.880141, 0.411629, 0.236461, 0.124836), (0.000000, 0.000000, 0.000000, 1.000000)
((0.462645, 0.614066, 0.639439, -0.042082), (0.117934, 0.672233, -0.730886, -0.189272), (-0.878664, 0.413552, 0.238586, 0.124717), (0.000000, 0.000000, 0.000000, 1.000000)
((0.463012, 0.613541, 0.639677, -0.041279), (0.118261, 0.672481, -0.730605, -0.187444), (-0.878427, 0.413928, 0.238809, 0.124358), (0.000000, 0.000000, 0.000000, 1.000000)
((0.465827, 0.611190, 0.639885, -0.039849), (0.117299, 0.674102, -0.729265, -0.184185), (-0.877067, 0.414769, 0.242323, 0.123679), (0.000000, 0.000000, 0.000000, 1.000000)
((0.465944, 0.613182, 0.637890, -0.039113), (0.117566, 0.671635, -0.731495, -0.182526), (-0.876969, 0.415830, 0.240855, 0.123325), (0.000000, 0.000000, 0.000000, 1.000000)
((0.465581, 0.614752, 0.636642, -0.038455), (0.115732, 0.670896, -0.732464, -0.181075), (-0.877405, 0.414702, 0.241210, 0.123010), (0.000000, 0.000000, 0.000000, 1.000000)
((0.466232, 0.615034, 0.635894, -0.037763), (0.118321, 0.668988, -0.733795, -0.179587), (-0.876714, 0.417358, 0.239132, 0.122679), (0.000000, 0.000000, 0.000000, 1.000000)
((0.465980, 0.615582, 0.635548, -0.037379), (0.118688, 0.668319, -0.734345, -0.178761), (-0.876799, 0.417622, 0.238361, 0.122496), (0.000000, 0.000000, 0.000000, 1.000000)
((0.465725, 0.614859, 0.636434, -0.036970), (0.116874, 0.670155, -0.732962, -0.177906), (-0.877178, 0.415741, 0.240247, 0.122303), (0.000000, 0.000000, 0.000000, 1.000000)
((0.465682, 0.617326, 0.634074, -0.035857), (0.117759, 0.666907, -0.735777, -0.175655), (-0.877082, 0.417306, 0.237871, 0.121785), (0.000000, 0.000000, 0.000000, 1.000000)
((0.466060, 0.618765, 0.632390, -0.034845), (0.117664, 0.665068, -0.737455, -0.173666), (-0.876894, 0.418108, 0.237155, 0.121323), (0.000000, 0.000000, 0.000000, 1.000000)
((0.468441, 0.615336, 0.633975, -0.034059), (0.117690, 0.667721, -0.735050, -0.172168), (-0.875621, 0.418940, 0.240369, 0.120971), (0.000000, 0.000000, 0.000000, 1.000000)
((0.463917, 0.624842, 0.627975, -0.033123), (0.120796, 0.657633, -0.743590, -0.170439), (-0.877604, 0.420821, 0.229609, 0.120563), (0.000000, 0.000000, 0.000000, 1.000000)
((0.464369, 0.624253, 0.628228, -0.032313), (0.121368, 0.657800, -0.743350, -0.168985), (-0.877286, 0.421435, 0.229698, 0.120220), (0.000000, 0.000000, 0.000000, 1.000000)
((0.464201, 0.624728, 0.627879, -0.031902), (0.121979, 0.657039, -0.743923, -0.168247), (-0.877290, 0.421918, 0.228794, 0.120046), (0.000000, 0.000000, 0.000000, 1.000000)
((0.464156, 0.626851, 0.625793, -0.031248), (0.121753, 0.654651, -0.746062, -0.167110), (-0.877346, 0.422481, 0.227539, 0.119778), (0.000000, 0.000000, 0.000000, 1.000000)
((0.461876, 0.630565, 0.623746, -0.031179), (0.123505, 0.650677, -0.749244, -0.166991), (-0.878304, 0.423093, 0.222654, 0.119750), (0.000000, 0.000000, 0.000000, 1.000000)
((0.460100, 0.633511, 0.622070, -0.029794), (0.125625, 0.647136, -0.751953, -0.164652), (-0.878935, 0.424121, 0.218162, 0.119198), (0.000000, 0.000000, 0.000000, 1.000000)
((0.459987, 0.633825, 0.621834, -0.029401), (0.126032, 0.646626, -0.752324, -0.164009), (-0.878936, 0.424430, 0.217558, 0.119046), (0.000000, 0.000000, 0.000000, 1.000000)
((0.457473, 0.639708, 0.617651, -0.028932), (0.127043, 0.640451, -0.757419, -0.163239), (-0.880101, 0.424967, 0.211719, 0.118865), (0.000000, 0.000000, 0.000000, 1.000000)
((0.455177, 0.643309, 0.615603, -0.028409), (0.128785, 0.636541, -0.760414, -0.162400), (-0.881038, 0.425403, 0.206890, 0.118669), (0.000000, 0.000000, 0.000000, 1.000000)
((0.455546, 0.642813, 0.615849, -0.027664), (0.129114, 0.636775, -0.760162, -0.161206), (-0.880799, 0.425804, 0.207084, 0.118390), (0.000000, 0.000000, 0.000000, 1.000000)
((0.455773, 0.642533, 0.615973, -0.026812), (0.129400, 0.636847, -0.760054, -0.159878), (-0.880640, 0.426119, 0.207114, 0.118081), (0.000000, 0.000000, 0.000000, 1.000000)
((0.455858, 0.642471, 0.615975, -0.026120), (0.129646, 0.636754, -0.760090, -0.158800), (-0.880560, 0.426351, 0.206976, 0.117830), (0.000000, 0.000000, 0.000000, 1.000000)
((0.451161, 0.651587, 0.609827, -0.024822), (0.132407, 0.626889, -0.767775, -0.156813), (-0.882566, 0.427135, 0.196553, 0.117378), (0.000000, 0.000000, 0.000000, 1.000000)
((0.451446, 0.651161, 0.610070, -0.023970), (0.132491, 0.627211, -0.767498, -0.155537), (-0.882407, 0.427313, 0.196879, 0.117093), (0.000000, 0.000000, 0.000000, 1.000000)
((0.451182, 0.653618, 0.607634, -0.023118), (0.132377, 0.624326, -0.769866, -0.154260), (-0.882559, 0.427786, 0.195161, 0.116806), (0.000000, 0.000000, 0.000000, 1.000000)
((0.453664, 0.649966, 0.609699, -0.022474), (0.131141, 0.628016, -0.767071, -0.153320), (-0.881471, 0.427949, 0.199671, 0.116604), (0.000000, 0.000000, 0.000000, 1.000000)
((0.453664, 0.649966, 0.609699, -0.022164), (0.131141, 0.628016, -0.767071, -0.152866), (-0.881471, 0.427949, 0.199671, 0.116506), (0.000000, 0.000000, 0.000000, 1.000000)
((0.447074, 0.660999, 0.602665, -0.020918), (0.138100, 0.614664, -0.776606, -0.151093), (-0.883772, 0.430428, 0.183516, 0.116147), (0.000000, 0.000000, 0.000000, 1.000000)
((0.444808, 0.664275, 0.600737, -0.020641), (0.139619, 0.611116, -0.779130, -0.150699), (-0.884676, 0.430438, 0.179084, 0.116067), (0.000000, 0.000000, 0.000000, 1.000000)
((0.421683, 0.705038, 0.570180, -0.016098), (0.161849, 0.560199, -0.812393, -0.144380), (-0.892182, 0.434855, 0.122117, 0.114895), (0.000000, 0.000000, 0.000000, 1.000000)
</SampleFrames>
<SampleWeights Num="124">0.0187895
0.0381453
0.0456978
0.0539658
0.0632907
0.0783772
0.0864076
0.0860507
0.0859784
0.091067
0.0942395
0.0955677
0.090457
0.10288
0.108644
0.105663
0.10514
0.101521
0.100957
0.100997
0.0897873
0.0700932
0.0622505
0.0470516
0.0476322
0.0610824
0.0541281
0.0550494
0.0611969
0.071737
0.0741414
0.0780422
0.0828426
0.0926655
0.0901012
0.097513
0.10655
0.114894
0.114722
0.126683
0.129036
0.125628
0.131332
0.142688
0.151769
0.159266
0.162782
0.165267
0.159223
0.153478
0.178936
0.183161
0.184257
0.194449
0.202028
0.196323
0.199095
0.206144
0.221769
0.22643
0.239536
0.249209
0.255983
0.260734
0.265118
0.28051
0.285776
0.301306
0.292315
0.2938
0.28808
0.267036
0.247887
0.232955
0.223007
0.22274
0.227047
0.225428
0.233938
0.235385
0.228098
0.235042
0.233894
0.235227
0.231021
0.222115
0.223503
0.227689
0.218731
0.211394
0.201454
0.188003
0.161358
0.163062
0.147376
0.139916
0.129764
0.136985
0.122604
0.129298
0.140168
0.140995
0.128446
0.152329
0.138165
0.140112
0.149132
0.141445
0.140887
0.13017
0.137108
0.129133
0.126113
0.123235
0.123136
0.125916
0.118673
0.114141
0.124856
0.138962
0.142624
0.134558
0.133671
0.116741
</SampleWeights>
</PointSplatMark>
