<PointSplatMark HeadPosAtStart="(0.633636, -0.487736, 2.16202)" BrushTip="0" BrushInterface="ForceTapeDraw" SuperSamplesPerWidth="20" Draw="0" Width="0.022" Pose="1" LayerIndex="0" Name="butt" RoomToVirtualScaleAtStart="1.03571" RoomToVirtualFrameAtStart="((0.909603, 0.193506, 0.367665, 0.002674), (-0.093786, 0.957709, -0.272026, -0.056082), (-0.404755, 0.212954, 0.889283, -0.022231), (0.000000, 0.000000, 0.000000, 1.000000)" ColorSwatch="0.170979"><SamplePoints Num="278">(-0.118223, -0.269293, 0.0953972)
(-0.118426, -0.269352, 0.0953932)
(-0.118607, -0.269405, 0.0953896)
(-0.119013, -0.269523, 0.095381)
(-0.119318, -0.269611, 0.0953745)
(-0.120006, -0.26981, 0.0953608)
(-0.1202, -0.269867, 0.0953567)
(-0.120796, -0.270041, 0.0953441)
(-0.121443, -0.27023, 0.0953289)
(-0.121865, -0.270354, 0.0953185)
(-0.121993, -0.270392, 0.0953151)
(-0.122538, -0.270553, 0.0952978)
(-0.123086, -0.270714, 0.0952804)
(-0.12357, -0.270854, 0.0952632)
(-0.125073, -0.27128, 0.0952069)
(-0.126058, -0.271559, 0.0951692)
(-0.127057, -0.271833, 0.0951319)
(-0.127581, -0.271977, 0.0951123)
(-0.127897, -0.272059, 0.0951017)
(-0.128794, -0.272291, 0.0950718)
(-0.129415, -0.27244, 0.095056)
(-0.130783, -0.272769, 0.0950212)
(-0.131366, -0.272898, 0.0950107)
(-0.131716, -0.272976, 0.0950044)
(-0.132072, -0.273051, 0.0950008)
(-0.132512, -0.273144, 0.0949964)
(-0.133095, -0.273266, 0.0949933)
(-0.133635, -0.273378, 0.0949906)
(-0.134701, -0.273598, 0.0949855)
(-0.13527, -0.273713, 0.0949838)
(-0.135677, -0.273795, 0.0949826)
(-0.13645, -0.27395, 0.0949806)
(-0.137486, -0.274159, 0.0949779)
(-0.138922, -0.274441, 0.0949824)
(-0.139579, -0.274565, 0.0949825)
(-0.140653, -0.27476, 0.0949849)
(-0.141363, -0.274886, 0.094987)
(-0.142556, -0.27508, 0.0949934)
(-0.143437, -0.275223, 0.0949982)
(-0.143956, -0.2753, 0.0950045)
(-0.144482, -0.275377, 0.095011)
(-0.145246, -0.275479, 0.095027)
(-0.145941, -0.275571, 0.0950416)
(-0.146453, -0.275633, 0.0950559)
(-0.147137, -0.275717, 0.0950751)
(-0.147888, -0.275804, 0.0950995)
(-0.14846, -0.27587, 0.0951181)
(-0.148465, -0.27587, 0.0951182)
(-0.148716, -0.275898, 0.0951288)
(-0.149585, -0.275988, 0.0951687)
(-0.150559, -0.276085, 0.0952123)
(-0.151091, -0.276137, 0.095236)
(-0.151253, -0.276151, 0.0952443)
(-0.151455, -0.276168, 0.0952548)
(-0.15184, -0.276199, 0.0952769)
(-0.152607, -0.27626, 0.0953207)
(-0.153967, -0.276357, 0.0954046)
(-0.15462, -0.276399, 0.0954499)
(-0.155286, -0.276441, 0.0954973)
(-0.156246, -0.276495, 0.095566)
(-0.157313, -0.276555, 0.0956423)
(-0.157504, -0.276564, 0.095657)
(-0.157946, -0.276586, 0.095691)
(-0.158692, -0.276615, 0.0957547)
(-0.159424, -0.276636, 0.0958218)
(-0.159657, -0.276637, 0.0958476)
(-0.160275, -0.276626, 0.0959223)
(-0.160614, -0.27662, 0.0959632)
(-0.160721, -0.276615, 0.0959773)
(-0.161043, -0.276601, 0.0960196)
(-0.162221, -0.276523, 0.0961933)
(-0.163423, -0.276443, 0.0963706)
(-0.16424, -0.276366, 0.0965018)
(-0.16457, -0.276335, 0.0965548)
(-0.164888, -0.276296, 0.0966097)
(-0.16512, -0.276266, 0.0966509)
(-0.165728, -0.27617, 0.0967715)
(-0.166567, -0.276037, 0.096938)
(-0.167587, -0.275851, 0.0971556)
(-0.167875, -0.275791, 0.097221)
(-0.169143, -0.275503, 0.0975237)
(-0.170101, -0.275239, 0.0977706)
(-0.170432, -0.275147, 0.0978562)
(-0.170595, -0.275096, 0.0979019)
(-0.17063, -0.275085, 0.0979115)
(-0.170963, -0.274967, 0.0980148)
(-0.171256, -0.274863, 0.0981058)
(-0.171927, -0.274589, 0.0983313)
(-0.172892, -0.274158, 0.0986755)
(-0.173394, -0.273926, 0.0988588)
(-0.174129, -0.273543, 0.0991562)
(-0.175128, -0.273022, 0.09956)
(-0.175834, -0.272614, 0.0998707)
(-0.176158, -0.272427, 0.100013)
(-0.178329, -0.271022, 0.101056)
(-0.1789, -0.270631, 0.101342)
(-0.178989, -0.270566, 0.101388)
(-0.180296, -0.26957, 0.102085)
(-0.180568, -0.26936, 0.102231)
(-0.180935, -0.269063, 0.102435)
(-0.181613, -0.268499, 0.102821)
(-0.182323, -0.267873, 0.103243)
(-0.183065, -0.267184, 0.103705)
(-0.18405, -0.266233, 0.10434)
(-0.185136, -0.265115, 0.105085)
(-0.18548, -0.264754, 0.105326)
(-0.185918, -0.264268, 0.105649)
(-0.186136, -0.264022, 0.105812)
(-0.186722, -0.263335, 0.106269)
(-0.187108, -0.262857, 0.106586)
(-0.187325, -0.262588, 0.106764)
(-0.187678, -0.262129, 0.107065)
(-0.188532, -0.26102, 0.107796)
(-0.190202, -0.258707, 0.109295)
(-0.191592, -0.256714, 0.11055)
(-0.193026, -0.254614, 0.111842)
(-0.193325, -0.254174, 0.112111)
(-0.193814, -0.253437, 0.112553)
(-0.194207, -0.252829, 0.112914)
(-0.194697, -0.252072, 0.113365)
(-0.195035, -0.251537, 0.113679)
(-0.195495, -0.250809, 0.114107)
(-0.195972, -0.250035, 0.114563)
(-0.196455, -0.249251, 0.115025)
(-0.19696, -0.248408, 0.115524)
(-0.197241, -0.247941, 0.115801)
(-0.197624, -0.247292, 0.11619)
(-0.198037, -0.246595, 0.116607)
(-0.198803, -0.245288, 0.117393)
(-0.19903, -0.244899, 0.117626)
(-0.199408, -0.244255, 0.118011)
(-0.199939, -0.243351, 0.118551)
(-0.201052, -0.241449, 0.119684)
(-0.201872, -0.240064, 0.120499)
(-0.202424, -0.239141, 0.121033)
(-0.205435, -0.234148, 0.123873)
(-0.207681, -0.230473, 0.125866)
(-0.208752, -0.228723, 0.12679)
(-0.209129, -0.228105, 0.127116)
(-0.209873, -0.226881, 0.127755)
(-0.209876, -0.226876, 0.127758)
(-0.211516, -0.224141, 0.129172)
(-0.212454, -0.222559, 0.129974)
(-0.212903, -0.221803, 0.130357)
(-0.21389, -0.220116, 0.131207)
(-0.213897, -0.220103, 0.131213)
(-0.214644, -0.218805, 0.131859)
(-0.215136, -0.217949, 0.132286)
(-0.21602, -0.216378, 0.133059)
(-0.216571, -0.215372, 0.133547)
(-0.217038, -0.214521, 0.13396)
(-0.217507, -0.213636, 0.134383)
(-0.218092, -0.212534, 0.134909)
(-0.218104, -0.21251, 0.13492)
(-0.218807, -0.211142, 0.135564)
(-0.2191, -0.210572, 0.135832)
(-0.219531, -0.209694, 0.136235)
(-0.220081, -0.208575, 0.136748)
(-0.220417, -0.20786, 0.137069)
(-0.220838, -0.206961, 0.137472)
(-0.221171, -0.20622, 0.137794)
(-0.221442, -0.205613, 0.138058)
(-0.222047, -0.204205, 0.138652)
(-0.22236, -0.203432, 0.138968)
(-0.222614, -0.202804, 0.139223)
(-0.222917, -0.202019, 0.139532)
(-0.223258, -0.201133, 0.139879)
(-0.22362, -0.200145, 0.140253)
(-0.224123, -0.19877, 0.140773)
(-0.224469, -0.197778, 0.141134)
(-0.224492, -0.197709, 0.141159)
(-0.225055, -0.196006, 0.14176)
(-0.225493, -0.194605, 0.142239)
(-0.22573, -0.193818, 0.142504)
(-0.226046, -0.192737, 0.142865)
(-0.226331, -0.191687, 0.143207)
(-0.226615, -0.19064, 0.143548)
(-0.226945, -0.189315, 0.143967)
(-0.227269, -0.188014, 0.144379)
(-0.227528, -0.186867, 0.144734)
(-0.227801, -0.185664, 0.145107)
(-0.227974, -0.184815, 0.145366)
(-0.228475, -0.182362, 0.146113)
(-0.228686, -0.18121, 0.146457)
(-0.229014, -0.179412, 0.146995)
(-0.229675, -0.174834, 0.148339)
(-0.229894, -0.173067, 0.148856)
(-0.230062, -0.171712, 0.149253)
(-0.230189, -0.170507, 0.149605)
(-0.230304, -0.169422, 0.149921)
(-0.230457, -0.167669, 0.150434)
(-0.230583, -0.16623, 0.150854)
(-0.230664, -0.165189, 0.151156)
(-0.23072, -0.164366, 0.151393)
(-0.230771, -0.163354, 0.15168)
(-0.230805, -0.162672, 0.151873)
(-0.230826, -0.161997, 0.152063)
(-0.230848, -0.161294, 0.15226)
(-0.230852, -0.160909, 0.152367)
(-0.230859, -0.159847, 0.152661)
(-0.230843, -0.158697, 0.152974)
(-0.230797, -0.157534, 0.15328)
(-0.230767, -0.156777, 0.153479)
(-0.230702, -0.155824, 0.153719)
(-0.230659, -0.155182, 0.153881)
(-0.230575, -0.154286, 0.154095)
(-0.230507, -0.153561, 0.154269)
(-0.230401, -0.152718, 0.154459)
(-0.230248, -0.15149, 0.154737)
(-0.230109, -0.150504, 0.154952)
(-0.23002, -0.149928, 0.155074)
(-0.229749, -0.14843, 0.155368)
(-0.229469, -0.14715, 0.155587)
(-0.229365, -0.146672, 0.155669)
(-0.22917, -0.145822, 0.155807)
(-0.229087, -0.14549, 0.155856)
(-0.228604, -0.14366, 0.156106)
(-0.228404, -0.142951, 0.156193)
(-0.228136, -0.142102, 0.156281)
(-0.227997, -0.141658, 0.156328)
(-0.227541, -0.140322, 0.156451)
(-0.227361, -0.139799, 0.156498)
(-0.226857, -0.138397, 0.156619)
(-0.226602, -0.137709, 0.156677)
(-0.226446, -0.137319, 0.156706)
(-0.226023, -0.13626, 0.156786)
(-0.225497, -0.135001, 0.15688)
(-0.224958, -0.133725, 0.156974)
(-0.224885, -0.133554, 0.156987)
(-0.224251, -0.132113, 0.157098)
(-0.223543, -0.130541, 0.157214)
(-0.222815, -0.128942, 0.15733)
(-0.222303, -0.127835, 0.157412)
(-0.22192, -0.127015, 0.157473)
(-0.221266, -0.12563, 0.157576)
(-0.220334, -0.123666, 0.157724)
(-0.219454, -0.121829, 0.157864)
(-0.218693, -0.120252, 0.157986)
(-0.217725, -0.118268, 0.158138)
(-0.216647, -0.116069, 0.158306)
(-0.215698, -0.11415, 0.158455)
(-0.214811, -0.112364, 0.158594)
(-0.214256, -0.111266, 0.158678)
(-0.213423, -0.109621, 0.158802)
(-0.213107, -0.109, 0.158849)
(-0.211628, -0.106157, 0.159042)
(-0.210836, -0.10466, 0.159141)
(-0.210147, -0.103371, 0.159225)
(-0.20941, -0.102008, 0.159302)
(-0.208599, -0.100517, 0.15938)
(-0.207611, -0.0987389, 0.159461)
(-0.206481, -0.0967244, 0.159547)
(-0.205595, -0.0951684, 0.159602)
(-0.204909, -0.0939777, 0.159638)
(-0.203722, -0.0919573, 0.15968)
(-0.202391, -0.0897197, 0.159713)
(-0.201277, -0.0878869, 0.159723)
(-0.199854, -0.0855785, 0.15972)
(-0.197515, -0.0819213, 0.159642)
(-0.197006, -0.0811296, 0.159624)
(-0.197006, -0.0811296, 0.159624)
(-0.194518, -0.0774166, 0.159472)
(-0.192662, -0.0747565, 0.159323)
(-0.190548, -0.0718502, 0.159106)
(-0.189499, -0.07044, 0.158982)
(-0.188494, -0.069111, 0.158851)
(-0.186793, -0.0669198, 0.158596)
(-0.184921, -0.064554, 0.158291)
(-0.183241, -0.0624297, 0.158016)
(-0.181559, -0.0603965, 0.157691)
(-0.179775, -0.058293, 0.157314)
(-0.177866, -0.0560881, 0.156882)
(-0.175674, -0.0536098, 0.156365)
(-0.17348, -0.0511961, 0.155819)
(-0.171263, -0.0488212, 0.155248)
(-0.171263, -0.0488212, 0.155248)
(-0.16628, -0.0437507, 0.153885)
(-0.160535, -0.0382211, 0.152235)
</SamplePoints>
<SampleFrames Num="278">((-0.256382, 0.618857, 0.742485, -0.118223), (-0.232134, 0.706257, -0.668816, -0.269293), (-0.938287, -0.343829, -0.037414, 0.095397), (0.000000, 0.000000, 0.000000, 1.000000)
((0.260228, 0.563660, 0.783944, -0.118426), (-0.235956, 0.824425, -0.514440, -0.269352), (-0.936273, -0.051105, 0.347537, 0.095393), (0.000000, 0.000000, 0.000000, 1.000000)
((0.263809, 0.560562, 0.784968, -0.118607), (-0.240628, 0.826314, -0.509218, -0.269405), (-0.934079, -0.054549, 0.352876, 0.095390), (0.000000, 0.000000, 0.000000, 1.000000)
((0.265426, 0.559239, 0.785366, -0.119013), (-0.242678, 0.827110, -0.506948, -0.269523), (-0.933090, -0.056034, 0.355252, 0.095381), (0.000000, 0.000000, 0.000000, 1.000000)
((0.267182, 0.557807, 0.785789, -0.119318), (-0.244500, 0.827990, -0.504630, -0.269611), (-0.932112, -0.057297, 0.357608, 0.095375), (0.000000, 0.000000, 0.000000, 1.000000)
((0.268360, 0.554478, 0.787742, -0.120006), (-0.246296, 0.830051, -0.500353, -0.269810), (-0.931301, -0.059743, 0.359318, 0.095361), (0.000000, 0.000000, 0.000000, 1.000000)
((0.266977, 0.555303, 0.787630, -0.120200), (-0.248746, 0.829309, -0.500372, -0.269867), (-0.931047, -0.062332, 0.359536, 0.095357), (0.000000, 0.000000, 0.000000, 1.000000)
((0.266498, 0.555892, 0.787377, -0.120796), (-0.248407, 0.828937, -0.501156, -0.270041), (-0.931275, -0.062033, 0.358997, 0.095344), (0.000000, 0.000000, 0.000000, 1.000000)
((0.265598, 0.554376, 0.788749, -0.121443), (-0.248231, 0.829873, -0.499692, -0.270230), (-0.931579, -0.063075, 0.358026, 0.095329), (0.000000, 0.000000, 0.000000, 1.000000)
((0.269081, 0.551514, 0.789574, -0.121865), (-0.251886, 0.831575, -0.495011, -0.270354), (-0.929596, -0.065685, 0.362680, 0.095318), (0.000000, 0.000000, 0.000000, 1.000000)
((0.265930, 0.553901, 0.788971, -0.121993), (-0.252107, 0.829918, -0.497673, -0.270392), (-0.930443, -0.066559, 0.360342, 0.095315), (0.000000, 0.000000, 0.000000, 1.000000)
((0.265038, 0.552277, 0.790408, -0.122538), (-0.252349, 0.830881, -0.495940, -0.270553), (-0.930631, -0.068016, 0.359582, 0.095298), (0.000000, 0.000000, 0.000000, 1.000000)
((0.266472, 0.551177, 0.790694, -0.123086), (-0.254225, 0.831498, -0.493945, -0.270714), (-0.929711, -0.069392, 0.361694, 0.095280), (0.000000, 0.000000, 0.000000, 1.000000)
((0.265995, 0.551765, 0.790444, -0.123570), (-0.253886, 0.831133, -0.494732, -0.270854), (-0.929940, -0.069087, 0.361163, 0.095263), (0.000000, 0.000000, 0.000000, 1.000000)
((0.266325, 0.549432, 0.791957, -0.125073), (-0.255225, 0.832502, -0.491732, -0.271280), (-0.929479, -0.071167, 0.361945, 0.095207), (0.000000, 0.000000, 0.000000, 1.000000)
((0.263992, 0.548787, 0.793185, -0.126058), (-0.257541, 0.832607, -0.490346, -0.271559), (-0.929506, -0.074830, 0.361136, 0.095169), (0.000000, 0.000000, 0.000000, 1.000000)
((0.267500, 0.543798, 0.795441, -0.127057), (-0.259686, 0.835666, -0.483968, -0.271833), (-0.927905, -0.077104, 0.364757, 0.095132), (0.000000, 0.000000, 0.000000, 1.000000)
((0.266897, 0.544436, 0.795208, -0.127581), (-0.259775, 0.835240, -0.484655, -0.271977), (-0.928053, -0.077222, 0.364354, 0.095112), (0.000000, 0.000000, 0.000000, 1.000000)
((0.266747, 0.544594, 0.795150, -0.127897), (-0.259797, 0.835134, -0.484826, -0.272059), (-0.928090, -0.077252, 0.364254, 0.095102), (0.000000, 0.000000, 0.000000, 1.000000)
((0.265511, 0.543359, 0.796408, -0.128794), (-0.259903, 0.835814, -0.483596, -0.272291), (-0.928415, -0.078589, 0.363138, 0.095072), (0.000000, 0.000000, 0.000000, 1.000000)
((0.261899, 0.546261, 0.795618, -0.129415), (-0.259995, 0.833850, -0.486926, -0.272440), (-0.929415, -0.079331, 0.360409, 0.095056), (0.000000, 0.000000, 0.000000, 1.000000)
((0.258614, 0.546850, 0.796288, -0.130783), (-0.257684, 0.833514, -0.488726, -0.272769), (-0.930977, -0.078799, 0.356473, 0.095021), (0.000000, 0.000000, 0.000000, 1.000000)
((0.255982, 0.549188, 0.795529, -0.131366), (-0.255761, 0.832099, -0.492136, -0.272898), (-0.932234, -0.077487, 0.353463, 0.095011), (0.000000, 0.000000, 0.000000, 1.000000)
((0.255220, 0.547383, 0.797016, -0.131716), (-0.255987, 0.833154, -0.490229, -0.272976), (-0.932380, -0.078909, 0.352761, 0.095004), (0.000000, 0.000000, 0.000000, 1.000000)
((0.254905, 0.547747, 0.796867, -0.132072), (-0.255830, 0.832927, -0.490698, -0.273051), (-0.932510, -0.078781, 0.352447, 0.095001), (0.000000, 0.000000, 0.000000, 1.000000)
((0.255476, 0.547013, 0.797188, -0.132512), (-0.259939, 0.833052, -0.488320, -0.273144), (-0.931216, -0.082466, 0.355015, 0.094996), (0.000000, 0.000000, 0.000000, 1.000000)
((0.254687, 0.545269, 0.798634, -0.133095), (-0.259975, 0.834071, -0.486557, -0.273266), (-0.931422, -0.083705, 0.354184, 0.094993), (0.000000, 0.000000, 0.000000, 1.000000)
((0.253955, 0.545931, 0.798415, -0.133635), (-0.260494, 0.833581, -0.487120, -0.273378), (-0.931477, -0.084276, 0.353904, 0.094991), (0.000000, 0.000000, 0.000000, 1.000000)
((0.252560, 0.544796, 0.799632, -0.134701), (-0.260620, 0.834183, -0.486020, -0.273598), (-0.931821, -0.085651, 0.352666, 0.094985), (0.000000, 0.000000, 0.000000, 1.000000)
((0.252093, 0.545313, 0.799427, -0.135270), (-0.260486, 0.833855, -0.486655, -0.273713), (-0.931985, -0.085557, 0.352255, 0.094984), (0.000000, 0.000000, 0.000000, 1.000000)
((0.251778, 0.545675, 0.799279, -0.135677), (-0.260330, 0.833631, -0.487122, -0.273795), (-0.932114, -0.085430, 0.351945, 0.094983), (0.000000, 0.000000, 0.000000, 1.000000)
((0.251022, 0.546441, 0.798993, -0.136450), (-0.260445, 0.833111, -0.487950, -0.273950), (-0.932286, -0.085608, 0.351447, 0.094981), (0.000000, 0.000000, 0.000000, 1.000000)
((0.252643, 0.543118, 0.800746, -0.137486), (-0.260563, 0.835210, -0.484284, -0.274159), (-0.931815, -0.086294, 0.352527, 0.094978), (0.000000, 0.000000, 0.000000, 1.000000)
((0.249399, 0.546116, 0.799724, -0.138922), (-0.258309, 0.833414, -0.488567, -0.274441), (-0.933315, -0.084728, 0.348919, 0.094982), (0.000000, 0.000000, 0.000000, 1.000000)
((0.248474, 0.544444, 0.801150, -0.139579), (-0.258562, 0.834358, -0.486819, -0.274565), (-0.933492, -0.086185, 0.348089, 0.094983), (0.000000, 0.000000, 0.000000, 1.000000)
((0.245848, 0.546741, 0.800396, -0.140653), (-0.256411, 0.833007, -0.490258, -0.274760), (-0.934779, -0.084701, 0.344983, 0.094985), (0.000000, 0.000000, 0.000000, 1.000000)
((0.244624, 0.545353, 0.801716, -0.141363), (-0.256703, 0.833759, -0.488824, -0.274886), (-0.935020, -0.086225, 0.343951, 0.094987), (0.000000, 0.000000, 0.000000, 1.000000)
((0.243685, 0.546364, 0.801314, -0.142556), (-0.256438, 0.833114, -0.490062, -0.275080), (-0.935338, -0.086067, 0.343126, 0.094993), (0.000000, 0.000000, 0.000000, 1.000000)
((0.245459, 0.542968, 0.803079, -0.143437), (-0.256313, 0.835292, -0.486406, -0.275223), (-0.934908, -0.086447, 0.344200, 0.094998), (0.000000, 0.000000, 0.000000, 1.000000)
((0.245003, 0.543420, 0.802912, -0.143956), (-0.256383, 0.834986, -0.486894, -0.275300), (-0.935009, -0.086562, 0.343898, 0.095005), (0.000000, 0.000000, 0.000000, 1.000000)
((0.244548, 0.543871, 0.802746, -0.144482), (-0.256453, 0.834680, -0.487381, -0.275377), (-0.935109, -0.086678, 0.343597, 0.095011), (0.000000, 0.000000, 0.000000, 1.000000)
((0.244078, 0.544376, 0.802546, -0.145246), (-0.256320, 0.834359, -0.488001, -0.275479), (-0.935268, -0.086598, 0.343183, 0.095027), (0.000000, 0.000000, 0.000000, 1.000000)
((0.241470, 0.546577, 0.801839, -0.145941), (-0.254362, 0.833050, -0.491251, -0.275571), (-0.936479, -0.085335, 0.340185, 0.095042), (0.000000, 0.000000, 0.000000, 1.000000)
((0.240568, 0.544815, 0.803308, -0.146453), (-0.254802, 0.834035, -0.489348, -0.275633), (-0.936591, -0.086963, 0.339462, 0.095056), (0.000000, 0.000000, 0.000000, 1.000000)
((0.243100, 0.543338, 0.803546, -0.147137), (-0.254250, 0.835126, -0.487772, -0.275717), (-0.936087, -0.085724, 0.341163, 0.095075), (0.000000, 0.000000, 0.000000, 1.000000)
((0.242339, 0.544086, 0.803270, -0.147888), (-0.254368, 0.834618, -0.488579, -0.275804), (-0.936253, -0.085924, 0.340658, 0.095099), (0.000000, 0.000000, 0.000000, 1.000000)
((0.241882, 0.544534, 0.803104, -0.148460), (-0.254438, 0.834313, -0.489063, -0.275870), (-0.936352, -0.086045, 0.340355, 0.095118), (0.000000, 0.000000, 0.000000, 1.000000)
((0.241882, 0.544534, 0.803104, -0.148465), (-0.254438, 0.834313, -0.489063, -0.275870), (-0.936352, -0.086045, 0.340355, 0.095118), (0.000000, 0.000000, 0.000000, 1.000000)
((0.241591, 0.544779, 0.803025, -0.148716), (-0.254687, 0.834125, -0.489254, -0.275898), (-0.936359, -0.086321, 0.340265, 0.095129), (0.000000, 0.000000, 0.000000, 1.000000)
((0.240384, 0.543312, 0.804380, -0.149585), (-0.255173, 0.834903, -0.487672, -0.275988), (-0.936537, -0.088027, 0.339336, 0.095169), (0.000000, 0.000000, 0.000000, 1.000000)
((0.239622, 0.544056, 0.804105, -0.150559), (-0.255291, 0.834397, -0.488475, -0.276085), (-0.936700, -0.088231, 0.338833, 0.095212), (0.000000, 0.000000, 0.000000, 1.000000)
((0.240470, 0.543875, 0.803974, -0.151091), (-0.252626, 0.834802, -0.489169, -0.276137), (-0.937206, -0.085474, 0.338142, 0.095236), (0.000000, 0.000000, 0.000000, 1.000000)
((0.240179, 0.544119, 0.803896, -0.151253), (-0.252875, 0.834615, -0.489360, -0.276151), (-0.937213, -0.085751, 0.338051, 0.095244), (0.000000, 0.000000, 0.000000, 1.000000)
((0.240027, 0.544267, 0.803841, -0.151455), (-0.252899, 0.834514, -0.489519, -0.276168), (-0.937246, -0.085793, 0.337950, 0.095255), (0.000000, 0.000000, 0.000000, 1.000000)
((0.241560, 0.543129, 0.804152, -0.151840), (-0.255032, 0.835094, -0.487418, -0.276199), (-0.936273, -0.087344, 0.340241, 0.095277), (0.000000, 0.000000, 0.000000, 1.000000)
((0.240489, 0.541566, 0.805525, -0.152607), (-0.255291, 0.835953, -0.485807, -0.276260), (-0.936478, -0.088812, 0.339295, 0.095321), (0.000000, 0.000000, 0.000000, 1.000000)
((0.242441, 0.540584, 0.805600, -0.153967), (-0.255231, 0.836662, -0.484617, -0.276357), (-0.935991, -0.088123, 0.340815, 0.095405), (0.000000, 0.000000, 0.000000, 1.000000)
((0.239832, 0.542817, 0.804879, -0.154620), (-0.253056, 0.835370, -0.487976, -0.276399), (-0.937253, -0.086647, 0.337711, 0.095450), (0.000000, 0.000000, 0.000000, 1.000000)
((0.238935, 0.541040, 0.806341, -0.155286), (-0.253488, 0.836353, -0.486064, -0.276441), (-0.937365, -0.088260, 0.336981, 0.095497), (0.000000, 0.000000, 0.000000, 1.000000)
((0.239847, 0.540509, 0.806427, -0.156246), (-0.255725, 0.836512, -0.484616, -0.276495), (-0.936525, -0.089990, 0.338856, 0.095566), (0.000000, 0.000000, 0.000000, 1.000000)
((0.242088, 0.539286, 0.806576, -0.157313), (-0.255412, 0.837404, -0.483238, -0.276555), (-0.936033, -0.089023, 0.340466, 0.095642), (0.000000, 0.000000, 0.000000, 1.000000)
((0.239942, 0.541068, 0.806023, -0.157504), (-0.253163, 0.836423, -0.486112, -0.276564), (-0.937196, -0.087417, 0.337671, 0.095657), (0.000000, 0.000000, 0.000000, 1.000000)
((0.239500, 0.541460, 0.805891, -0.157946), (-0.253436, 0.836136, -0.486463, -0.276586), (-0.937235, -0.087734, 0.337480, 0.095691), (0.000000, 0.000000, 0.000000, 1.000000)
((0.243735, 0.538597, 0.806540, -0.158692), (-0.255393, 0.837912, -0.482367, -0.276615), (-0.935611, -0.088415, 0.341782, 0.095755), (0.000000, 0.000000, 0.000000, 1.000000)
((0.241300, 0.540637, 0.805907, -0.159424), (-0.253395, 0.836738, -0.485450, -0.276636), (-0.936785, -0.087074, 0.338899, 0.095822), (0.000000, 0.000000, 0.000000, 1.000000)
((0.241132, 0.540839, 0.805822, -0.159657), (-0.253216, 0.836623, -0.485740, -0.276637), (-0.936876, -0.086920, 0.338686, 0.095848), (0.000000, 0.000000, 0.000000, 1.000000)
((0.243677, 0.539314, 0.806078, -0.160275), (-0.252852, 0.837715, -0.484044, -0.276626), (-0.936316, -0.085868, 0.340499, 0.095922), (0.000000, 0.000000, 0.000000, 1.000000)
((0.243372, 0.539614, 0.805969, -0.160614), (-0.252899, 0.837514, -0.484368, -0.276620), (-0.936382, -0.085947, 0.340295, 0.095963), (0.000000, 0.000000, 0.000000, 1.000000)
((0.241528, 0.541109, 0.805522, -0.160721), (-0.250603, 0.836720, -0.486926, -0.276615), (-0.937477, -0.084260, 0.337695, 0.095977), (0.000000, 0.000000, 0.000000, 1.000000)
((0.244657, 0.541654, 0.804210, -0.161043), (-0.249859, 0.836624, -0.487474, -0.276601), (-0.936864, -0.081675, 0.340023, 0.096020), (0.000000, 0.000000, 0.000000, 1.000000)
((0.245577, 0.541091, 0.804309, -0.162221), (-0.252085, 0.836818, -0.485993, -0.276523), (-0.936026, -0.083405, 0.341904, 0.096193), (0.000000, 0.000000, 0.000000, 1.000000)
((0.248913, 0.536407, 0.806418, -0.163423), (-0.254463, 0.839593, -0.479930, -0.276443), (-0.934500, -0.085743, 0.345481, 0.096371), (0.000000, 0.000000, 0.000000, 1.000000)
((0.246479, 0.538488, 0.805778, -0.164240), (-0.252467, 0.838399, -0.483061, -0.276366), (-0.935686, -0.084368, 0.342598, 0.096502), (0.000000, 0.000000, 0.000000, 1.000000)
((0.248017, 0.537264, 0.806124, -0.164570), (-0.254804, 0.839002, -0.480782, -0.276335), (-0.934646, -0.086162, 0.344983, 0.096555), (0.000000, 0.000000, 0.000000, 1.000000)
((0.247849, 0.537468, 0.806039, -0.164888), (-0.254625, 0.838887, -0.481077, -0.276296), (-0.934739, -0.086003, 0.344770, 0.096610), (0.000000, 0.000000, 0.000000, 1.000000)
((0.247729, 0.537514, 0.806045, -0.165120), (-0.255053, 0.838813, -0.480978, -0.276266), (-0.934654, -0.086432, 0.344893, 0.096651), (0.000000, 0.000000, 0.000000, 1.000000)
((0.247241, 0.538073, 0.805822, -0.165728), (-0.254718, 0.838484, -0.481730, -0.276170), (-0.934875, -0.086154, 0.344364, 0.096771), (0.000000, 0.000000, 0.000000, 1.000000)
((0.251470, 0.535113, 0.806484, -0.166567), (-0.256656, 0.840298, -0.477521, -0.276037), (-0.933215, -0.086907, 0.348650, 0.096938), (0.000000, 0.000000, 0.000000, 1.000000)
((0.248734, 0.537519, 0.805733, -0.167587), (-0.254710, 0.838898, -0.481013, -0.275851), (-0.934481, -0.085584, 0.345574, 0.097156), (0.000000, 0.000000, 0.000000, 1.000000)
((0.248582, 0.537671, 0.805678, -0.167875), (-0.254733, 0.838796, -0.481178, -0.275791), (-0.934515, -0.085621, 0.345472, 0.097221), (0.000000, 0.000000, 0.000000, 1.000000)
((0.252339, 0.535208, 0.806150, -0.169143), (-0.256533, 0.840301, -0.477582, -0.275503), (-0.933015, -0.086291, 0.349339, 0.097524), (0.000000, 0.000000, 0.000000, 1.000000)
((0.249754, 0.537469, 0.805450, -0.170101), (-0.254565, 0.838996, -0.480918, -0.275239), (-0.934248, -0.084928, 0.346363, 0.097771), (0.000000, 0.000000, 0.000000, 1.000000)
((0.252460, 0.535685, 0.805795, -0.170432), (-0.254367, 0.840222, -0.478877, -0.275147), (-0.933574, -0.084070, 0.348383, 0.097856), (0.000000, 0.000000, 0.000000, 1.000000)
((0.252460, 0.535685, 0.805795, -0.170595), (-0.254367, 0.840222, -0.478877, -0.275096), (-0.933574, -0.084070, 0.348383, 0.097902), (0.000000, 0.000000, 0.000000, 1.000000)
((0.252460, 0.535685, 0.805795, -0.170630), (-0.254367, 0.840222, -0.478877, -0.275085), (-0.933574, -0.084070, 0.348383, 0.097911), (0.000000, 0.000000, 0.000000, 1.000000)
((0.252444, 0.535738, 0.805765, -0.170963), (-0.254165, 0.840208, -0.479010, -0.274967), (-0.933634, -0.083874, 0.348271, 0.098015), (0.000000, 0.000000, 0.000000, 1.000000)
((0.252005, 0.536144, 0.805632, -0.171256), (-0.254436, 0.839919, -0.479373, -0.274863), (-0.933679, -0.084177, 0.348078, 0.098106), (0.000000, 0.000000, 0.000000, 1.000000)
((0.251566, 0.536550, 0.805499, -0.171927), (-0.254707, 0.839629, -0.479736, -0.274589), (-0.933723, -0.084481, 0.347885, 0.098331), (0.000000, 0.000000, 0.000000, 1.000000)
((0.253799, 0.535268, 0.805651, -0.172892), (-0.254372, 0.840541, -0.478316, -0.274158), (-0.933210, -0.083539, 0.349486, 0.098675), (0.000000, 0.000000, 0.000000, 1.000000)
((0.251651, 0.537138, 0.805081, -0.173394), (-0.252134, 0.839512, -0.481298, -0.273926), (-0.934398, -0.081869, 0.346695, 0.098859), (0.000000, 0.000000, 0.000000, 1.000000)
((0.250453, 0.535698, 0.806412, -0.174129), (-0.252612, 0.840265, -0.479731, -0.273543), (-0.934591, -0.083559, 0.345771, 0.099156), (0.000000, 0.000000, 0.000000, 1.000000)
((0.252417, 0.534630, 0.806509, -0.175128), (-0.252726, 0.840994, -0.478393, -0.273022), (-0.934032, -0.083071, 0.347396, 0.099560), (0.000000, 0.000000, 0.000000, 1.000000)
((0.250289, 0.536435, 0.805973, -0.175834), (-0.250684, 0.839988, -0.481226, -0.272614), (-0.935154, -0.081599, 0.344715, 0.099871), (0.000000, 0.000000, 0.000000, 1.000000)
((0.251657, 0.535394, 0.806240, -0.176158), (-0.252841, 0.840490, -0.479217, -0.272427), (-0.934206, -0.083252, 0.346884, 0.100013), (0.000000, 0.000000, 0.000000, 1.000000)
((0.257218, 0.531965, 0.806754, -0.178329), (-0.254762, 0.842639, -0.474401, -0.271022), (-0.932167, -0.083506, 0.352266, 0.101056), (0.000000, 0.000000, 0.000000, 1.000000)
((0.256612, 0.532584, 0.806539, -0.178900), (-0.254853, 0.842234, -0.475070, -0.270631), (-0.932309, -0.083640, 0.351858, 0.101342), (0.000000, 0.000000, 0.000000, 1.000000)
((0.256612, 0.532584, 0.806539, -0.178989), (-0.254853, 0.842234, -0.475070, -0.270566), (-0.932309, -0.083640, 0.351858, 0.101388), (0.000000, 0.000000, 0.000000, 1.000000)
((0.256601, 0.533181, 0.806148, -0.180296), (-0.252898, 0.842055, -0.476431, -0.269570), (-0.932844, -0.081621, 0.350913, 0.102085), (0.000000, 0.000000, 0.000000, 1.000000)
((0.256484, 0.533232, 0.806151, -0.180568), (-0.253325, 0.841981, -0.476334, -0.269360), (-0.932761, -0.082046, 0.351035, 0.102231), (0.000000, 0.000000, 0.000000, 1.000000)
((0.256198, 0.533489, 0.806072, -0.180935), (-0.253572, 0.841793, -0.476536, -0.269063), (-0.932772, -0.082310, 0.350943, 0.102435), (0.000000, 0.000000, 0.000000, 1.000000)
((0.255457, 0.534208, 0.805831, -0.181613), (-0.253888, 0.841300, -0.477237, -0.268499), (-0.932889, -0.082677, 0.350545, 0.102821), (0.000000, 0.000000, 0.000000, 1.000000)
((0.259697, 0.531107, 0.806525, -0.182323), (-0.256000, 0.843162, -0.472802, -0.267873), (-0.931140, -0.083685, 0.354930, 0.103243), (0.000000, 0.000000, 0.000000, 1.000000)
((0.257875, 0.535257, 0.804363, -0.183065), (-0.253827, 0.840809, -0.478134, -0.267184), (-0.932240, -0.080870, 0.352687, 0.103705), (0.000000, 0.000000, 0.000000, 1.000000)
((0.258293, 0.535455, 0.804097, -0.184050), (-0.251605, 0.840902, -0.479143, -0.266233), (-0.932727, -0.078556, 0.351922, 0.104340), (0.000000, 0.000000, 0.000000, 1.000000)
((0.258405, 0.535970, 0.803718, -0.185136), (-0.249426, 0.840781, -0.480493, -0.265115), (-0.933281, -0.076307, 0.350947, 0.105085), (0.000000, 0.000000, 0.000000, 1.000000)
((0.256285, 0.537775, 0.803191, -0.185480), (-0.247597, 0.839744, -0.483245, -0.264754), (-0.934352, -0.075019, 0.348365, 0.105326), (0.000000, 0.000000, 0.000000, 1.000000)
((0.258991, 0.535974, 0.803527, -0.185918), (-0.247378, 0.840972, -0.481217, -0.264268), (-0.933664, -0.074144, 0.350392, 0.105649), (0.000000, 0.000000, 0.000000, 1.000000)
((0.258839, 0.536129, 0.803472, -0.186136), (-0.247401, 0.840870, -0.481383, -0.264022), (-0.933700, -0.074179, 0.350289, 0.105812), (0.000000, 0.000000, 0.000000, 1.000000)
((0.257512, 0.534858, 0.804745, -0.186722), (-0.247884, 0.841528, -0.479983, -0.263335), (-0.933938, -0.075882, 0.349286, 0.106269), (0.000000, 0.000000, 0.000000, 1.000000)
((0.260764, 0.535143, 0.803507, -0.187108), (-0.247091, 0.841576, -0.480308, -0.262857), (-0.933246, -0.073292, 0.351682, 0.106586), (0.000000, 0.000000, 0.000000, 1.000000)
((0.262293, 0.533880, 0.803850, -0.187325), (-0.249210, 0.842233, -0.478057, -0.262588), (-0.932254, -0.074936, 0.353960, 0.106764), (0.000000, 0.000000, 0.000000, 1.000000)
((0.261856, 0.534298, 0.803715, -0.187678), (-0.249480, 0.841942, -0.478428, -0.262129), (-0.932304, -0.075231, 0.353764, 0.107065), (0.000000, 0.000000, 0.000000, 1.000000)
((0.263684, 0.533297, 0.803782, -0.188532), (-0.249794, 0.842599, -0.477106, -0.261020), (-0.931705, -0.074975, 0.355394, 0.107796), (0.000000, 0.000000, 0.000000, 1.000000)
((0.264924, 0.532868, 0.803659, -0.190202), (-0.250396, 0.842864, -0.476321, -0.258707), (-0.931191, -0.075044, 0.356723, 0.109295), (0.000000, 0.000000, 0.000000, 1.000000)
((0.266316, 0.532279, 0.803588, -0.191592), (-0.250972, 0.843233, -0.475365, -0.256714), (-0.930639, -0.075081, 0.358154, 0.110550), (0.000000, 0.000000, 0.000000, 1.000000)
((0.268012, 0.529417, 0.804914, -0.193026), (-0.249615, 0.845109, -0.472741, -0.254614), (-0.930517, -0.074219, 0.358650, 0.111842), (0.000000, 0.000000, 0.000000, 1.000000)
((0.270142, 0.530031, 0.803798, -0.193325), (-0.251756, 0.844677, -0.472376, -0.254174), (-0.929323, -0.074752, 0.361621, 0.112111), (0.000000, 0.000000, 0.000000, 1.000000)
((0.269707, 0.530457, 0.803662, -0.193814), (-0.252024, 0.844384, -0.472757, -0.253437), (-0.929377, -0.075036, 0.361424, 0.112553), (0.000000, 0.000000, 0.000000, 1.000000)
((0.271531, 0.526879, 0.805400, -0.194207), (-0.252207, 0.846550, -0.468769, -0.252829), (-0.928796, -0.075842, 0.362747, 0.112914), (0.000000, 0.000000, 0.000000, 1.000000)
((0.270927, 0.527518, 0.805185, -0.194697), (-0.252295, 0.846142, -0.469459, -0.252072), (-0.928949, -0.075955, 0.362333, 0.113365), (0.000000, 0.000000, 0.000000, 1.000000)
((0.271044, 0.530009, 0.803508, -0.195035), (-0.251984, 0.844714, -0.472189, -0.251537), (-0.928999, -0.074487, 0.362509, 0.113679), (0.000000, 0.000000, 0.000000, 1.000000)
((0.274706, 0.524726, 0.805729, -0.195495), (-0.254431, 0.847767, -0.465357, -0.250809), (-0.927255, -0.077166, 0.366393, 0.114107), (0.000000, 0.000000, 0.000000, 1.000000)
((0.275548, 0.523995, 0.805917, -0.195972), (-0.257450, 0.847973, -0.463315, -0.250035), (-0.926171, -0.079818, 0.368560, 0.114563), (0.000000, 0.000000, 0.000000, 1.000000)
((0.275969, 0.524221, 0.805626, -0.196455), (-0.255210, 0.848054, -0.464406, -0.249251), (-0.926666, -0.077442, 0.367823, 0.115025), (0.000000, 0.000000, 0.000000, 1.000000)
((0.275425, 0.524716, 0.805490, -0.196960), (-0.255900, 0.847684, -0.464701, -0.248408), (-0.926637, -0.078135, 0.367748, 0.115524), (0.000000, 0.000000, 0.000000, 1.000000)
((0.279951, 0.521057, 0.806305, -0.197241), (-0.257912, 0.849832, -0.459638, -0.247941), (-0.924721, -0.079280, 0.372298, 0.115801), (0.000000, 0.000000, 0.000000, 1.000000)
((0.281354, 0.519754, 0.806657, -0.197624), (-0.260434, 0.850423, -0.457116, -0.247292), (-0.923587, -0.081470, 0.374632, 0.116190), (0.000000, 0.000000, 0.000000, 1.000000)
((0.280033, 0.518542, 0.807896, -0.198037), (-0.261137, 0.850979, -0.455679, -0.246595), (-0.923791, -0.083366, 0.373712, 0.116607), (0.000000, 0.000000, 0.000000, 1.000000)
((0.282197, 0.517036, 0.808108, -0.198803), (-0.261774, 0.851878, -0.453627, -0.245288), (-0.922951, -0.083530, 0.375744, 0.117393), (0.000000, 0.000000, 0.000000, 1.000000)
((0.281917, 0.517314, 0.808028, -0.199030), (-0.262017, 0.851686, -0.453848, -0.244899), (-0.922968, -0.083770, 0.375650, 0.117626), (0.000000, 0.000000, 0.000000, 1.000000)
((0.283163, 0.516172, 0.808322, -0.199408), (-0.264560, 0.852156, -0.451485, -0.244255), (-0.921860, -0.086006, 0.377858, 0.118011), (0.000000, 0.000000, 0.000000, 1.000000)
((0.288276, 0.509345, 0.810842, -0.199939), (-0.269304, 0.855737, -0.441802, -0.243351), (-0.918897, -0.091002, 0.383857, 0.118551), (0.000000, 0.000000, 0.000000, 1.000000)
((0.288529, 0.509202, 0.810842, -0.201052), (-0.272586, 0.855498, -0.440250, -0.241449), (-0.917850, -0.093999, 0.385637, 0.119684), (0.000000, 0.000000, 0.000000, 1.000000)
((0.290818, 0.507524, 0.811076, -0.201872), (-0.272986, 0.856493, -0.438062, -0.240064), (-0.917008, -0.094016, 0.387630, 0.120499), (0.000000, 0.000000, 0.000000, 1.000000)
((0.291591, 0.504200, 0.812869, -0.202424), (-0.276117, 0.857991, -0.433140, -0.239141), (-0.915824, -0.098147, 0.389401, 0.121033), (0.000000, 0.000000, 0.000000, 1.000000)
((0.298765, 0.495775, 0.815443, -0.205435), (-0.285172, 0.861808, -0.419482, -0.234148), (-0.910723, -0.107215, 0.398859, 0.123873), (0.000000, 0.000000, 0.000000, 1.000000)
((0.301655, 0.491599, 0.816906, -0.207681), (-0.286512, 0.863956, -0.414114, -0.230473), (-0.909349, -0.109134, 0.401466, 0.125866), (0.000000, 0.000000, 0.000000, 1.000000)
((0.300562, 0.492776, 0.816599, -0.208752), (-0.287466, 0.863177, -0.415077, -0.228723), (-0.909410, -0.109988, 0.401094, 0.126790), (0.000000, 0.000000, 0.000000, 1.000000)
((0.301899, 0.491455, 0.816902, -0.209129), (-0.289768, 0.863647, -0.412490, -0.228105), (-0.908235, -0.112182, 0.403143, 0.127116), (0.000000, 0.000000, 0.000000, 1.000000)
((0.303154, 0.488360, 0.818292, -0.209873), (-0.289833, 0.865273, -0.409024, -0.226881), (-0.907796, -0.113171, 0.403854, 0.127755), (0.000000, 0.000000, 0.000000, 1.000000)
((0.303154, 0.488360, 0.818292, -0.209876), (-0.289833, 0.865273, -0.409024, -0.226876), (-0.907796, -0.113171, 0.403854, 0.127758), (0.000000, 0.000000, 0.000000, 1.000000)
((0.306366, 0.485685, 0.818688, -0.211516), (-0.292957, 0.866409, -0.404366, -0.224141), (-0.905713, -0.115956, 0.407723, 0.129172), (0.000000, 0.000000, 0.000000, 1.000000)
((0.309747, 0.482925, 0.819048, -0.212454), (-0.294846, 0.867735, -0.400127, -0.222559), (-0.903948, -0.117555, 0.411167, 0.129974), (0.000000, 0.000000, 0.000000, 1.000000)
((0.309332, 0.483401, 0.818924, -0.212903), (-0.295102, 0.867443, -0.400572, -0.221803), (-0.904007, -0.117757, 0.410980, 0.130357), (0.000000, 0.000000, 0.000000, 1.000000)
((0.311320, 0.481954, 0.819024, -0.213890), (-0.295498, 0.868224, -0.398583, -0.220116), (-0.903195, -0.117933, 0.412712, 0.131207), (0.000000, 0.000000, 0.000000, 1.000000)
((0.311320, 0.481954, 0.819024, -0.213897), (-0.295498, 0.868224, -0.398583, -0.220103), (-0.903195, -0.117933, 0.412712, 0.131213), (0.000000, 0.000000, 0.000000, 1.000000)
((0.312761, 0.478526, 0.820483, -0.214644), (-0.296131, 0.869890, -0.394459, -0.218805), (-0.902489, -0.119599, 0.413774, 0.131859), (0.000000, 0.000000, 0.000000, 1.000000)
((0.310447, 0.481067, 0.819876, -0.215136), (-0.294168, 0.868773, -0.398371, -0.217949), (-0.903929, -0.117508, 0.411223, 0.132286), (0.000000, 0.000000, 0.000000, 1.000000)
((0.313370, 0.481172, 0.818702, -0.216020), (-0.293872, 0.868944, -0.398216, -0.216378), (-0.903016, -0.115805, 0.413704, 0.133059), (0.000000, 0.000000, 0.000000, 1.000000)
((0.314261, 0.480324, 0.818858, -0.216571), (-0.296219, 0.869107, -0.396116, -0.215372), (-0.901939, -0.118078, 0.415408, 0.133547), (0.000000, 0.000000, 0.000000, 1.000000)
((0.312887, 0.479313, 0.819976, -0.217038), (-0.296970, 0.869408, -0.394891, -0.214521), (-0.902170, -0.119952, 0.414368, 0.133960), (0.000000, 0.000000, 0.000000, 1.000000)
((0.315393, 0.477297, 0.820192, -0.217507), (-0.296687, 0.870574, -0.392528, -0.213636), (-0.901390, -0.119540, 0.416180, 0.134383), (0.000000, 0.000000, 0.000000, 1.000000)
((0.315526, 0.479744, 0.818712, -0.218092), (-0.296700, 0.869404, -0.395103, -0.212534), (-0.901339, -0.118247, 0.416660, 0.134909), (0.000000, 0.000000, 0.000000, 1.000000)
((0.315526, 0.479744, 0.818712, -0.218104), (-0.296700, 0.869404, -0.395103, -0.212510), (-0.901339, -0.118247, 0.416660, 0.134920), (0.000000, 0.000000, 0.000000, 1.000000)
((0.319478, 0.476178, 0.819261, -0.218807), (-0.298479, 0.871128, -0.389930, -0.211142), (-0.899357, -0.119958, 0.420436, 0.135564), (0.000000, 0.000000, 0.000000, 1.000000)
((0.318225, 0.475069, 0.820392, -0.219100), (-0.299020, 0.871503, -0.388678, -0.210572), (-0.899622, -0.121627, 0.419389, 0.135832), (0.000000, 0.000000, 0.000000, 1.000000)
((0.317668, 0.475732, 0.820224, -0.219531), (-0.299293, 0.871116, -0.389334, -0.209694), (-0.899728, -0.121808, 0.419109, 0.136235), (0.000000, 0.000000, 0.000000, 1.000000)
((0.320190, 0.473634, 0.820457, -0.220081), (-0.299199, 0.872282, -0.386787, -0.208575), (-0.898865, -0.121635, 0.421007, 0.136748), (0.000000, 0.000000, 0.000000, 1.000000)
((0.320475, 0.475890, 0.819038, -0.220417), (-0.299184, 0.871234, -0.389153, -0.207860), (-0.898768, -0.120330, 0.421588, 0.137069), (0.000000, 0.000000, 0.000000, 1.000000)
((0.322996, 0.473773, 0.819276, -0.220838), (-0.299087, 0.872410, -0.386586, -0.206961), (-0.897898, -0.120169, 0.423484, 0.137472), (0.000000, 0.000000, 0.000000, 1.000000)
((0.322564, 0.474312, 0.819134, -0.221171), (-0.299144, 0.872120, -0.387194, -0.206220), (-0.898034, -0.120144, 0.423202, 0.137794), (0.000000, 0.000000, 0.000000, 1.000000)
((0.322399, 0.474541, 0.819066, -0.221442), (-0.298967, 0.872025, -0.387545, -0.205613), (-0.898152, -0.119930, 0.423012, 0.138058), (0.000000, 0.000000, 0.000000, 1.000000)
((0.322297, 0.474622, 0.819059, -0.222047), (-0.299377, 0.871925, -0.387453, -0.204205), (-0.898052, -0.120333, 0.423110, 0.138652), (0.000000, 0.000000, 0.000000, 1.000000)
((0.321597, 0.475471, 0.818842, -0.222360), (-0.299668, 0.871440, -0.388319, -0.203432), (-0.898206, -0.120498, 0.422736, 0.138968), (0.000000, 0.000000, 0.000000, 1.000000)
((0.324076, 0.473445, 0.819039, -0.222614), (-0.299176, 0.872620, -0.386041, -0.202804), (-0.897479, -0.119930, 0.424439, 0.139223), (0.000000, 0.000000, 0.000000, 1.000000)
((0.323644, 0.473987, 0.818896, -0.222917), (-0.299233, 0.872330, -0.386653, -0.202019), (-0.897616, -0.119903, 0.424157, 0.139532), (0.000000, 0.000000, 0.000000, 1.000000)
((0.325111, 0.472376, 0.819246, -0.223258), (-0.301484, 0.872877, -0.383658, -0.201133), (-0.896331, -0.122258, 0.426196, 0.139879), (0.000000, 0.000000, 0.000000, 1.000000)
((0.323619, 0.476646, 0.817361, -0.223620), (-0.299057, 0.871090, -0.389572, -0.200145), (-0.897684, -0.118364, 0.424446, 0.140253), (0.000000, 0.000000, 0.000000, 1.000000)
((0.324416, 0.476394, 0.817192, -0.224123), (-0.297135, 0.871511, -0.390102, -0.198770), (-0.898034, -0.116261, 0.424286, 0.140773), (0.000000, 0.000000, 0.000000, 1.000000)
((0.322793, 0.480765, 0.815273, -0.224469), (-0.295132, 0.869562, -0.395927, -0.197778), (-0.899278, -0.112811, 0.422578, 0.141134), (0.000000, 0.000000, 0.000000, 1.000000)
((0.322793, 0.480765, 0.815273, -0.224492), (-0.295132, 0.869562, -0.395927, -0.197709), (-0.899278, -0.112811, 0.422578, 0.141159), (0.000000, 0.000000, 0.000000, 1.000000)
((0.320899, 0.485568, 0.813171, -0.225055), (-0.292178, 0.867456, -0.402682, -0.196006), (-0.900920, -0.108371, 0.420238, 0.141760), (0.000000, 0.000000, 0.000000, 1.000000)
((0.316465, 0.490529, 0.811931, -0.225493), (-0.288082, 0.865195, -0.410423, -0.194605), (-0.903802, -0.104018, 0.415116, 0.142239), (0.000000, 0.000000, 0.000000, 1.000000)
((0.315025, 0.494649, 0.809989, -0.225730), (-0.285675, 0.863284, -0.416089, -0.193818), (-0.905068, -0.100315, 0.413265, 0.142504), (0.000000, 0.000000, 0.000000, 1.000000)
