<PointSplatMark HeadPosAtStart="(0.920594, -0.426446, 2.21295)" BrushTip="0" BrushInterface="ForceTapeDraw" SuperSamplesPerWidth="20" Draw="0" Width="0.022" Pose="1" LayerIndex="0" Name="butt" RoomToVirtualScaleAtStart="1.03571" RoomToVirtualFrameAtStart="((0.871075, 0.293056, 0.394140, -0.044090), (-0.195367, 0.943008, -0.269384, 0.009615), (-0.450622, 0.157652, 0.878684, -0.002955), (0.000000, 0.000000, 0.000000, 1.000000)" ColorSwatch="0.170979"><SamplePoints Num="225">(-0.140952, -0.294473, -0.0263866)
(-0.140612, -0.294412, -0.0263511)
(-0.140489, -0.29439, -0.0263383)
(-0.140176, -0.294335, -0.0263057)
(-0.140011, -0.294306, -0.0262885)
(-0.139768, -0.294264, -0.0262631)
(-0.139501, -0.294219, -0.0262343)
(-0.13885, -0.294108, -0.0261643)
(-0.138261, -0.29401, -0.0261013)
(-0.138211, -0.294001, -0.026096)
(-0.138207, -0.294001, -0.0260956)
(-0.13753, -0.293892, -0.0260223)
(-0.136783, -0.293776, -0.0259427)
(-0.135581, -0.29359, -0.0258146)
(-0.134349, -0.293402, -0.0256825)
(-0.133001, -0.2932, -0.0255373)
(-0.132343, -0.293106, -0.0254662)
(-0.131758, -0.293022, -0.0254029)
(-0.131701, -0.293014, -0.0253966)
(-0.131362, -0.292967, -0.0253592)
(-0.130696, -0.292879, -0.0252854)
(-0.130222, -0.292817, -0.025233)
(-0.130144, -0.292807, -0.0252244)
(-0.130135, -0.292806, -0.0252234)
(-0.13008, -0.2928, -0.0252173)
(-0.129921, -0.292783, -0.0251998)
(-0.129701, -0.292762, -0.0251756)
(-0.129656, -0.292757, -0.0251707)
(-0.129449, -0.292739, -0.0251481)
(-0.127621, -0.292967, -0.0250411)
(-0.126746, -0.293087, -0.0249922)
(-0.12637, -0.293142, -0.0249721)
(-0.125931, -0.293207, -0.0249487)
(-0.125161, -0.293328, -0.0249083)
(-0.12436, -0.293457, -0.0248663)
(-0.122924, -0.293697, -0.0247912)
(-0.121859, -0.293884, -0.0247364)
(-0.121389, -0.293971, -0.0247126)
(-0.120612, -0.294117, -0.0246736)
(-0.119114, -0.294406, -0.0245998)
(-0.118028, -0.294615, -0.0245462)
(-0.114541, -0.295317, -0.0243731)
(-0.1138, -0.295472, -0.0243373)
(-0.112863, -0.295668, -0.024292)
(-0.111071, -0.296055, -0.0242076)
(-0.109755, -0.296343, -0.0241456)
(-0.109165, -0.296475, -0.0241178)
(-0.109083, -0.296493, -0.0241138)
(-0.109024, -0.296506, -0.024111)
(-0.108025, -0.296732, -0.0240604)
(-0.106779, -0.297015, -0.0239945)
(-0.106363, -0.297109, -0.0239718)
(-0.103956, -0.297652, -0.0238372)
(-0.103002, -0.297866, -0.023783)
(-0.10259, -0.297959, -0.0237593)
(-0.0998724, -0.298567, -0.0235971)
(-0.0981626, -0.298947, -0.0234901)
(-0.0963889, -0.299339, -0.0233746)
(-0.0949611, -0.299652, -0.0232766)
(-0.09366, -0.299935, -0.0231849)
(-0.0920788, -0.300275, -0.0230705)
(-0.0903613, -0.300641, -0.0229443)
(-0.0869026, -0.301368, -0.0226816)
(-0.0853542, -0.301679, -0.0225521)
(-0.0847807, -0.301794, -0.0225041)
(-0.0812389, -0.302495, -0.0222013)
(-0.0793135, -0.302866, -0.0220292)
(-0.0778817, -0.303137, -0.0218993)
(-0.0740569, -0.303831, -0.0215425)
(-0.0724841, -0.304103, -0.0213927)
(-0.0710035, -0.304353, -0.0212477)
(-0.0699351, -0.304527, -0.0211397)
(-0.0687283, -0.304719, -0.0210183)
(-0.0673492, -0.304933, -0.0208804)
(-0.0657554, -0.305174, -0.0207195)
(-0.0641791, -0.305409, -0.0205592)
(-0.0625103, -0.305653, -0.020391)
(-0.0609987, -0.30587, -0.02024)
(-0.0598167, -0.306038, -0.0201236)
(-0.0587243, -0.306191, -0.0200175)
(-0.0567138, -0.30647, -0.019826)
(-0.0541547, -0.306823, -0.019586)
(-0.051952, -0.307122, -0.0193835)
(-0.0482933, -0.30759, -0.019054)
(-0.0462383, -0.307852, -0.018869)
(-0.0442764, -0.308093, -0.0186936)
(-0.0424243, -0.308309, -0.0185297)
(-0.0409282, -0.308473, -0.0183977)
(-0.0396991, -0.3086, -0.0182896)
(-0.038196, -0.308745, -0.0181554)
(-0.036619, -0.308888, -0.018012)
(-0.0348852, -0.309035, -0.0178549)
(-0.0334092, -0.309152, -0.0177216)
(-0.0321751, -0.309244, -0.0176108)
(-0.0314209, -0.309296, -0.0175437)
(-0.0306916, -0.309341, -0.0174794)
(-0.029715, -0.309397, -0.0173941)
(-0.0282888, -0.30947, -0.017271)
(-0.0268329, -0.309537, -0.0171467)
(-0.0255203, -0.309581, -0.017032)
(-0.0246296, -0.309604, -0.0169545)
(-0.0232105, -0.309633, -0.0168312)
(-0.0218564, -0.309642, -0.0167165)
(-0.0207866, -0.30965, -0.0166258)
(-0.0192241, -0.309649, -0.0164924)
(-0.0177052, -0.309641, -0.0163622)
(-0.0165827, -0.309624, -0.0162656)
(-0.0151532, -0.309595, -0.0161422)
(-0.0137899, -0.309558, -0.0160243)
(-0.0137394, -0.309556, -0.0160199)
(-0.0136487, -0.309548, -0.0160119)
(-0.0128232, -0.309478, -0.0159388)
(-0.0125648, -0.309453, -0.0159158)
(-0.0123801, -0.309434, -0.0158993)
(-0.0121379, -0.309405, -0.0158775)
(-0.0120095, -0.309389, -0.0158659)
(-0.0119255, -0.309376, -0.0158581)
(-0.0107766, -0.30918, -0.0157484)
(-0.00979827, -0.309007, -0.0156543)
(-0.00920151, -0.308886, -0.0155936)
(-0.00861958, -0.308764, -0.0155338)
(-0.00798134, -0.308617, -0.0154655)
(-0.00731277, -0.308456, -0.0153925)
(-0.00614698, -0.308155, -0.0152624)
(-0.00302871, -0.307199, -0.0148907)
(-0.00219316, -0.306921, -0.0147874)
(0.00028082, -0.306029, -0.01447)
(0.00201427, -0.305404, -0.0142476)
(0.00347674, -0.304835, -0.0140523)
(0.00430225, -0.304515, -0.013942)
(0.0057057, -0.30395, -0.0137514)
(0.00854899, -0.30271, -0.013354)
(0.00894422, -0.302513, -0.0132956)
(0.00912314, -0.302417, -0.0132684)
(0.00966665, -0.302125, -0.0131857)
(0.0100837, -0.301892, -0.0131208)
(0.0106916, -0.301553, -0.0130263)
(0.0118704, -0.300887, -0.0128417)
(0.0118704, -0.300887, -0.0128417)
(0.0135924, -0.299875, -0.0125663)
(0.0142101, -0.299498, -0.012466)
(0.0151507, -0.298923, -0.0123134)
(0.0160379, -0.29838, -0.0121693)
(0.0169728, -0.297795, -0.0120168)
(0.0174309, -0.297506, -0.011942)
(0.0174309, -0.297506, -0.011942)
(0.0190827, -0.296426, -0.0116727)
(0.0211068, -0.295028, -0.0113496)
(0.0218931, -0.294463, -0.011226)
(0.0224865, -0.294038, -0.0111326)
(0.0234137, -0.293345, -0.0109889)
(0.023673, -0.293151, -0.0109486)
(0.0243644, -0.292615, -0.0108433)
(0.0248148, -0.292265, -0.0107748)
(0.0252251, -0.291936, -0.010712)
(0.0259917, -0.291321, -0.0105946)
(0.0272049, -0.290345, -0.0104089)
(0.0283376, -0.289412, -0.0102354)
(0.0295528, -0.28841, -0.0100493)
(0.0306775, -0.287467, -0.00987752)
(0.0321354, -0.286246, -0.00965487)
(0.0357994, -0.283141, -0.00910529)
(0.0374151, -0.281767, -0.00886691)
(0.0386363, -0.280728, -0.00869173)
(0.0393841, -0.280092, -0.00858525)
(0.0404893, -0.279154, -0.00843172)
(0.0409521, -0.278762, -0.0083677)
(0.0422501, -0.277664, -0.00819167)
(0.0427886, -0.277209, -0.00811975)
(0.0433539, -0.276734, -0.00804726)
(0.0439854, -0.276203, -0.00796628)
(0.0452105, -0.275175, -0.0078177)
(0.0460428, -0.274476, -0.00772283)
(0.0467635, -0.273872, -0.00764136)
(0.0499546, -0.271178, -0.00732574)
(0.0505438, -0.27068, -0.00726821)
(0.0513098, -0.27003, -0.00719476)
(0.0518103, -0.269604, -0.0071476)
(0.0523749, -0.269119, -0.00709605)
(0.0534927, -0.268157, -0.00699401)
(0.0543328, -0.267434, -0.00691746)
(0.055314, -0.26658, -0.00682999)
(0.0568917, -0.265207, -0.00668949)
(0.0582943, -0.263972, -0.00656692)
(0.0591404, -0.263226, -0.00649307)
(0.0596692, -0.262754, -0.00644749)
(0.0608598, -0.261678, -0.00634569)
(0.0620307, -0.260616, -0.00624584)
(0.0634014, -0.259347, -0.00612817)
(0.0635393, -0.259216, -0.00611602)
(0.0645587, -0.258248, -0.0060263)
(0.0660795, -0.256766, -0.00588794)
(0.0662354, -0.256609, -0.00587334)
(0.0663793, -0.256461, -0.00585926)
(0.0664634, -0.256374, -0.00585103)
(0.0668568, -0.255957, -0.00581072)
(0.0672736, -0.255516, -0.00576801)
(0.0676841, -0.255074, -0.00572529)
(0.0681917, -0.254519, -0.00567143)
(0.0686853, -0.253958, -0.00561626)
(0.0691854, -0.253389, -0.00556039)
(0.0700137, -0.2524, -0.00546007)
(0.0703266, -0.252004, -0.00541822)
(0.0707697, -0.251404, -0.00535109)
(0.0709754, -0.251125, -0.00531992)
(0.0713457, -0.250583, -0.00525672)
(0.0717317, -0.249962, -0.00518261)
(0.0718073, -0.24984, -0.0051681)
(0.0722467, -0.249078, -0.00507603)
(0.0729314, -0.247862, -0.0049286)
(0.0737443, -0.24626, -0.00473077)
(0.076539, -0.240384, -0.00399358)
(0.0774166, -0.238212, -0.00370905)
(0.0775785, -0.237762, -0.00364738)
(0.0796632, -0.231933, -0.0028444)
(0.0804131, -0.229609, -0.00250433)
(0.081112, -0.227395, -0.00217605)
(0.0821466, -0.223415, -0.00151295)
(0.0829972, -0.21976, -0.000867893)
(0.0831507, -0.219101, -0.000751485)
(0.0843137, -0.213649, 0.000250241)
(0.0846696, -0.211743, 0.000621778)
(0.0846965, -0.211583, 0.000654412)
(0.085312, -0.207929, 0.00140216)
(0.0853343, -0.207784, 0.00143346)
</SamplePoints>
<SampleFrames Num="225">((-0.424304, 0.603257, 0.675313, -0.140952), (-0.454535, 0.503123, -0.735027, -0.294473), (-0.783176, -0.618828, 0.060724, -0.026387), (0.000000, 0.000000, 0.000000, 1.000000)
((0.424406, 0.449044, 0.786282, -0.140612), (-0.454874, 0.856573, -0.243663, -0.294412), (-0.782923, -0.254247, 0.567793, -0.026351), (0.000000, 0.000000, 0.000000, 1.000000)
((0.424518, 0.448759, 0.786384, -0.140489), (-0.455029, 0.856622, -0.243201, -0.294390), (-0.782773, -0.254584, 0.567850, -0.026338), (0.000000, 0.000000, 0.000000, 1.000000)
((0.424749, 0.448255, 0.786546, -0.140176), (-0.455154, 0.856760, -0.242479, -0.294335), (-0.782574, -0.255007, 0.567934, -0.026306), (0.000000, 0.000000, 0.000000, 1.000000)
((0.424438, 0.448861, 0.786369, -0.140011), (-0.457039, 0.855926, -0.241880, -0.294306), (-0.781644, -0.256738, 0.568435, -0.026289), (0.000000, 0.000000, 0.000000, 1.000000)
((0.424679, 0.448421, 0.786490, -0.139768), (-0.456981, 0.856105, -0.241358, -0.294264), (-0.781548, -0.256911, 0.568489, -0.026263), (0.000000, 0.000000, 0.000000, 1.000000)
((0.424780, 0.448072, 0.786635, -0.139501), (-0.457320, 0.856110, -0.240694, -0.294219), (-0.781294, -0.257502, 0.568571, -0.026234), (0.000000, 0.000000, 0.000000, 1.000000)
((0.424423, 0.450999, 0.785153, -0.138850), (-0.454619, 0.856048, -0.245973, -0.294108), (-0.783063, -0.252549, 0.568359, -0.026164), (0.000000, 0.000000, 0.000000, 1.000000)
((0.422297, 0.454011, 0.784563, -0.138261), (-0.455633, 0.854555, -0.249267, -0.294010), (-0.783622, -0.252208, 0.567739, -0.026101), (0.000000, 0.000000, 0.000000, 1.000000)
((0.422538, 0.453574, 0.784686, -0.138211), (-0.455574, 0.854738, -0.248748, -0.294001), (-0.783527, -0.252377, 0.567796, -0.026096), (0.000000, 0.000000, 0.000000, 1.000000)
((0.422538, 0.453574, 0.784686, -0.138207), (-0.455574, 0.854738, -0.248748, -0.294001), (-0.783527, -0.252377, 0.567796, -0.026096), (0.000000, 0.000000, 0.000000, 1.000000)
((0.423131, 0.452412, 0.785037, -0.137530), (-0.455611, 0.855153, -0.247247, -0.293892), (-0.783185, -0.253054, 0.567966, -0.026022), (0.000000, 0.000000, 0.000000, 1.000000)
((0.420672, 0.458701, 0.782706, -0.136783), (-0.453007, 0.853708, -0.256840, -0.293776), (-0.786015, -0.246526, 0.566926, -0.025943), (0.000000, 0.000000, 0.000000, 1.000000)
((0.418910, 0.461110, 0.782236, -0.135581), (-0.453748, 0.852499, -0.259534, -0.293590), (-0.786529, -0.246217, 0.566348, -0.025815), (0.000000, 0.000000, 0.000000, 1.000000)
((0.419110, 0.462925, 0.781055, -0.134349), (-0.451091, 0.852737, -0.263357, -0.293402), (-0.787949, -0.241952, 0.566212, -0.025683), (0.000000, 0.000000, 0.000000, 1.000000)
((0.419809, 0.461410, 0.781576, -0.133001), (-0.451468, 0.853201, -0.261198, -0.293200), (-0.787361, -0.243203, 0.566494, -0.025537), (0.000000, 0.000000, 0.000000, 1.000000)
((0.419095, 0.464924, 0.779875, -0.132343), (-0.450837, 0.852135, -0.265728, -0.293106), (-0.788103, -0.240231, 0.566730, -0.025466), (0.000000, 0.000000, 0.000000, 1.000000)
((0.417509, 0.467030, 0.779467, -0.131758), (-0.449550, 0.851638, -0.269478, -0.293022), (-0.789678, -0.237900, 0.565520, -0.025403), (0.000000, 0.000000, 0.000000, 1.000000)
((0.417631, 0.466811, 0.779533, -0.131701), (-0.449520, 0.851735, -0.269220, -0.293014), (-0.789631, -0.237981, 0.565552, -0.025397), (0.000000, 0.000000, 0.000000, 1.000000)
((0.415922, 0.469126, 0.779057, -0.131362), (-0.448258, 0.851129, -0.273211, -0.292967), (-0.791248, -0.235584, 0.564293, -0.025359), (0.000000, 0.000000, 0.000000, 1.000000)
((0.411830, 0.474962, 0.777693, -0.130696), (-0.447697, 0.848786, -0.281302, -0.292879), (-0.793703, -0.232322, 0.562194, -0.025285), (0.000000, 0.000000, 0.000000, 1.000000)
((0.411260, 0.478212, 0.776002, -0.130222), (-0.445048, 0.848303, -0.286904, -0.292817), (-0.795486, -0.227366, 0.561700, -0.025233), (0.000000, 0.000000, 0.000000, 1.000000)
((0.411374, 0.477926, 0.776118, -0.130144), (-0.445203, 0.848377, -0.286446, -0.292807), (-0.795340, -0.227693, 0.561774, -0.025224), (0.000000, 0.000000, 0.000000, 1.000000)
((0.411374, 0.477926, 0.776118, -0.130135), (-0.445203, 0.848377, -0.286446, -0.292806), (-0.795340, -0.227693, 0.561774, -0.025223), (0.000000, 0.000000, 0.000000, 1.000000)
((0.404809, 0.487480, 0.773623, -0.130080), (-0.442997, 0.844679, -0.300450, -0.292800), (-0.799927, -0.221088, 0.557886, -0.025217), (0.000000, 0.000000, 0.000000, 1.000000)
((0.404201, 0.490763, 0.771864, -0.129921), (-0.440358, 0.844047, -0.306056, -0.292783), (-0.801690, -0.216188, 0.557276, -0.025200), (0.000000, 0.000000, 0.000000, 1.000000)
((0.404316, 0.490478, 0.771984, -0.129701), (-0.440513, 0.844130, -0.305603, -0.292762), (-0.801546, -0.216509, 0.557357, -0.025176), (0.000000, 0.000000, 0.000000, 1.000000)
((0.404449, 0.490332, 0.772007, -0.129656), (-0.440296, 0.844260, -0.305555, -0.292757), (-0.801599, -0.216330, 0.557351, -0.025171), (0.000000, 0.000000, 0.000000, 1.000000)
((0.403965, 0.493560, 0.770202, -0.129449), (-0.437257, 0.843727, -0.311338, -0.292739), (-0.803504, -0.211006, 0.556649, -0.025148), (0.000000, 0.000000, 0.000000, 1.000000)
((0.399914, 0.521697, 0.753592, -0.127621), (-0.400301, 0.839057, -0.368432, -0.292967), (-0.824517, -0.154322, 0.544387, -0.025041), (0.000000, 0.000000, 0.000000, 1.000000)
((0.399361, 0.525002, 0.751588, -0.126746), (-0.399107, 0.837600, -0.373016, -0.293087), (-0.825363, -0.150996, 0.544036, -0.024992), (0.000000, 0.000000, 0.000000, 1.000000)
((0.399748, 0.524353, 0.751835, -0.126370), (-0.399010, 0.837974, -0.372278, -0.293142), (-0.825223, -0.151172, 0.544201, -0.024972), (0.000000, 0.000000, 0.000000, 1.000000)
((0.401130, 0.524931, 0.750695, -0.125931), (-0.397597, 0.838069, -0.373574, -0.293207), (-0.825234, -0.148622, 0.544885, -0.024949), (0.000000, 0.000000, 0.000000, 1.000000)
((0.400951, 0.527489, 0.748995, -0.125161), (-0.394668, 0.837289, -0.378398, -0.293328), (-0.826726, -0.143886, 0.543895, -0.024908), (0.000000, 0.000000, 0.000000, 1.000000)
((0.396919, 0.532892, 0.747316, -0.124360), (-0.393875, 0.834312, -0.385729, -0.293457), (-0.829046, -0.141246, 0.541047, -0.024866), (0.000000, 0.000000, 0.000000, 1.000000)
((0.393739, 0.541722, 0.742635, -0.122924), (-0.387385, 0.830438, -0.400382, -0.293697), (-0.833608, -0.130039, 0.536831, -0.024791), (0.000000, 0.000000, 0.000000, 1.000000)
((0.393387, 0.544648, 0.740679, -0.121859), (-0.386138, 0.829013, -0.404518, -0.293884), (-0.834353, -0.126872, 0.536432, -0.024736), (0.000000, 0.000000, 0.000000, 1.000000)
((0.393918, 0.543945, 0.740913, -0.121389), (-0.385623, 0.829518, -0.403973, -0.293971), (-0.834340, -0.126581, 0.536520, -0.024713), (0.000000, 0.000000, 0.000000, 1.000000)
((0.391426, 0.549669, 0.738004, -0.120612), (-0.381174, 0.826806, -0.413640, -0.294117), (-0.837551, -0.119398, 0.533153, -0.024674), (0.000000, 0.000000, 0.000000, 1.000000)
((0.384656, 0.560762, 0.733203, -0.119114), (-0.376162, 0.820597, -0.430258, -0.294406), (-0.842936, -0.110301, 0.526585, -0.024600), (0.000000, 0.000000, 0.000000, 1.000000)
((0.383180, 0.562211, 0.732866, -0.118028), (-0.375178, 0.819759, -0.432708, -0.294615), (-0.844047, -0.109150, 0.525044, -0.024546), (0.000000, 0.000000, 0.000000, 1.000000)
((0.378812, 0.571595, 0.727860, -0.114541), (-0.369658, 0.814463, -0.447218, -0.295317), (-0.848442, -0.099648, 0.519823, -0.024373), (0.000000, 0.000000, 0.000000, 1.000000)
((0.379614, 0.570273, 0.728479, -0.113800), (-0.369646, 0.815332, -0.445640, -0.295472), (-0.848089, -0.100108, 0.520311, -0.024337), (0.000000, 0.000000, 0.000000, 1.000000)
((0.375735, 0.575102, 0.726691, -0.112863), (-0.368388, 0.812220, -0.452315, -0.295668), (-0.850361, -0.097754, 0.517040, -0.024292), (0.000000, 0.000000, 0.000000, 1.000000)
((0.375924, 0.576572, 0.725428, -0.111071), (-0.366339, 0.811547, -0.455179, -0.296055), (-0.851162, -0.094640, 0.516301, -0.024208), (0.000000, 0.000000, 0.000000, 1.000000)
((0.374559, 0.577529, 0.725373, -0.109755), (-0.365891, 0.810900, -0.456690, -0.296343), (-0.851956, -0.094350, 0.515042, -0.024146), (0.000000, 0.000000, 0.000000, 1.000000)
((0.374819, 0.576721, 0.725881, -0.109165), (-0.366784, 0.811326, -0.455214, -0.296475), (-0.851458, -0.095619, 0.515632, -0.024118), (0.000000, 0.000000, 0.000000, 1.000000)
((0.376973, 0.573811, 0.727071, -0.109083), (-0.368758, 0.813068, -0.450487, -0.296493), (-0.849652, -0.098292, 0.518102, -0.024114), (0.000000, 0.000000, 0.000000, 1.000000)
((0.376970, 0.573732, 0.727135, -0.109024), (-0.368950, 0.813095, -0.450281, -0.296506), (-0.849570, -0.098534, 0.518191, -0.024111), (0.000000, 0.000000, 0.000000, 1.000000)
((0.373459, 0.577828, 0.725702, -0.108025), (-0.365947, 0.810628, -0.457127, -0.296732), (-0.852415, -0.094850, 0.514191, -0.024060), (0.000000, 0.000000, 0.000000, 1.000000)
((0.367246, 0.585124, 0.723022, -0.106779), (-0.363877, 0.805767, -0.467262, -0.297015), (-0.855993, -0.091491, 0.508828, -0.023995), (0.000000, 0.000000, 0.000000, 1.000000)
((0.368641, 0.585744, 0.721808, -0.106363), (-0.362724, 0.805582, -0.468476, -0.297109), (-0.855883, -0.089118, 0.509434, -0.023972), (0.000000, 0.000000, 0.000000, 1.000000)
((0.361160, 0.593760, 0.719036, -0.103956), (-0.359763, 0.800106, -0.480002, -0.297652), (-0.860310, -0.085325, 0.502579, -0.023837), (0.000000, 0.000000, 0.000000, 1.000000)
((0.359794, 0.595109, 0.718605, -0.103002), (-0.358135, 0.799272, -0.482601, -0.297866), (-0.861561, -0.083721, 0.500703, -0.023783), (0.000000, 0.000000, 0.000000, 1.000000)
((0.361306, 0.595593, 0.717445, -0.102590), (-0.356970, 0.799156, -0.483655, -0.297959), (-0.861412, -0.081359, 0.501348, -0.023759), (0.000000, 0.000000, 0.000000, 1.000000)
((0.353918, 0.603188, 0.714777, -0.099872), (-0.353940, 0.793782, -0.494608, -0.298567), (-0.865719, -0.077938, 0.494426, -0.023597), (0.000000, 0.000000, 0.000000, 1.000000)
((0.351830, 0.607105, 0.712488, -0.098163), (-0.350701, 0.791205, -0.501002, -0.298947), (-0.867885, -0.073603, 0.491282, -0.023490), (0.000000, 0.000000, 0.000000, 1.000000)
((0.348797, 0.609916, 0.711578, -0.096389), (-0.347869, 0.789275, -0.505997, -0.299339), (-0.870246, -0.071046, 0.487468, -0.023375), (0.000000, 0.000000, 0.000000, 1.000000)
((0.345227, 0.613521, 0.710218, -0.094961), (-0.346826, 0.786574, -0.510894, -0.299652), (-0.872084, -0.069948, 0.484332, -0.023277), (0.000000, 0.000000, 0.000000, 1.000000)
((0.341910, 0.616623, 0.709136, -0.093660), (-0.344039, 0.784360, -0.516155, -0.299935), (-0.874491, -0.067492, 0.480323, -0.023185), (0.000000, 0.000000, 0.000000, 1.000000)
((0.338047, 0.620254, 0.707820, -0.092079), (-0.343631, 0.781517, -0.520719, -0.300275), (-0.876152, -0.067201, 0.477328, -0.023070), (0.000000, 0.000000, 0.000000, 1.000000)
((0.335898, 0.624214, 0.705358, -0.090361), (-0.340002, 0.778731, -0.527234, -0.300641), (-0.878391, -0.062726, 0.473808, -0.022944), (0.000000, 0.000000, 0.000000, 1.000000)
((0.332756, 0.628409, 0.703119, -0.086903), (-0.335562, 0.775711, -0.534481, -0.301368), (-0.881290, -0.058088, 0.468993, -0.022682), (0.000000, 0.000000, 0.000000, 1.000000)
((0.329553, 0.631000, 0.702306, -0.085354), (-0.333083, 0.773734, -0.538879, -0.301679), (-0.883431, -0.056337, 0.465162, -0.022552), (0.000000, 0.000000, 0.000000, 1.000000)
((0.329976, 0.630294, 0.702742, -0.084781), (-0.333357, 0.774279, -0.537927, -0.301794), (-0.883170, -0.056761, 0.465606, -0.022504), (0.000000, 0.000000, 0.000000, 1.000000)
((0.323013, 0.635974, 0.700856, -0.081239), (-0.330567, 0.769728, -0.546117, -0.302495), (-0.886785, -0.055277, 0.458864, -0.022201), (0.000000, 0.000000, 0.000000, 1.000000)
((0.323322, 0.637199, 0.699601, -0.079313), (-0.328537, 0.768909, -0.548491, -0.302866), (-0.887427, -0.052505, 0.457949, -0.022029), (0.000000, 0.000000, 0.000000, 1.000000)
((0.322213, 0.637655, 0.699697, -0.077882), (-0.327534, 0.768559, -0.549580, -0.303137), (-0.888201, -0.052092, 0.456493, -0.021899), (0.000000, 0.000000, 0.000000, 1.000000)
((0.316190, 0.644371, 0.696283, -0.074057), (-0.323997, 0.763154, -0.559126, -0.303831), (-0.891656, -0.048803, 0.450076, -0.021542), (0.000000, 0.000000, 0.000000, 1.000000)
((0.315078, 0.644630, 0.696548, -0.072484), (-0.323367, 0.762932, -0.559793, -0.304103), (-0.892278, -0.048862, 0.448835, -0.021393), (0.000000, 0.000000, 0.000000, 1.000000)
((0.314638, 0.646826, 0.694708, -0.071003), (-0.321359, 0.761247, -0.563233, -0.304353), (-0.893158, -0.046036, 0.447381, -0.021248), (0.000000, 0.000000, 0.000000, 1.000000)
((0.313238, 0.647670, 0.694554, -0.069935), (-0.320224, 0.760561, -0.564804, -0.304527), (-0.894058, -0.045495, 0.445636, -0.021140), (0.000000, 0.000000, 0.000000, 1.000000)
((0.314240, 0.646051, 0.695609, -0.068728), (-0.320921, 0.761881, -0.562626, -0.304719), (-0.893456, -0.046436, 0.446744, -0.021018), (0.000000, 0.000000, 0.000000, 1.000000)
((0.310296, 0.649403, 0.694256, -0.067349), (-0.320048, 0.759035, -0.566952, -0.304933), (-0.895146, -0.046272, 0.443366, -0.020880), (0.000000, 0.000000, 0.000000, 1.000000)
((0.312244, 0.649243, 0.693533, -0.065755), (-0.319695, 0.759265, -0.566844, -0.305174), (-0.894594, -0.044725, 0.444636, -0.020720), (0.000000, 0.000000, 0.000000, 1.000000)
((0.308863, 0.651825, 0.692624, -0.064179), (-0.316987, 0.757142, -0.571188, -0.305409), (-0.896729, -0.043134, 0.440473, -0.020559), (0.000000, 0.000000, 0.000000, 1.000000)
((0.307892, 0.651964, 0.692926, -0.062510), (-0.316108, 0.757031, -0.571821, -0.305653), (-0.897373, -0.042980, 0.439175, -0.020391), (0.000000, 0.000000, 0.000000, 1.000000)
((0.307559, 0.654079, 0.691077, -0.060999), (-0.313895, 0.755367, -0.575230, -0.305870), (-0.898264, -0.040008, 0.437632, -0.020240), (0.000000, 0.000000, 0.000000, 1.000000)
((0.310978, 0.650387, 0.693029, -0.059817), (-0.315657, 0.758471, -0.570160, -0.306038), (-0.896467, -0.041452, 0.441167, -0.020124), (0.000000, 0.000000, 0.000000, 1.000000)
((0.311693, 0.649341, 0.693688, -0.058724), (-0.317717, 0.759260, -0.567962, -0.306191), (-0.895491, -0.043367, 0.442962, -0.020018), (0.000000, 0.000000, 0.000000, 1.000000)
((0.313122, 0.647128, 0.695112, -0.056714), (-0.318489, 0.761085, -0.565079, -0.306470), (-0.894717, -0.044447, 0.444416, -0.019826), (0.000000, 0.000000, 0.000000, 1.000000)
((0.313649, 0.647892, 0.694161, -0.054155), (-0.316817, 0.760564, -0.566718, -0.306823), (-0.895126, -0.042172, 0.443813, -0.019586), (0.000000, 0.000000, 0.000000, 1.000000)
((0.315999, 0.646961, 0.693964, -0.051952), (-0.316946, 0.761407, -0.565513, -0.307122), (-0.894254, -0.041248, 0.445655, -0.019383), (0.000000, 0.000000, 0.000000, 1.000000)
((0.319039, 0.644307, 0.695041, -0.048293), (-0.318815, 0.763588, -0.561508, -0.307590), (-0.892508, -0.042447, 0.449029, -0.019054), (0.000000, 0.000000, 0.000000, 1.000000)
((0.320160, 0.642072, 0.696593, -0.046238), (-0.320439, 0.765351, -0.558172, -0.307852), (-0.891525, -0.044511, 0.450780, -0.018869), (0.000000, 0.000000, 0.000000, 1.000000)
((0.322203, 0.641365, 0.696302, -0.044276), (-0.320840, 0.765979, -0.557080, -0.308093), (-0.890644, -0.043909, 0.452576, -0.018694), (0.000000, 0.000000, 0.000000, 1.000000)
((0.323466, 0.639190, 0.697715, -0.042424), (-0.321848, 0.767712, -0.554104, -0.308309), (-0.889822, -0.045324, 0.454051, -0.018530), (0.000000, 0.000000, 0.000000, 1.000000)
((0.324444, 0.637447, 0.698855, -0.040928), (-0.322739, 0.769086, -0.551675, -0.308473), (-0.889143, -0.046560, 0.455255, -0.018398), (0.000000, 0.000000, 0.000000, 1.000000)
((0.326205, 0.637406, 0.698072, -0.039699), (-0.322446, 0.769206, -0.551680, -0.308600), (-0.888605, -0.045130, 0.456448, -0.018290), (0.000000, 0.000000, 0.000000, 1.000000)
((0.327175, 0.635569, 0.699291, -0.038196), (-0.323532, 0.770636, -0.549043, -0.308745), (-0.887853, -0.046610, 0.457760, -0.018155), (0.000000, 0.000000, 0.000000, 1.000000)
((0.325902, 0.636136, 0.699370, -0.036619), (-0.322757, 0.770178, -0.550139, -0.308888), (-0.888603, -0.046435, 0.456320, -0.018012), (0.000000, 0.000000, 0.000000, 1.000000)
((0.327651, 0.636008, 0.698669, -0.034885), (-0.322664, 0.770355, -0.549947, -0.309035), (-0.887994, -0.045245, 0.457625, -0.017855), (0.000000, 0.000000, 0.000000, 1.000000)
((0.328768, 0.634155, 0.699828, -0.033409), (-0.323327, 0.771820, -0.547497, -0.309152), (-0.887340, -0.046274, 0.458789, -0.017722), (0.000000, 0.000000, 0.000000, 1.000000)
((0.330520, 0.634182, 0.698978, -0.032175), (-0.322848, 0.771894, -0.547676, -0.309244), (-0.886863, -0.044645, 0.459871, -0.017611), (0.000000, 0.000000, 0.000000, 1.000000)
((0.328240, 0.636134, 0.698278, -0.031421), (-0.323772, 0.770223, -0.549480, -0.309296), (-0.887373, -0.045721, 0.458781, -0.017544), (0.000000, 0.000000, 0.000000, 1.000000)
((0.328506, 0.635440, 0.698784, -0.030692), (-0.324467, 0.770743, -0.548340, -0.309341), (-0.887020, -0.046600, 0.459373, -0.017479), (0.000000, 0.000000, 0.000000, 1.000000)
((0.329491, 0.633735, 0.699868, -0.029715), (-0.323548, 0.772166, -0.546878, -0.309397), (-0.886991, -0.046249, 0.459465, -0.017394), (0.000000, 0.000000, 0.000000, 1.000000)
((0.328694, 0.636308, 0.697906, -0.028289), (-0.321880, 0.770199, -0.550624, -0.309470), (-0.887893, -0.043655, 0.457974, -0.017271), (0.000000, 0.000000, 0.000000, 1.000000)
((0.329661, 0.634546, 0.699053, -0.026833), (-0.322772, 0.771578, -0.548165, -0.309537), (-0.887210, -0.044926, 0.459173, -0.017147), (0.000000, 0.000000, 0.000000, 1.000000)
((0.333641, 0.632123, 0.699360, -0.025520), (-0.324151, 0.773560, -0.544547, -0.309581), (-0.885217, -0.045015, 0.462994, -0.017032), (0.000000, 0.000000, 0.000000, 1.000000)
((0.331947, 0.633522, 0.698900, -0.024630), (-0.322927, 0.772463, -0.546827, -0.309604), (-0.886301, -0.044176, 0.460998, -0.016954), (0.000000, 0.000000, 0.000000, 1.000000)
((0.333386, 0.633741, 0.698015, -0.023210), (-0.322921, 0.772346, -0.546995, -0.309633), (-0.885763, -0.043043, 0.462138, -0.016831), (0.000000, 0.000000, 0.000000, 1.000000)
((0.331957, 0.634526, 0.697984, -0.021856), (-0.322203, 0.771712, -0.548312, -0.309642), (-0.886561, -0.042876, 0.460621, -0.016716), (0.000000, 0.000000, 0.000000, 1.000000)
((0.333248, 0.634933, 0.696998, -0.020787), (-0.322240, 0.771438, -0.548676, -0.309650), (-0.886063, -0.041755, 0.461681, -0.016626), (0.000000, 0.000000, 0.000000, 1.000000)
((0.331674, 0.635898, 0.696869, -0.019224), (-0.321562, 0.770651, -0.550178, -0.309649), (-0.886899, -0.041607, 0.460085, -0.016492), (0.000000, 0.000000, 0.000000, 1.000000)
((0.336218, 0.632728, 0.697576, -0.017705), (-0.321205, 0.773326, -0.546621, -0.309641), (-0.885316, -0.040281, 0.463242, -0.016362), (0.000000, 0.000000, 0.000000, 1.000000)
((0.334508, 0.633978, 0.697263, -0.016583), (-0.320375, 0.772321, -0.548526, -0.309624), (-0.886264, -0.039899, 0.461458, -0.016266), (0.000000, 0.000000, 0.000000, 1.000000)
((0.333953, 0.636241, 0.695466, -0.015153), (-0.318671, 0.770588, -0.551945, -0.309595), (-0.887087, -0.037301, 0.460092, -0.016142), (0.000000, 0.000000, 0.000000, 1.000000)
((0.335370, 0.636562, 0.694489, -0.013790), (-0.318497, 0.770387, -0.552326, -0.309558), (-0.886615, -0.035959, 0.461108, -0.016024), (0.000000, 0.000000, 0.000000, 1.000000)
((0.334051, 0.635138, 0.696427, -0.013739), (-0.319169, 0.771444, -0.550459, -0.309556), (-0.886872, -0.038396, 0.460418, -0.016020), (0.000000, 0.000000, 0.000000, 1.000000)
((0.334051, 0.635138, 0.696427, -0.013649), (-0.319169, 0.771444, -0.550459, -0.309548), (-0.886872, -0.038396, 0.460418, -0.016012), (0.000000, 0.000000, 0.000000, 1.000000)
((0.334172, 0.634618, 0.696842, -0.012823), (-0.319902, 0.771826, -0.549497, -0.309478), (-0.886562, -0.039295, 0.460938, -0.015939), (0.000000, 0.000000, 0.000000, 1.000000)
((0.336860, 0.631592, 0.698295, -0.012565), (-0.320043, 0.774290, -0.545938, -0.309453), (-0.885493, -0.039580, 0.462964, -0.015916), (0.000000, 0.000000, 0.000000, 1.000000)
((0.335317, 0.635407, 0.695572, -0.012380), (-0.318038, 0.771321, -0.551286, -0.309434), (-0.886800, -0.036363, 0.460721, -0.015899), (0.000000, 0.000000, 0.000000, 1.000000)
((0.335317, 0.635407, 0.695572, -0.012138), (-0.318038, 0.771321, -0.551286, -0.309405), (-0.886800, -0.036363, 0.460721, -0.015877), (0.000000, 0.000000, 0.000000, 1.000000)
((0.334594, 0.633744, 0.697435, -0.012010), (-0.318974, 0.772571, -0.548990, -0.309389), (-0.886737, -0.038775, 0.460645, -0.015866), (0.000000, 0.000000, 0.000000, 1.000000)
((0.337300, 0.630970, 0.698646, -0.011926), (-0.318536, 0.774858, -0.546013, -0.309376), (-0.885869, -0.038374, 0.462346, -0.015858), (0.000000, 0.000000, 0.000000, 1.000000)
((0.335891, 0.634526, 0.696099, -0.010777), (-0.316692, 0.772092, -0.550982, -0.309180), (-0.887065, -0.035379, 0.460288, -0.015748), (0.000000, 0.000000, 0.000000, 1.000000)
((0.336155, 0.633822, 0.696613, -0.009798), (-0.317389, 0.772628, -0.549828, -0.309007), (-0.886715, -0.036270, 0.460891, -0.015654), (0.000000, 0.000000, 0.000000, 1.000000)
((0.336880, 0.632844, 0.697152, -0.009202), (-0.315810, 0.773486, -0.549530, -0.308886), (-0.887004, -0.035042, 0.460430, -0.015594), (0.000000, 0.000000, 0.000000, 1.000000)
((0.337860, 0.633894, 0.695722, -0.008620), (-0.315392, 0.772702, -0.550871, -0.308764), (-0.886780, -0.033308, 0.460990, -0.015534), (0.000000, 0.000000, 0.000000, 1.000000)
((0.338134, 0.633358, 0.696077, -0.007981), (-0.315704, 0.773123, -0.550102, -0.308617), (-0.886564, -0.033746, 0.461373, -0.015465), (0.000000, 0.000000, 0.000000, 1.000000)
((0.336143, 0.635072, 0.695480, -0.007313), (-0.314758, 0.771741, -0.552578, -0.308456), (-0.887657, -0.033162, 0.459309, -0.015393), (0.000000, 0.000000, 0.000000, 1.000000)
((0.334848, 0.638455, 0.693002, -0.006147), (-0.312900, 0.769066, -0.557343, -0.308155), (-0.888803, -0.030215, 0.457293, -0.015262), (0.000000, 0.000000, 0.000000, 1.000000)
((0.336965, 0.635077, 0.695077, -0.003029), (-0.312306, 0.771848, -0.553819, -0.307199), (-0.888211, -0.030459, 0.458424, -0.014891), (0.000000, 0.000000, 0.000000, 1.000000)
((0.335947, 0.638198, 0.692707, -0.002193), (-0.310193, 0.769388, -0.558410, -0.306921), (-0.889337, -0.027277, 0.456438, -0.014787), (0.000000, 0.000000, 0.000000, 1.000000)
((0.338327, 0.637240, 0.692431, 0.000281), (-0.308440, 0.770269, -0.558167, -0.306029), (-0.889044, -0.024730, 0.457153, -0.014470), (0.000000, 0.000000, 0.000000, 1.000000)
((0.337414, 0.639858, 0.690459, 0.002014), (-0.307082, 0.768164, -0.561804, -0.305404), (-0.889861, -0.022467, 0.455678, -0.014248), (0.000000, 0.000000, 0.000000, 1.000000)
((0.337962, 0.638701, 0.691262, 0.003477), (-0.307899, 0.769095, -0.560082, -0.304835), (-0.889370, -0.023552, 0.456580, -0.014052), (0.000000, 0.000000, 0.000000, 1.000000)
((0.338976, 0.637476, 0.691895, 0.004302), (-0.306074, 0.770154, -0.559627, -0.304515), (-0.889615, -0.022071, 0.456178, -0.013942), (0.000000, 0.000000, 0.000000, 1.000000)
((0.339681, 0.636389, 0.692550, 0.005706), (-0.306274, 0.771041, -0.558294, -0.303950), (-0.889277, -0.022468, 0.456817, -0.013751), (0.000000, 0.000000, 0.000000, 1.000000)
((0.344152, 0.633081, 0.693374, 0.008549), (-0.307780, 0.773748, -0.553702, -0.302710), (-0.887035, -0.022849, 0.461137, -0.013354), (0.000000, 0.000000, 0.000000, 1.000000)
((0.346129, 0.630958, 0.694325, 0.008944), (-0.309484, 0.775434, -0.550383, -0.302513), (-0.885672, -0.024379, 0.463671, -0.013296), (0.000000, 0.000000, 0.000000, 1.000000)
((0.346129, 0.630958, 0.694325, 0.009123), (-0.309484, 0.775434, -0.550383, -0.302417), (-0.885672, -0.024379, 0.463671, -0.013268), (0.000000, 0.000000, 0.000000, 1.000000)
((0.345590, 0.628993, 0.696373, 0.009667), (-0.310532, 0.776943, -0.547659, -0.302125), (-0.885515, -0.026981, 0.463826, -0.013186), (0.000000, 0.000000, 0.000000, 1.000000)
((0.345585, 0.628907, 0.696453, 0.010084), (-0.310726, 0.777004, -0.547461, -0.301892), (-0.885449, -0.027212, 0.463939, -0.013121), (0.000000, 0.000000, 0.000000, 1.000000)
((0.348791, 0.627534, 0.696094, 0.010692), (-0.311775, 0.778127, -0.545266, -0.301553), (-0.883822, -0.026841, 0.467053, -0.013026), (0.000000, 0.000000, 0.000000, 1.000000)
((0.352193, 0.623536, 0.697971, 0.011870), (-0.311556, 0.781329, -0.540794, -0.300887), (-0.882549, -0.026993, 0.469445, -0.012842), (0.000000, 0.000000, 0.000000, 1.000000)
((0.352193, 0.623536, 0.697971, 0.011870), (-0.311556, 0.781329, -0.540794, -0.300887), (-0.882549, -0.026993, 0.469445, -0.012842), (0.000000, 0.000000, 0.000000, 1.000000)
((0.352292, 0.622940, 0.698452, 0.013592), (-0.313843, 0.781719, -0.538905, -0.299875), (-0.881699, -0.029352, 0.470899, -0.012566), (0.000000, 0.000000, 0.000000, 1.000000)
((0.352421, 0.622579, 0.698709, 0.014210), (-0.314193, 0.781989, -0.538309, -0.299498), (-0.881523, -0.029818, 0.471199, -0.012466), (0.000000, 0.000000, 0.000000, 1.000000)
((0.350437, 0.624495, 0.697997, 0.015151), (-0.313075, 0.780494, -0.541122, -0.298923), (-0.882711, -0.028896, 0.469028, -0.012313), (0.000000, 0.000000, 0.000000, 1.000000)
((0.351530, 0.625436, 0.696603, 0.016038), (-0.312452, 0.779809, -0.542468, -0.298380), (-0.882497, -0.026961, 0.469545, -0.012169), (0.000000, 0.000000, 0.000000, 1.000000)
((0.349682, 0.627159, 0.695985, 0.016973), (-0.311301, 0.778456, -0.545067, -0.297795), (-0.883637, -0.026061, 0.467447, -0.012017), (0.000000, 0.000000, 0.000000, 1.000000)
((0.352666, 0.623811, 0.697486, 0.017431), (-0.311003, 0.781143, -0.541380, -0.297506), (-0.882555, -0.025994, 0.469490, -0.011942), (0.000000, 0.000000, 0.000000, 1.000000)
((0.352666, 0.623811, 0.697486, 0.017431), (-0.311003, 0.781143, -0.541380, -0.297506), (-0.882555, -0.025994, 0.469490, -0.011942), (0.000000, 0.000000, 0.000000, 1.000000)
((0.353638, 0.622218, 0.698416, 0.019083), (-0.311328, 0.782389, -0.539391, -0.296426), (-0.882052, -0.026687, 0.470396, -0.011673), (0.000000, 0.000000, 0.000000, 1.000000)
((0.354166, 0.620938, 0.699287, 0.021107), (-0.312344, 0.783356, -0.537396, -0.295028), (-0.881481, -0.028091, 0.471384, -0.011350), (0.000000, 0.000000, 0.000000, 1.000000)
((0.354301, 0.620660, 0.699465, 0.021893), (-0.312501, 0.783568, -0.536996, -0.294463), (-0.881371, -0.028325, 0.471576, -0.011226), (0.000000, 0.000000, 0.000000, 1.000000)
((0.354577, 0.620192, 0.699741, 0.022486), (-0.312621, 0.783930, -0.536397, -0.294038), (-0.881217, -0.028560, 0.471849, -0.011133), (0.000000, 0.000000, 0.000000, 1.000000)
((0.355527, 0.621404, 0.698182, 0.023414), (-0.311849, 0.783045, -0.538136, -0.293345), (-0.881108, -0.026405, 0.472178, -0.010989), (0.000000, 0.000000, 0.000000, 1.000000)
((0.358056, 0.618413, 0.699544, 0.023673), (-0.313393, 0.785352, -0.533861, -0.293151), (-0.879534, -0.028080, 0.475006, -0.010949), (0.000000, 0.000000, 0.000000, 1.000000)
((0.358049, 0.618327, 0.699623, 0.024364), (-0.313587, 0.785411, -0.533660, -0.292615), (-0.879468, -0.028316, 0.475115, -0.010843), (0.000000, 0.000000, 0.000000, 1.000000)
((0.358331, 0.617940, 0.699821, 0.024815), (-0.313514, 0.785715, -0.533255, -0.292265), (-0.879379, -0.028322, 0.475279, -0.010775), (0.000000, 0.000000, 0.000000, 1.000000)
((0.358472, 0.617747, 0.699919, 0.025225), (-0.313478, 0.785867, -0.533053, -0.291936), (-0.879335, -0.028325, 0.475361, -0.010712), (0.000000, 0.000000, 0.000000, 1.000000)
((0.358747, 0.617273, 0.700196, 0.025992), (-0.313599, 0.786230, -0.532445, -0.291321), (-0.879179, -0.028568, 0.475634, -0.010595), (0.000000, 0.000000, 0.000000, 1.000000)
((0.359834, 0.618192, 0.698827, 0.027205), (-0.312976, 0.785576, -0.533776, -0.290345), (-0.878957, -0.026645, 0.476156, -0.010409), (0.000000, 0.000000, 0.000000, 1.000000)
((0.360531, 0.617134, 0.699402, 0.028338), (-0.312988, 0.786398, -0.532556, -0.289412), (-0.878667, -0.026901, 0.476676, -0.010235), (0.000000, 0.000000, 0.000000, 1.000000)
((0.364151, 0.615075, 0.699340, 0.029553), (-0.313700, 0.788024, -0.529727, -0.288410), (-0.876919, -0.026482, 0.479909, -0.010049), (0.000000, 0.000000, 0.000000, 1.000000)
((0.362460, 0.616875, 0.698633, 0.030678), (-0.312146, 0.786664, -0.532658, -0.287467), (-0.878173, -0.025008, 0.477689, -0.009878), (0.000000, 0.000000, 0.000000, 1.000000)
((0.363956, 0.617111, 0.697646, 0.032135), (-0.311606, 0.786530, -0.533172, -0.286246), (-0.877746, -0.023339, 0.478558, -0.009655), (0.000000, 0.000000, 0.000000, 1.000000)
((0.361722, 0.620735, 0.695590, 0.035799), (-0.310716, 0.783723, -0.537805, -0.283141), (-0.878984, -0.021595, 0.476362, -0.009105), (0.000000, 0.000000, 0.000000, 1.000000)
((0.363202, 0.620897, 0.694673, 0.037415), (-0.310374, 0.783633, -0.538133, -0.281767), (-0.878494, -0.020158, 0.477327, -0.008867), (0.000000, 0.000000, 0.000000, 1.000000)
((0.363751, 0.619941, 0.695239, 0.038636), (-0.310617, 0.784376, -0.536909, -0.280728), (-0.878181, -0.020652, 0.477882, -0.008692), (0.000000, 0.000000, 0.000000, 1.000000)
((0.364977, 0.620833, 0.693800, 0.039384), (-0.309571, 0.783730, -0.538454, -0.280092), (-0.878042, -0.018257, 0.478235, -0.008585), (0.000000, 0.000000, 0.000000, 1.000000)
((0.365246, 0.620165, 0.694256, 0.040489), (-0.311376, 0.784213, -0.536707, -0.279154), (-0.877292, -0.020144, 0.479535, -0.008432), (0.000000, 0.000000, 0.000000, 1.000000)
((0.367785, 0.617063, 0.695678, 0.040952), (-0.312884, 0.786609, -0.532306, -0.278762), (-0.875693, -0.021892, 0.482372, -0.008368), (0.000000, 0.000000, 0.000000, 1.000000)
((0.366458, 0.620684, 0.693152, 0.042250), (-0.312381, 0.783809, -0.536713, -0.277664), (-0.876428, -0.019845, 0.481123, -0.008192), (0.000000, 0.000000, 0.000000, 1.000000)
((0.366450, 0.620599, 0.693233, 0.042789), (-0.312575, 0.783871, -0.536510, -0.277209), (-0.876362, -0.020083, 0.481234, -0.008120), (0.000000, 0.000000, 0.000000, 1.000000)
((0.369133, 0.617474, 0.694598, 0.043354), (-0.312368, 0.786332, -0.533019, -0.276734), (-0.875310, -0.020216, 0.483140, -0.008047), (0.000000, 0.000000, 0.000000, 1.000000)
((0.366442, 0.620513, 0.693314, 0.043985), (-0.312769, 0.783933, -0.536306, -0.276203), (-0.876297, -0.020322, 0.481343, -0.007966), (0.000000, 0.000000, 0.000000, 1.000000)
((0.369395, 0.616714, 0.695134, 0.045211), (-0.314355, 0.786870, -0.531052, -0.275175), (-0.874487, -0.022351, 0.484533, -0.007818), (0.000000, 0.000000, 0.000000, 1.000000)
((0.370333, 0.617799, 0.693670, 0.046043), (-0.313744, 0.786072, -0.532594, -0.274476), (-0.874310, -0.020398, 0.484939, -0.007723), (0.000000, 0.000000, 0.000000, 1.000000)
((0.370596, 0.617228, 0.694037, 0.046764), (-0.314060, 0.786507, -0.531765, -0.273872), (-0.874085, -0.020900, 0.485323, -0.007641), (0.000000, 0.000000, 0.000000, 1.000000)
((0.372997, 0.615623, 0.694177, 0.049955), (-0.312952, 0.787803, -0.530498, -0.271178), (-0.873461, -0.019370, 0.486509, -0.007326), (0.000000, 0.000000, 0.000000, 1.000000)
((0.373917, 0.616622, 0.692794, 0.050544), (-0.312541, 0.787061, -0.531839, -0.270680), (-0.873215, -0.017663, 0.487015, -0.007268), (0.000000, 0.000000, 0.000000, 1.000000)
((0.371913, 0.618825, 0.691908, 0.051310), (-0.311303, 0.785358, -0.535073, -0.270030), (-0.874512, -0.016392, 0.484727, -0.007195), (0.000000, 0.000000, 0.000000, 1.000000)
((0.372045, 0.618539, 0.692093, 0.051810), (-0.311461, 0.785578, -0.534658, -0.269604), (-0.874400, -0.016643, 0.484921, -0.007148), (0.000000, 0.000000, 0.000000, 1.000000)
((0.372325, 0.618138, 0.692300, 0.052375), (-0.311389, 0.785893, -0.534237, -0.269119), (-0.874306, -0.016665, 0.485089, -0.007096), (0.000000, 0.000000, 0.000000, 1.000000)
((0.370453, 0.620041, 0.691603, 0.053493), (-0.310305, 0.784413, -0.537035, -0.268157), (-0.875486, -0.015662, 0.482990, -0.006994), (0.000000, 0.000000, 0.000000, 1.000000)
