<PointSplatMark HeadPosAtStart="(-0.418032, 0.883213, 1.70629)" BrushTip="0" BrushInterface="DirectDraw" SuperSamplesPerWidth="20" Draw="0" Width="0.01" Pose="1" LayerIndex="0" Name="fwing" RoomToVirtualScaleAtStart="0.801288" RoomToVirtualFrameAtStart="((0.848929, -0.528469, 0.006299, -0.136984), (0.454298, 0.735767, 0.502256, -0.017152), (-0.270061, -0.423518, 0.864696, 0.097842), (0.000000, 0.000000, 0.000000, 1.000000)" ColorSwatch="0.282353"><SamplePoints Num="109">(0.0942666, -0.164772, -0.140603)
(0.0939924, -0.164965, -0.140783)
(0.0939924, -0.164965, -0.140783)
(0.0939924, -0.164965, -0.140783)
(0.0939924, -0.164965, -0.140783)
(0.092369, -0.16466, -0.142824)
(0.0914561, -0.163966, -0.143517)
(0.0909242, -0.163487, -0.143915)
(0.0887564, -0.161823, -0.145011)
(0.0870832, -0.160819, -0.145831)
(0.0826596, -0.15891, -0.147163)
(0.0795721, -0.157717, -0.147765)
(0.07818, -0.157151, -0.148005)
(0.0746444, -0.15581, -0.148523)
(0.0746444, -0.15581, -0.148523)
(0.0746444, -0.15581, -0.148523)
(0.0610747, -0.153243, -0.149159)
(0.0610747, -0.153243, -0.149159)
(0.0610747, -0.153243, -0.149159)
(0.0610747, -0.153243, -0.149159)
(0.0427596, -0.153495, -0.146217)
(0.0412635, -0.153688, -0.145816)
(0.026779, -0.156698, -0.140223)
(0.026779, -0.156698, -0.140223)
(0.026779, -0.156698, -0.140223)
(0.0119256, -0.16175, -0.132789)
(0.0119256, -0.16175, -0.132789)
(0.000633435, -0.165187, -0.126881)
(0.000633435, -0.165187, -0.126881)
(0.000633435, -0.165187, -0.126881)
(-0.0125408, -0.168035, -0.120234)
(-0.0146067, -0.168662, -0.119088)
(-0.0146067, -0.168662, -0.119088)
(-0.0300674, -0.1695, -0.111689)
(-0.0300674, -0.1695, -0.111689)
(-0.0300674, -0.1695, -0.111689)
(-0.0444029, -0.172131, -0.103833)
(-0.0444029, -0.172131, -0.103833)
(-0.0444029, -0.172131, -0.103833)
(-0.0554799, -0.175158, -0.09828)
(-0.0585815, -0.176475, -0.0966805)
(-0.0619288, -0.178291, -0.0949621)
(-0.0662887, -0.180787, -0.0925217)
(-0.0689813, -0.182139, -0.0909693)
(-0.0689813, -0.182139, -0.0909693)
(-0.0762498, -0.185601, -0.0867713)
(-0.0762498, -0.185601, -0.0867713)
(-0.0762498, -0.185601, -0.0867713)
(-0.0762498, -0.185601, -0.0867713)
(-0.0841798, -0.189314, -0.081878)
(-0.0865212, -0.190382, -0.0804414)
(-0.088929, -0.191462, -0.0788921)
(-0.088929, -0.191462, -0.0788921)
(-0.088929, -0.191462, -0.0788921)
(-0.088929, -0.191462, -0.0788921)
(-0.100536, -0.196128, -0.0696262)
(-0.100536, -0.196128, -0.0696262)
(-0.100536, -0.196128, -0.0696262)
(-0.107598, -0.198601, -0.0621074)
(-0.109224, -0.199392, -0.0600649)
(-0.110886, -0.200334, -0.0576311)
(-0.110886, -0.200334, -0.0576311)
(-0.110886, -0.200334, -0.0576311)
(-0.115175, -0.202917, -0.0506725)
(-0.115175, -0.202917, -0.0506725)
(-0.115175, -0.202917, -0.0506725)
(-0.119853, -0.20626, -0.0425977)
(-0.121532, -0.207193, -0.0398356)
(-0.122393, -0.207776, -0.0383718)
(-0.124871, -0.209459, -0.0340208)
(-0.124871, -0.209459, -0.0340208)
(-0.131129, -0.213428, -0.0229821)
(-0.133263, -0.214581, -0.0194412)
(-0.134379, -0.215186, -0.0176725)
(-0.137067, -0.216994, -0.0131536)
(-0.137067, -0.216994, -0.0131536)
(-0.137067, -0.216994, -0.0131536)
(-0.137067, -0.216994, -0.0131536)
(-0.144777, -0.225285, 0.000849104)
(-0.145864, -0.227163, 0.00318826)
(-0.147051, -0.229505, 0.00593712)
(-0.148764, -0.232614, 0.00940976)
(-0.148764, -0.232614, 0.00940976)
(-0.148764, -0.232614, 0.00940976)
(-0.152695, -0.239152, 0.0170793)
(-0.153693, -0.240727, 0.0189903)
(-0.154244, -0.24175, 0.0201455)
(-0.155947, -0.245093, 0.0237369)
(-0.155947, -0.245093, 0.0237369)
(-0.155947, -0.245093, 0.0237369)
(-0.155947, -0.245093, 0.0237369)
(-0.159947, -0.253267, 0.0327106)
(-0.160655, -0.255069, 0.0346379)
(-0.161565, -0.256913, 0.0367746)
(-0.163122, -0.25913, 0.0396923)
(-0.163122, -0.25913, 0.0396923)
(-0.163122, -0.25913, 0.0396923)
(-0.165699, -0.263303, 0.0452505)
(-0.166675, -0.264507, 0.0469323)
(-0.167274, -0.264959, 0.0477782)
(-0.169629, -0.267026, 0.0514526)
(-0.169629, -0.267026, 0.0514526)
(-0.172809, -0.269822, 0.0559934)
(-0.172809, -0.269822, 0.0559934)
(-0.172809, -0.269822, 0.0559934)
(-0.172809, -0.269822, 0.0559934)
(-0.178379, -0.274453, 0.06338)
(-0.179412, -0.274564, 0.0645275)
(-0.179412, -0.274564, 0.0645275)
</SamplePoints>
<SampleFrames Num="109">((0.513825, 0.502858, 0.695067, 0.094267), (-0.843080, 0.445900, 0.300649, -0.164772), (-0.158747, -0.740478, 0.653064, -0.140603), (0.000000, 0.000000, 0.000000, 1.000000)
((0.515694, 0.502258, 0.694116, 0.093992), (-0.842201, 0.445954, 0.303024, -0.164965), (-0.157347, -0.740853, 0.652977, -0.140783), (0.000000, 0.000000, 0.000000, 1.000000)
((0.515694, 0.502258, 0.694116, 0.093992), (-0.842201, 0.445954, 0.303024, -0.164965), (-0.157347, -0.740853, 0.652977, -0.140783), (0.000000, 0.000000, 0.000000, 1.000000)
((0.515694, 0.502258, 0.694116, 0.093992), (-0.842201, 0.445954, 0.303024, -0.164965), (-0.157347, -0.740853, 0.652977, -0.140783), (0.000000, 0.000000, 0.000000, 1.000000)
((0.515694, 0.502258, 0.694116, 0.093992), (-0.842201, 0.445954, 0.303024, -0.164965), (-0.157347, -0.740853, 0.652977, -0.140783), (0.000000, 0.000000, 0.000000, 1.000000)
((0.517762, 0.500046, 0.694173, 0.092369), (-0.840455, 0.448919, 0.303491, -0.164660), (-0.159868, -0.740558, 0.652699, -0.142824), (0.000000, 0.000000, 0.000000, 1.000000)
((0.517821, 0.500195, 0.694022, 0.091456), (-0.840383, 0.449197, 0.303279, -0.163966), (-0.160053, -0.740288, 0.652959, -0.143517), (0.000000, 0.000000, 0.000000, 1.000000)
((0.517992, 0.500323, 0.693801, 0.090924), (-0.840273, 0.449415, 0.303261, -0.163487), (-0.160076, -0.740070, 0.653202, -0.143915), (0.000000, 0.000000, 0.000000, 1.000000)
((0.516761, 0.501609, 0.693791, 0.088756), (-0.840679, 0.450573, 0.300405, -0.161823), (-0.161918, -0.738493, 0.654531, -0.145011), (0.000000, 0.000000, 0.000000, 1.000000)
((0.516311, 0.500564, 0.694881, 0.087083), (-0.840857, 0.450195, 0.300472, -0.160819), (-0.162426, -0.739433, 0.653343, -0.145831), (0.000000, 0.000000, 0.000000, 1.000000)
((0.515329, 0.501628, 0.694842, 0.082660), (-0.840879, 0.452459, 0.296992, -0.158910), (-0.165408, -0.737326, 0.654973, -0.147163), (0.000000, 0.000000, 0.000000, 1.000000)
((0.513484, 0.501511, 0.696291, 0.079572), (-0.842281, 0.449654, 0.297277, -0.157717), (-0.164002, -0.739120, 0.653303, -0.147765), (0.000000, 0.000000, 0.000000, 1.000000)
((0.511277, 0.501362, 0.698019, 0.078180), (-0.843178, 0.449770, 0.294548, -0.157151), (-0.166273, -0.739150, 0.652695, -0.148005), (0.000000, 0.000000, 0.000000, 1.000000)
((0.509894, 0.501465, 0.698956, 0.074644), (-0.844317, 0.447331, 0.294999, -0.155810), (-0.164733, -0.740559, 0.651487, -0.148523), (0.000000, 0.000000, 0.000000, 1.000000)
((0.509894, 0.501465, 0.698956, 0.074644), (-0.844317, 0.447331, 0.294999, -0.155810), (-0.164733, -0.740559, 0.651487, -0.148523), (0.000000, 0.000000, 0.000000, 1.000000)
((0.509894, 0.501465, 0.698956, 0.074644), (-0.844317, 0.447331, 0.294999, -0.155810), (-0.164733, -0.740559, 0.651487, -0.148523), (0.000000, 0.000000, 0.000000, 1.000000)
((0.505073, 0.499107, 0.704126, 0.061075), (-0.846767, 0.444409, 0.292379, -0.153243), (-0.166992, -0.743904, 0.647086, -0.149159), (0.000000, 0.000000, 0.000000, 1.000000)
((0.505073, 0.499107, 0.704126, 0.061075), (-0.846767, 0.444409, 0.292379, -0.153243), (-0.166992, -0.743904, 0.647086, -0.149159), (0.000000, 0.000000, 0.000000, 1.000000)
((0.505073, 0.499107, 0.704126, 0.061075), (-0.846767, 0.444409, 0.292379, -0.153243), (-0.166992, -0.743904, 0.647086, -0.149159), (0.000000, 0.000000, 0.000000, 1.000000)
((0.505073, 0.499107, 0.704126, 0.061075), (-0.846767, 0.444409, 0.292379, -0.153243), (-0.166992, -0.743904, 0.647086, -0.149159), (0.000000, 0.000000, 0.000000, 1.000000)
((0.495933, 0.496195, 0.712630, 0.042760), (-0.851753, 0.437698, 0.287988, -0.153495), (-0.169019, -0.749807, 0.639704, -0.146217), (0.000000, 0.000000, 0.000000, 1.000000)
((0.495011, 0.497452, 0.712394, 0.041263), (-0.852630, 0.435959, 0.288032, -0.153688), (-0.167293, -0.749987, 0.639947, -0.145816), (0.000000, 0.000000, 0.000000, 1.000000)
((0.488370, 0.492818, 0.720156, 0.026779), (-0.856820, 0.427218, 0.288693, -0.156698), (-0.165390, -0.758034, 0.630897, -0.140223), (0.000000, 0.000000, 0.000000, 1.000000)
((0.488370, 0.492818, 0.720156, 0.026779), (-0.856820, 0.427218, 0.288693, -0.156698), (-0.165390, -0.758034, 0.630897, -0.140223), (0.000000, 0.000000, 0.000000, 1.000000)
((0.488370, 0.492818, 0.720156, 0.026779), (-0.856820, 0.427218, 0.288693, -0.156698), (-0.165390, -0.758034, 0.630897, -0.140223), (0.000000, 0.000000, 0.000000, 1.000000)
((0.486944, 0.481852, 0.728495, 0.011926), (-0.856578, 0.426516, 0.290445, -0.161750), (-0.170763, -0.765443, 0.620433, -0.132789), (0.000000, 0.000000, 0.000000, 1.000000)
((0.486944, 0.481852, 0.728495, 0.011926), (-0.856578, 0.426516, 0.290445, -0.161750), (-0.170763, -0.765443, 0.620433, -0.132789), (0.000000, 0.000000, 0.000000, 1.000000)
((0.486868, 0.475681, 0.732589, 0.000633), (-0.856243, 0.425685, 0.292643, -0.165187), (-0.172647, -0.769753, 0.614551, -0.126881), (0.000000, 0.000000, 0.000000, 1.000000)
((0.486868, 0.475681, 0.732589, 0.000633), (-0.856243, 0.425685, 0.292643, -0.165187), (-0.172647, -0.769753, 0.614551, -0.126881), (0.000000, 0.000000, 0.000000, 1.000000)
((0.486868, 0.475681, 0.732589, 0.000633), (-0.856243, 0.425685, 0.292643, -0.165187), (-0.172647, -0.769753, 0.614551, -0.126881), (0.000000, 0.000000, 0.000000, 1.000000)
((0.483491, 0.469393, 0.738855, -0.012541), (-0.857562, 0.423290, 0.292255, -0.168035), (-0.175567, -0.774917, 0.607190, -0.120234), (0.000000, 0.000000, 0.000000, 1.000000)
((0.484531, 0.468232, 0.738910, -0.014607), (-0.857019, 0.423405, 0.293677, -0.168662), (-0.175349, -0.775556, 0.606436, -0.119088), (0.000000, 0.000000, 0.000000, 1.000000)
((0.484531, 0.468232, 0.738910, -0.014607), (-0.857019, 0.423405, 0.293677, -0.168662), (-0.175349, -0.775556, 0.606436, -0.119088), (0.000000, 0.000000, 0.000000, 1.000000)
((0.479585, 0.460808, 0.746762, -0.030067), (-0.859078, 0.420006, 0.292542, -0.169500), (-0.178839, -0.781825, 0.597298, -0.111689), (0.000000, 0.000000, 0.000000, 1.000000)
((0.479585, 0.460808, 0.746762, -0.030067), (-0.859078, 0.420006, 0.292542, -0.169500), (-0.178839, -0.781825, 0.597298, -0.111689), (0.000000, 0.000000, 0.000000, 1.000000)
((0.479585, 0.460808, 0.746762, -0.030067), (-0.859078, 0.420006, 0.292542, -0.169500), (-0.178839, -0.781825, 0.597298, -0.111689), (0.000000, 0.000000, 0.000000, 1.000000)
((0.475187, 0.455992, 0.752508, -0.044403), (-0.861701, 0.414142, 0.293184, -0.172131), (-0.177955, -0.787755, 0.589724, -0.103833), (0.000000, 0.000000, 0.000000, 1.000000)
((0.475187, 0.455992, 0.752508, -0.044403), (-0.861701, 0.414142, 0.293184, -0.172131), (-0.177955, -0.787755, 0.589724, -0.103833), (0.000000, 0.000000, 0.000000, 1.000000)
((0.475187, 0.455992, 0.752508, -0.044403), (-0.861701, 0.414142, 0.293184, -0.172131), (-0.177955, -0.787755, 0.589724, -0.103833), (0.000000, 0.000000, 0.000000, 1.000000)
((0.471635, 0.453745, 0.756093, -0.055480), (-0.863765, 0.410228, 0.292613, -0.175158), (-0.177398, -0.791094, 0.585407, -0.098280), (0.000000, 0.000000, 0.000000, 1.000000)
((0.471959, 0.450630, 0.757752, -0.058582), (-0.863673, 0.408868, 0.294781, -0.176475), (-0.176983, -0.793574, 0.582166, -0.096680), (0.000000, 0.000000, 0.000000, 1.000000)
((0.467544, 0.451515, 0.759958, -0.061929), (-0.866805, 0.402770, 0.293981, -0.178291), (-0.173352, -0.796185, 0.579688, -0.094962), (0.000000, 0.000000, 0.000000, 1.000000)
((0.467574, 0.449996, 0.760840, -0.066289), (-0.867363, 0.399542, 0.296729, -0.180787), (-0.170460, -0.798667, 0.577125, -0.092522), (0.000000, 0.000000, 0.000000, 1.000000)
((0.464846, 0.450481, 0.762224, -0.068981), (-0.869111, 0.396493, 0.295700, -0.182139), (-0.169009, -0.799913, 0.575826, -0.090969), (0.000000, 0.000000, 0.000000, 1.000000)
((0.464846, 0.450481, 0.762224, -0.068981), (-0.869111, 0.396493, 0.295700, -0.182139), (-0.169009, -0.799913, 0.575826, -0.090969), (0.000000, 0.000000, 0.000000, 1.000000)
((0.461480, 0.448986, 0.765145, -0.076250), (-0.871156, 0.392380, 0.295170, -0.185601), (-0.167700, -0.802776, 0.572212, -0.086771), (0.000000, 0.000000, 0.000000, 1.000000)
((0.461480, 0.448986, 0.765145, -0.076250), (-0.871156, 0.392380, 0.295170, -0.185601), (-0.167700, -0.802776, 0.572212, -0.086771), (0.000000, 0.000000, 0.000000, 1.000000)
((0.461480, 0.448986, 0.765145, -0.076250), (-0.871156, 0.392380, 0.295170, -0.185601), (-0.167700, -0.802776, 0.572212, -0.086771), (0.000000, 0.000000, 0.000000, 1.000000)
((0.461480, 0.448986, 0.765145, -0.076250), (-0.871156, 0.392380, 0.295170, -0.185601), (-0.167700, -0.802776, 0.572212, -0.086771), (0.000000, 0.000000, 0.000000, 1.000000)
((0.458215, 0.446135, 0.768767, -0.084180), (-0.874308, 0.381998, 0.299438, -0.189314), (-0.160078, -0.809346, 0.565096, -0.081878), (0.000000, 0.000000, 0.000000, 1.000000)
((0.457322, 0.446539, 0.769064, -0.086521), (-0.874672, 0.382070, 0.298281, -0.190382), (-0.160642, -0.809089, 0.565304, -0.080441), (0.000000, 0.000000, 0.000000, 1.000000)
((0.456869, 0.443003, 0.771375, -0.088929), (-0.875242, 0.378694, 0.300902, -0.191462), (-0.158815, -0.812612, 0.560749, -0.078892), (0.000000, 0.000000, 0.000000, 1.000000)
((0.456869, 0.443003, 0.771375, -0.088929), (-0.875242, 0.378694, 0.300902, -0.191462), (-0.158815, -0.812612, 0.560749, -0.078892), (0.000000, 0.000000, 0.000000, 1.000000)
((0.456869, 0.443003, 0.771375, -0.088929), (-0.875242, 0.378694, 0.300902, -0.191462), (-0.158815, -0.812612, 0.560749, -0.078892), (0.000000, 0.000000, 0.000000, 1.000000)
((0.456869, 0.443003, 0.771375, -0.088929), (-0.875242, 0.378694, 0.300902, -0.191462), (-0.158815, -0.812612, 0.560749, -0.078892), (0.000000, 0.000000, 0.000000, 1.000000)
((0.451318, 0.439219, 0.776787, -0.100536), (-0.878947, 0.369174, 0.301932, -0.196128), (-0.154155, -0.819022, 0.552666, -0.069626), (0.000000, 0.000000, 0.000000, 1.000000)
((0.451318, 0.439219, 0.776787, -0.100536), (-0.878947, 0.369174, 0.301932, -0.196128), (-0.154155, -0.819022, 0.552666, -0.069626), (0.000000, 0.000000, 0.000000, 1.000000)
((0.451318, 0.439219, 0.776787, -0.100536), (-0.878947, 0.369174, 0.301932, -0.196128), (-0.154155, -0.819022, 0.552666, -0.069626), (0.000000, 0.000000, 0.000000, 1.000000)
((0.448937, 0.437364, 0.779210, -0.107598), (-0.881480, 0.359687, 0.305970, -0.198601), (-0.146452, -0.824220, 0.547004, -0.062107), (0.000000, 0.000000, 0.000000, 1.000000)
((0.448634, 0.436230, 0.780020, -0.109224), (-0.881384, 0.360446, 0.305354, -0.199392), (-0.147950, -0.824489, 0.546194, -0.060065), (0.000000, 0.000000, 0.000000, 1.000000)
((0.448648, 0.434601, 0.780921, -0.110886), (-0.881977, 0.356426, 0.308346, -0.200334), (-0.144333, -0.827093, 0.543217, -0.057631), (0.000000, 0.000000, 0.000000, 1.000000)
((0.448648, 0.434601, 0.780921, -0.110886), (-0.881977, 0.356426, 0.308346, -0.200334), (-0.144333, -0.827093, 0.543217, -0.057631), (0.000000, 0.000000, 0.000000, 1.000000)
((0.448648, 0.434601, 0.780921, -0.110886), (-0.881977, 0.356426, 0.308346, -0.200334), (-0.144333, -0.827093, 0.543217, -0.057631), (0.000000, 0.000000, 0.000000, 1.000000)
((0.445759, 0.435083, 0.782305, -0.115175), (-0.884387, 0.349185, 0.309724, -0.202917), (-0.138413, -0.829923, 0.540434, -0.050673), (0.000000, 0.000000, 0.000000, 1.000000)
((0.445759, 0.435083, 0.782305, -0.115175), (-0.884387, 0.349185, 0.309724, -0.202917), (-0.138413, -0.829923, 0.540434, -0.050673), (0.000000, 0.000000, 0.000000, 1.000000)
((0.445759, 0.435083, 0.782305, -0.115175), (-0.884387, 0.349185, 0.309724, -0.202917), (-0.138413, -0.829923, 0.540434, -0.050673), (0.000000, 0.000000, 0.000000, 1.000000)
((0.445026, 0.431231, 0.784852, -0.119853), (-0.885736, 0.341140, 0.314792, -0.206260), (-0.131997, -0.835262, 0.533773, -0.042598), (0.000000, 0.000000, 0.000000, 1.000000)
((0.443523, 0.432297, 0.785116, -0.121532), (-0.886815, 0.338531, 0.314573, -0.207193), (-0.129796, -0.835773, 0.533514, -0.039836), (0.000000, 0.000000, 0.000000, 1.000000)
((0.442878, 0.430803, 0.786300, -0.122393), (-0.887468, 0.335363, 0.316120, -0.207776), (-0.127511, -0.837819, 0.530850, -0.038372), (0.000000, 0.000000, 0.000000, 1.000000)
((0.443063, 0.430736, 0.786233, -0.124871), (-0.887591, 0.334032, 0.317183, -0.209459), (-0.126005, -0.838385, 0.530314, -0.034021), (0.000000, 0.000000, 0.000000, 1.000000)
((0.443063, 0.430736, 0.786233, -0.124871), (-0.887591, 0.334032, 0.317183, -0.209459), (-0.126005, -0.838385, 0.530314, -0.034021), (0.000000, 0.000000, 0.000000, 1.000000)
((0.442391, 0.422641, 0.790990, -0.131129), (-0.888331, 0.327596, 0.321791, -0.213428), (-0.123123, -0.845018, 0.520370, -0.022982), (0.000000, 0.000000, 0.000000, 1.000000)
((0.441335, 0.421718, 0.792072, -0.133263), (-0.889024, 0.325396, 0.322107, -0.214581), (-0.121898, -0.846328, 0.518526, -0.019441), (0.000000, 0.000000, 0.000000, 1.000000)
((0.441983, 0.422536, 0.791274, -0.134379), (-0.889039, 0.323775, 0.323697, -0.215186), (-0.119421, -0.846542, 0.518754, -0.017673), (0.000000, 0.000000, 0.000000, 1.000000)
((0.440920, 0.418356, 0.794083, -0.137067), (-0.889591, 0.321229, 0.324714, -0.216994), (-0.119236, -0.849582, 0.513802, -0.013154), (0.000000, 0.000000, 0.000000, 1.000000)
((0.440920, 0.418356, 0.794083, -0.137067), (-0.889591, 0.321229, 0.324714, -0.216994), (-0.119236, -0.849582, 0.513802, -0.013154), (0.000000, 0.000000, 0.000000, 1.000000)
((0.440920, 0.418356, 0.794083, -0.137067), (-0.889591, 0.321229, 0.324714, -0.216994), (-0.119236, -0.849582, 0.513802, -0.013154), (0.000000, 0.000000, 0.000000, 1.000000)
((0.440920, 0.418356, 0.794083, -0.137067), (-0.889591, 0.321229, 0.324714, -0.216994), (-0.119236, -0.849582, 0.513802, -0.013154), (0.000000, 0.000000, 0.000000, 1.000000)
((0.440525, 0.411948, 0.797644, -0.144777), (-0.890870, 0.310313, 0.331749, -0.225285), (-0.110856, -0.856741, 0.503692, 0.000849), (0.000000, 0.000000, 0.000000, 1.000000)
((0.441619, 0.410221, 0.797930, -0.145864), (-0.890285, 0.310586, 0.333060, -0.227163), (-0.111198, -0.857470, 0.502374, 0.003188), (0.000000, 0.000000, 0.000000, 1.000000)
((0.441870, 0.410538, 0.797628, -0.147051), (-0.890486, 0.308330, 0.334614, -0.229505), (-0.108561, -0.858132, 0.501820, 0.005937), (0.000000, 0.000000, 0.000000, 1.000000)
((0.441546, 0.409971, 0.798098, -0.148764), (-0.891019, 0.304913, 0.336325, -0.232614), (-0.105467, -0.859623, 0.499925, 0.009410), (0.000000, 0.000000, 0.000000, 1.000000)
((0.441546, 0.409971, 0.798098, -0.148764), (-0.891019, 0.304913, 0.336325, -0.232614), (-0.105467, -0.859623, 0.499925, 0.009410), (0.000000, 0.000000, 0.000000, 1.000000)
((0.441546, 0.409971, 0.798098, -0.148764), (-0.891019, 0.304913, 0.336325, -0.232614), (-0.105467, -0.859623, 0.499925, 0.009410), (0.000000, 0.000000, 0.000000, 1.000000)
((0.444118, 0.406581, 0.798406, -0.152695), (-0.890525, 0.298391, 0.343406, -0.239152), (-0.098615, -0.863513, 0.494591, 0.017079), (0.000000, 0.000000, 0.000000, 1.000000)
((0.443480, 0.405962, 0.799075, -0.153693), (-0.891113, 0.295346, 0.344513, -0.240727), (-0.096144, -0.864850, 0.492738, 0.018990), (0.000000, 0.000000, 0.000000, 1.000000)
((0.443317, 0.405841, 0.799226, -0.154244), (-0.891321, 0.294047, 0.345085, -0.241750), (-0.094960, -0.865349, 0.492091, 0.020145), (0.000000, 0.000000, 0.000000, 1.000000)
((0.442947, 0.405583, 0.799563, -0.155947), (-0.891850, 0.290512, 0.346709, -0.245093), (-0.091664, -0.866663, 0.490400, 0.023737), (0.000000, 0.000000, 0.000000, 1.000000)
((0.442947, 0.405583, 0.799563, -0.155947), (-0.891850, 0.290512, 0.346709, -0.245093), (-0.091664, -0.866663, 0.490400, 0.023737), (0.000000, 0.000000, 0.000000, 1.000000)
((0.442947, 0.405583, 0.799563, -0.155947), (-0.891850, 0.290512, 0.346709, -0.245093), (-0.091664, -0.866663, 0.490400, 0.023737), (0.000000, 0.000000, 0.000000, 1.000000)
((0.442947, 0.405583, 0.799563, -0.155947), (-0.891850, 0.290512, 0.346709, -0.245093), (-0.091664, -0.866663, 0.490400, 0.023737), (0.000000, 0.000000, 0.000000, 1.000000)
((0.440919, 0.404233, 0.801365, -0.159947), (-0.893794, 0.279310, 0.350882, -0.253267), (-0.081991, -0.870966, 0.484455, 0.032711), (0.000000, 0.000000, 0.000000, 1.000000)
((0.443591, 0.404185, 0.799913, -0.160655), (-0.892749, 0.277852, 0.354679, -0.255069), (-0.078901, -0.871454, 0.484089, 0.034638), (0.000000, 0.000000, 0.000000, 1.000000)
((0.442836, 0.403646, 0.800604, -0.161565), (-0.893340, 0.274739, 0.355614, -0.256913), (-0.076415, -0.872690, 0.482258, 0.036775), (0.000000, 0.000000, 0.000000, 1.000000)
((0.441530, 0.402768, 0.801766, -0.163122), (-0.894319, 0.269676, 0.357026, -0.259130), (-0.072419, -0.874673, 0.479273, 0.039692), (0.000000, 0.000000, 0.000000, 1.000000)
((0.441530, 0.402768, 0.801766, -0.163122), (-0.894319, 0.269676, 0.357026, -0.259130), (-0.072419, -0.874673, 0.479273, 0.039692), (0.000000, 0.000000, 0.000000, 1.000000)
((0.441530, 0.402768, 0.801766, -0.163122), (-0.894319, 0.269676, 0.357026, -0.259130), (-0.072419, -0.874673, 0.479273, 0.039692), (0.000000, 0.000000, 0.000000, 1.000000)
((0.439477, 0.401821, 0.803368, -0.165699), (-0.895876, 0.261111, 0.359483, -0.263303), (-0.065321, -0.877702, 0.474734, 0.045250), (0.000000, 0.000000, 0.000000, 1.000000)
((0.440838, 0.401418, 0.802824, -0.166675), (-0.895176, 0.262133, 0.360481, -0.264507), (-0.065743, -0.877582, 0.474898, 0.046932), (0.000000, 0.000000, 0.000000, 1.000000)
((0.440268, 0.401089, 0.803300, -0.167274), (-0.895566, 0.260175, 0.360930, -0.264959), (-0.064233, -0.878315, 0.473748, 0.047778), (0.000000, 0.000000, 0.000000, 1.000000)
((0.436985, 0.399581, 0.805841, -0.169629), (-0.897316, 0.255604, 0.359847, -0.267026), (-0.062188, -0.880342, 0.470246, 0.051453), (0.000000, 0.000000, 0.000000, 1.000000)
((0.436985, 0.399581, 0.805841, -0.169629), (-0.897316, 0.255604, 0.359847, -0.267026), (-0.062188, -0.880342, 0.470246, 0.051453), (0.000000, 0.000000, 0.000000, 1.000000)
((0.431812, 0.402286, 0.807282, -0.172809), (-0.900358, 0.245633, 0.359193, -0.269822), (-0.053797, -0.881947, 0.468269, 0.055993), (0.000000, 0.000000, 0.000000, 1.000000)
((0.431812, 0.402286, 0.807282, -0.172809), (-0.900358, 0.245633, 0.359193, -0.269822), (-0.053797, -0.881947, 0.468269, 0.055993), (0.000000, 0.000000, 0.000000, 1.000000)
((0.431812, 0.402286, 0.807282, -0.172809), (-0.900358, 0.245633, 0.359193, -0.269822), (-0.053797, -0.881947, 0.468269, 0.055993), (0.000000, 0.000000, 0.000000, 1.000000)
((0.431812, 0.402286, 0.807282, -0.172809), (-0.900358, 0.245633, 0.359193, -0.269822), (-0.053797, -0.881947, 0.468269, 0.055993), (0.000000, 0.000000, 0.000000, 1.000000)
((0.425117, 0.405377, 0.809287, -0.178379), (-0.904255, 0.229690, 0.359951, -0.274453), (-0.039969, -0.884823, 0.464209, 0.063380), (0.000000, 0.000000, 0.000000, 1.000000)
((0.424614, 0.405731, 0.809374, -0.179412), (-0.904591, 0.227317, 0.360615, -0.274564), (-0.037671, -0.885274, 0.463542, 0.064527), (0.000000, 0.000000, 0.000000, 1.000000)
((0.424614, 0.405731, 0.809374, -0.179412), (-0.904591, 0.227317, 0.360615, -0.274564), (-0.037671, -0.885274, 0.463542, 0.064527), (0.000000, 0.000000, 0.000000, 1.000000)
</SampleFrames>
<SampleWeights Num="109">1
1
1
1
1
1
1
1
1
1
1
1
1
1
1
1
1
1
1
1
1
1
1
1
1
1
1
1
1
1
1
1
1
1
1
1
1
1
1
1
1
1
1
1
1
1
1
1
1
1
1
1
1
1
1
1
1
1
1
1
1
1
1
1
1
1
1
1
1
1
1
1
1
1
1
1
1
1
1
1
1
1
1
1
1
1
1
1
1
1
1
1
1
1
1
1
1
1
1
1
1
1
1
1
1
1
1
1
1
</SampleWeights>
</PointSplatMark>
