<PointSplatMark HeadPosAtStart="(0.306488, 0.843514, 1.52495)" BrushTip="0" BrushInterface="DirectDraw" SuperSamplesPerWidth="20" Draw="0" Width="0.01" Pose="1" LayerIndex="0" Name="fwingdetail" RoomToVirtualScaleAtStart="0.801288" RoomToVirtualFrameAtStart="((0.638726, -0.656395, 0.401465, -0.202209), (0.475275, 0.746902, 0.465028, 0.063509), (-0.605097, -0.106219, 0.789034, -0.087662), (0.000000, 0.000000, 0.000000, 1.000000)" ColorSwatch="0.233111"><SamplePoints Num="93">(-0.214931, 0.0414222, 0.0665285)
(-0.215677, 0.0408377, 0.06703)
(-0.215677, 0.0408377, 0.06703)
(-0.217072, 0.0401832, 0.0682075)
(-0.217738, 0.0396079, 0.0688422)
(-0.217738, 0.0396079, 0.0688422)
(-0.21941, 0.0389434, 0.0701773)
(-0.21941, 0.0389434, 0.0701773)
(-0.221504, 0.0374245, 0.0721953)
(-0.221504, 0.0374245, 0.0721953)
(-0.221504, 0.0374245, 0.0721953)
(-0.221504, 0.0374245, 0.0721953)
(-0.221504, 0.0374245, 0.0721953)
(-0.225266, 0.0334099, 0.0769309)
(-0.225833, 0.0329629, 0.0772931)
(-0.226202, 0.0328804, 0.0775137)
(-0.226202, 0.0328804, 0.0775137)
(-0.227903, 0.0314617, 0.0785056)
(-0.228566, 0.0309385, 0.0789239)
(-0.228566, 0.0309385, 0.0789239)
(-0.229526, 0.0300497, 0.0796281)
(-0.230288, 0.0295254, 0.080192)
(-0.230288, 0.0295254, 0.080192)
(-0.231608, 0.028691, 0.081001)
(-0.232079, 0.0282408, 0.0812065)
(-0.232079, 0.0282408, 0.0812065)
(-0.233327, 0.0271224, 0.0820779)
(-0.233885, 0.0268121, 0.0823215)
(-0.233885, 0.0268121, 0.0823215)
(-0.233885, 0.0268121, 0.0823215)
(-0.233885, 0.0268121, 0.0823215)
(-0.235841, 0.0247386, 0.0839153)
(-0.236335, 0.0242935, 0.0844014)
(-0.236335, 0.0242935, 0.0844014)
(-0.237531, 0.0236618, 0.0847416)
(-0.238008, 0.0232836, 0.0850293)
(-0.238008, 0.0232836, 0.0850293)
(-0.239317, 0.0225073, 0.0856192)
(-0.239868, 0.0224106, 0.0858392)
(-0.240346, 0.0220315, 0.0861246)
(-0.240346, 0.0220315, 0.0861246)
(-0.24152, 0.0208361, 0.0870198)
(-0.242058, 0.0208807, 0.0871317)
(-0.242058, 0.0208807, 0.0871317)
(-0.242058, 0.0208807, 0.0871317)
(-0.242058, 0.0208807, 0.0871317)
(-0.2442, 0.0200109, 0.0890784)
(-0.2442, 0.0200109, 0.0890784)
(-0.2442, 0.0200109, 0.0890784)
(-0.245394, 0.0186664, 0.0900687)
(-0.245586, 0.0185136, 0.0901806)
(-0.245586, 0.0185136, 0.0901806)
(-0.246361, 0.0179752, 0.0907175)
(-0.246361, 0.0179752, 0.0907175)
(-0.247268, 0.0181449, 0.0910187)
(-0.247642, 0.0183446, 0.0913013)
(-0.247943, 0.0182615, 0.0916485)
(-0.247943, 0.0182615, 0.0916485)
(-0.247943, 0.0182615, 0.0916485)
(-0.247943, 0.0182615, 0.0916485)
(-0.249677, 0.019346, 0.0934282)
(-0.249677, 0.019346, 0.0934282)
(-0.249677, 0.019346, 0.0934282)
(-0.252379, 0.0207471, 0.0959638)
(-0.252766, 0.0207287, 0.0962591)
(-0.252766, 0.0207287, 0.0962591)
(-0.254479, 0.0210773, 0.0974123)
(-0.254479, 0.0210773, 0.0974123)
(-0.254479, 0.0210773, 0.0974123)
(-0.254479, 0.0210773, 0.0974123)
(-0.254479, 0.0210773, 0.0974123)
(-0.254479, 0.0210773, 0.0974123)
(-0.254479, 0.0210773, 0.0974123)
(-0.258835, 0.0240979, 0.0996965)
(-0.258835, 0.0240979, 0.0996965)
(-0.258835, 0.0240979, 0.0996965)
(-0.261117, 0.0248588, 0.101809)
(-0.261117, 0.0248588, 0.101809)
(-0.261117, 0.0248588, 0.101809)
(-0.263503, 0.0257561, 0.103953)
(-0.263503, 0.0257561, 0.103953)
(-0.263503, 0.0257561, 0.103953)
(-0.263503, 0.0257561, 0.103953)
(-0.263503, 0.0257561, 0.103953)
(-0.263503, 0.0257561, 0.103953)
(-0.26879, 0.0292412, 0.110548)
(-0.269154, 0.0294502, 0.111243)
(-0.269154, 0.0294502, 0.111243)
(-0.269154, 0.0294502, 0.111243)
(-0.271842, 0.0330048, 0.117575)
(-0.272044, 0.0335259, 0.118334)
(-0.272044, 0.0335259, 0.118334)
(-0.272044, 0.0335259, 0.118334)
</SamplePoints>
<SampleFrames Num="93">((0.045401, -0.134488, 0.989874, -0.214931), (-0.649848, 0.748600, 0.131514, 0.041422), (-0.758707, -0.649239, -0.053410, 0.066529), (0.000000, 0.000000, 0.000000, 1.000000)
((0.046206, -0.133976, 0.989907, -0.215677), (-0.649211, 0.749121, 0.131690, 0.040838), (-0.759203, -0.648743, -0.052365, 0.067030), (0.000000, 0.000000, 0.000000, 1.000000)
((0.046206, -0.133976, 0.989907, -0.215677), (-0.649211, 0.749121, 0.131690, 0.040838), (-0.759203, -0.648743, -0.052365, 0.067030), (0.000000, 0.000000, 0.000000, 1.000000)
((0.046438, -0.135960, 0.989625, -0.217072), (-0.650042, 0.748118, 0.133283, 0.040183), (-0.758478, -0.649487, -0.053639, 0.068207), (0.000000, 0.000000, 0.000000, 1.000000)
((0.047393, -0.135445, 0.989651, -0.217738), (-0.649513, 0.748530, 0.133550, 0.039608), (-0.758872, -0.649120, -0.052498, 0.068842), (0.000000, 0.000000, 0.000000, 1.000000)
((0.047393, -0.135445, 0.989651, -0.217738), (-0.649513, 0.748530, 0.133550, 0.039608), (-0.758872, -0.649120, -0.052498, 0.068842), (0.000000, 0.000000, 0.000000, 1.000000)
((0.045811, -0.137252, 0.989476, -0.219410), (-0.652040, 0.746302, 0.133709, 0.038943), (-0.756800, -0.651303, -0.055305, 0.070177), (0.000000, 0.000000, 0.000000, 1.000000)
((0.045811, -0.137252, 0.989476, -0.219410), (-0.652040, 0.746302, 0.133709, 0.038943), (-0.756800, -0.651303, -0.055305, 0.070177), (0.000000, 0.000000, 0.000000, 1.000000)
((0.047213, -0.138557, 0.989228, -0.221504), (-0.652156, 0.745860, 0.135595, 0.037424), (-0.756613, -0.651533, -0.055146, 0.072195), (0.000000, 0.000000, 0.000000, 1.000000)
((0.047213, -0.138557, 0.989228, -0.221504), (-0.652156, 0.745860, 0.135595, 0.037424), (-0.756613, -0.651533, -0.055146, 0.072195), (0.000000, 0.000000, 0.000000, 1.000000)
((0.047213, -0.138557, 0.989228, -0.221504), (-0.652156, 0.745860, 0.135595, 0.037424), (-0.756613, -0.651533, -0.055146, 0.072195), (0.000000, 0.000000, 0.000000, 1.000000)
((0.047213, -0.138557, 0.989228, -0.221504), (-0.652156, 0.745860, 0.135595, 0.037424), (-0.756613, -0.651533, -0.055146, 0.072195), (0.000000, 0.000000, 0.000000, 1.000000)
((0.047213, -0.138557, 0.989228, -0.221504), (-0.652156, 0.745860, 0.135595, 0.037424), (-0.756613, -0.651533, -0.055146, 0.072195), (0.000000, 0.000000, 0.000000, 1.000000)
((0.046493, -0.140656, 0.988966, -0.225266), (-0.657872, 0.740698, 0.136274, 0.033410), (-0.751693, -0.656949, -0.058096, 0.076931), (0.000000, 0.000000, 0.000000, 1.000000)
((0.044973, -0.140200, 0.989101, -0.225833), (-0.659079, 0.739887, 0.134842, 0.032963), (-0.750728, -0.657960, -0.059128, 0.077293), (0.000000, 0.000000, 0.000000, 1.000000)
((0.045465, -0.139969, 0.989112, -0.226202), (-0.658916, 0.740002, 0.135005, 0.032880), (-0.750841, -0.657880, -0.058583, 0.077514), (0.000000, 0.000000, 0.000000, 1.000000)
((0.045465, -0.139969, 0.989112, -0.226202), (-0.658916, 0.740002, 0.135005, 0.032880), (-0.750841, -0.657880, -0.058583, 0.077514), (0.000000, 0.000000, 0.000000, 1.000000)
((0.045703, -0.141587, 0.988870, -0.227903), (-0.661241, 0.737708, 0.136187, 0.031462), (-0.748780, -0.660105, -0.059908, 0.078506), (0.000000, 0.000000, 0.000000, 1.000000)
((0.046500, -0.141063, 0.988908, -0.228566), (-0.660613, 0.738237, 0.136369, 0.030939), (-0.749286, -0.659626, -0.058860, 0.078924), (0.000000, 0.000000, 0.000000, 1.000000)
((0.046500, -0.141063, 0.988908, -0.228566), (-0.660613, 0.738237, 0.136369, 0.030939), (-0.749286, -0.659626, -0.058860, 0.078924), (0.000000, 0.000000, 0.000000, 1.000000)
((0.045541, -0.140237, 0.989070, -0.229526), (-0.661363, 0.737805, 0.135063, 0.030050), (-0.748682, -0.660285, -0.059148, 0.079628), (0.000000, 0.000000, 0.000000, 1.000000)
((0.044830, -0.142669, 0.988755, -0.230288), (-0.664872, 0.734450, 0.136120, 0.029525), (-0.745610, -0.663498, -0.061931, 0.080192), (0.000000, 0.000000, 0.000000, 1.000000)
((0.044830, -0.142669, 0.988755, -0.230288), (-0.664872, 0.734450, 0.136120, 0.029525), (-0.745610, -0.663498, -0.061931, 0.080192), (0.000000, 0.000000, 0.000000, 1.000000)
((0.046009, -0.141824, 0.988822, -0.231608), (-0.661504, 0.737407, 0.136543, 0.028691), (-0.748529, -0.660392, -0.059890, 0.081001), (0.000000, 0.000000, 0.000000, 1.000000)
((0.047103, -0.144340, 0.988406, -0.232079), (-0.663157, 0.735459, 0.139005, 0.028241), (-0.746997, -0.662016, -0.061078, 0.081207), (0.000000, 0.000000, 0.000000, 1.000000)
((0.047103, -0.144340, 0.988406, -0.232079), (-0.663157, 0.735459, 0.139005, 0.028241), (-0.746997, -0.662016, -0.061078, 0.081207), (0.000000, 0.000000, 0.000000, 1.000000)
((0.046476, -0.143292, 0.988589, -0.233327), (-0.663633, 0.735261, 0.137772, 0.027122), (-0.746613, -0.662463, -0.060922, 0.082078), (0.000000, 0.000000, 0.000000, 1.000000)
((0.044824, -0.142923, 0.988718, -0.233885), (-0.664912, 0.734380, 0.136302, 0.026812), (-0.745576, -0.663520, -0.062113, 0.082321), (0.000000, 0.000000, 0.000000, 1.000000)
((0.044824, -0.142923, 0.988718, -0.233885), (-0.664912, 0.734380, 0.136302, 0.026812), (-0.745576, -0.663520, -0.062113, 0.082321), (0.000000, 0.000000, 0.000000, 1.000000)
((0.044824, -0.142923, 0.988718, -0.233885), (-0.664912, 0.734380, 0.136302, 0.026812), (-0.745576, -0.663520, -0.062113, 0.082321), (0.000000, 0.000000, 0.000000, 1.000000)
((0.044824, -0.142923, 0.988718, -0.233885), (-0.664912, 0.734380, 0.136302, 0.026812), (-0.745576, -0.663520, -0.062113, 0.082321), (0.000000, 0.000000, 0.000000, 1.000000)
((0.046347, -0.143937, 0.988501, -0.235841), (-0.669075, 0.730324, 0.137714, 0.024739), (-0.741748, -0.667764, -0.062456, 0.083915), (0.000000, 0.000000, 0.000000, 1.000000)
((0.045086, -0.146593, 0.988169, -0.236335), (-0.670340, 0.728971, 0.138727, 0.024293), (-0.740683, -0.668664, -0.065401, 0.084401), (0.000000, 0.000000, 0.000000, 1.000000)
((0.045086, -0.146593, 0.988169, -0.236335), (-0.670340, 0.728971, 0.138727, 0.024293), (-0.740683, -0.668664, -0.065401, 0.084401), (0.000000, 0.000000, 0.000000, 1.000000)
((0.045954, -0.145921, 0.988228, -0.237531), (-0.669434, 0.729773, 0.138887, 0.023662), (-0.741448, -0.667936, -0.064148, 0.084742), (0.000000, 0.000000, 0.000000, 1.000000)
((0.047235, -0.148417, 0.987796, -0.238008), (-0.671171, 0.727686, 0.141430, 0.023284), (-0.739796, -0.669661, -0.065241, 0.085029), (0.000000, 0.000000, 0.000000, 1.000000)
((0.047235, -0.148417, 0.987796, -0.238008), (-0.671171, 0.727686, 0.141430, 0.023284), (-0.739796, -0.669661, -0.065241, 0.085029), (0.000000, 0.000000, 0.000000, 1.000000)
((0.045896, -0.147676, 0.987970, -0.239317), (-0.669525, 0.729451, 0.140136, 0.022507), (-0.741370, -0.667902, -0.065394, 0.085619), (0.000000, 0.000000, 0.000000, 1.000000)
((0.046383, -0.147433, 0.987984, -0.239868), (-0.669365, 0.729566, 0.140295, 0.022411), (-0.741484, -0.667830, -0.064847, 0.085839), (0.000000, 0.000000, 0.000000, 1.000000)
((0.045438, -0.149960, 0.987647, -0.240346), (-0.672804, 0.726218, 0.141219, 0.022031), (-0.738424, -0.670910, -0.067896, 0.086125), (0.000000, 0.000000, 0.000000, 1.000000)
((0.045438, -0.149960, 0.987647, -0.240346), (-0.672804, 0.726218, 0.141219, 0.022031), (-0.738424, -0.670910, -0.067896, 0.086125), (0.000000, 0.000000, 0.000000, 1.000000)
((0.047162, -0.151987, 0.987257, -0.241520), (-0.671543, 0.726843, 0.143976, 0.020836), (-0.739463, -0.669775, -0.067787, 0.087020), (0.000000, 0.000000, 0.000000, 1.000000)
((0.045414, -0.151775, 0.987371, -0.242058), (-0.673084, 0.725705, 0.142512, 0.020881), (-0.738170, -0.671056, -0.069200, 0.087132), (0.000000, 0.000000, 0.000000, 1.000000)
((0.045414, -0.151775, 0.987371, -0.242058), (-0.673084, 0.725705, 0.142512, 0.020881), (-0.738170, -0.671056, -0.069200, 0.087132), (0.000000, 0.000000, 0.000000, 1.000000)
((0.045414, -0.151775, 0.987371, -0.242058), (-0.673084, 0.725705, 0.142512, 0.020881), (-0.738170, -0.671056, -0.069200, 0.087132), (0.000000, 0.000000, 0.000000, 1.000000)
((0.045414, -0.151775, 0.987371, -0.242058), (-0.673084, 0.725705, 0.142512, 0.020881), (-0.738170, -0.671056, -0.069200, 0.087132), (0.000000, 0.000000, 0.000000, 1.000000)
((0.047018, -0.153152, 0.987083, -0.244200), (-0.673862, 0.724584, 0.144522, 0.020011), (-0.737359, -0.671954, -0.069135, 0.089078), (0.000000, 0.000000, 0.000000, 1.000000)
((0.047018, -0.153152, 0.987083, -0.244200), (-0.673862, 0.724584, 0.144522, 0.020011), (-0.737359, -0.671954, -0.069135, 0.089078), (0.000000, 0.000000, 0.000000, 1.000000)
((0.047018, -0.153152, 0.987083, -0.244200), (-0.673862, 0.724584, 0.144522, 0.020011), (-0.737359, -0.671954, -0.069135, 0.089078), (0.000000, 0.000000, 0.000000, 1.000000)
((0.046759, -0.158226, 0.986295, -0.245394), (-0.674187, 0.723571, 0.148041, 0.018666), (-0.737079, -0.671870, -0.072840, 0.090069), (0.000000, 0.000000, 0.000000, 1.000000)
((0.046872, -0.158149, 0.986302, -0.245586), (-0.674099, 0.723648, 0.148069, 0.018514), (-0.737152, -0.671805, -0.072690, 0.090181), (0.000000, 0.000000, 0.000000, 1.000000)
((0.046872, -0.158149, 0.986302, -0.245586), (-0.674099, 0.723648, 0.148069, 0.018514), (-0.737152, -0.671805, -0.072690, 0.090181), (0.000000, 0.000000, 0.000000, 1.000000)
((0.047919, -0.157518, 0.986353, -0.246361), (-0.673499, 0.724146, 0.148364, 0.017975), (-0.737634, -0.671417, -0.071388, 0.090717), (0.000000, 0.000000, 0.000000, 1.000000)
((0.047919, -0.157518, 0.986353, -0.246361), (-0.673499, 0.724146, 0.148364, 0.017975), (-0.737634, -0.671417, -0.071388, 0.090717), (0.000000, 0.000000, 0.000000, 1.000000)
((0.046289, -0.160297, 0.985983, -0.247268), (-0.672578, 0.724787, 0.149408, 0.018145), (-0.738577, -0.670066, -0.074262, 0.091019), (0.000000, 0.000000, 0.000000, 1.000000)
((0.047103, -0.160074, 0.985980, -0.247642), (-0.672830, 0.724480, 0.149763, 0.018345), (-0.738296, -0.670451, -0.073578, 0.091301), (0.000000, 0.000000, 0.000000, 1.000000)
((0.045492, -0.159837, 0.986095, -0.247943), (-0.674469, 0.723246, 0.148347, 0.018261), (-0.736900, -0.671839, -0.074903, 0.091649), (0.000000, 0.000000, 0.000000, 1.000000)
((0.045492, -0.159837, 0.986095, -0.247943), (-0.674469, 0.723246, 0.148347, 0.018261), (-0.736900, -0.671839, -0.074903, 0.091649), (0.000000, 0.000000, 0.000000, 1.000000)
((0.045492, -0.159837, 0.986095, -0.247943), (-0.674469, 0.723246, 0.148347, 0.018261), (-0.736900, -0.671839, -0.074903, 0.091649), (0.000000, 0.000000, 0.000000, 1.000000)
((0.045492, -0.159837, 0.986095, -0.247943), (-0.674469, 0.723246, 0.148347, 0.018261), (-0.736900, -0.671839, -0.074903, 0.091649), (0.000000, 0.000000, 0.000000, 1.000000)
((0.046135, -0.162155, 0.985686, -0.249677), (-0.672636, 0.724473, 0.150665, 0.019346), (-0.738534, -0.669959, -0.075648, 0.093428), (0.000000, 0.000000, 0.000000, 1.000000)
((0.046135, -0.162155, 0.985686, -0.249677), (-0.672636, 0.724473, 0.150665, 0.019346), (-0.738534, -0.669959, -0.075648, 0.093428), (0.000000, 0.000000, 0.000000, 1.000000)
((0.046135, -0.162155, 0.985686, -0.249677), (-0.672636, 0.724473, 0.150665, 0.019346), (-0.738534, -0.669959, -0.075648, 0.093428), (0.000000, 0.000000, 0.000000, 1.000000)
((0.043948, -0.163874, 0.985502, -0.252379), (-0.674402, 0.722908, 0.150284, 0.020747), (-0.737055, -0.671229, -0.078746, 0.095964), (0.000000, 0.000000, 0.000000, 1.000000)
((0.044467, -0.163683, 0.985510, -0.252766), (-0.674440, 0.722831, 0.150486, 0.020729), (-0.736989, -0.671360, -0.078253, 0.096259), (0.000000, 0.000000, 0.000000, 1.000000)
((0.044467, -0.163683, 0.985510, -0.252766), (-0.674440, 0.722831, 0.150486, 0.020729), (-0.736989, -0.671360, -0.078253, 0.096259), (0.000000, 0.000000, 0.000000, 1.000000)
((0.044086, -0.165945, 0.985149, -0.254479), (-0.671577, 0.725134, 0.152199, 0.021077), (-0.739622, -0.668314, -0.079476, 0.097412), (0.000000, 0.000000, 0.000000, 1.000000)
((0.044086, -0.165945, 0.985149, -0.254479), (-0.671577, 0.725134, 0.152199, 0.021077), (-0.739622, -0.668314, -0.079476, 0.097412), (0.000000, 0.000000, 0.000000, 1.000000)
((0.044086, -0.165945, 0.985149, -0.254479), (-0.671577, 0.725134, 0.152199, 0.021077), (-0.739622, -0.668314, -0.079476, 0.097412), (0.000000, 0.000000, 0.000000, 1.000000)
((0.044086, -0.165945, 0.985149, -0.254479), (-0.671577, 0.725134, 0.152199, 0.021077), (-0.739622, -0.668314, -0.079476, 0.097412), (0.000000, 0.000000, 0.000000, 1.000000)
((0.044086, -0.165945, 0.985149, -0.254479), (-0.671577, 0.725134, 0.152199, 0.021077), (-0.739622, -0.668314, -0.079476, 0.097412), (0.000000, 0.000000, 0.000000, 1.000000)
((0.044086, -0.165945, 0.985149, -0.254479), (-0.671577, 0.725134, 0.152199, 0.021077), (-0.739622, -0.668314, -0.079476, 0.097412), (0.000000, 0.000000, 0.000000, 1.000000)
((0.044086, -0.165945, 0.985149, -0.254479), (-0.671577, 0.725134, 0.152199, 0.021077), (-0.739622, -0.668314, -0.079476, 0.097412), (0.000000, 0.000000, 0.000000, 1.000000)
((0.041148, -0.164091, 0.985587, -0.258835), (-0.677959, 0.720010, 0.148180, 0.024098), (-0.733947, -0.674284, -0.081620, 0.099697), (0.000000, 0.000000, 0.000000, 1.000000)
((0.041148, -0.164091, 0.985587, -0.258835), (-0.677959, 0.720010, 0.148180, 0.024098), (-0.733947, -0.674284, -0.081620, 0.099697), (0.000000, 0.000000, 0.000000, 1.000000)
((0.041148, -0.164091, 0.985587, -0.258835), (-0.677959, 0.720010, 0.148180, 0.024098), (-0.733947, -0.674284, -0.081620, 0.099697), (0.000000, 0.000000, 0.000000, 1.000000)
((0.040000, -0.165925, 0.985327, -0.261117), (-0.677569, 0.720250, 0.148794, 0.024859), (-0.734370, -0.673579, -0.083616, 0.101809), (0.000000, 0.000000, 0.000000, 1.000000)
((0.040000, -0.165925, 0.985327, -0.261117), (-0.677569, 0.720250, 0.148794, 0.024859), (-0.734370, -0.673579, -0.083616, 0.101809), (0.000000, 0.000000, 0.000000, 1.000000)
((0.040000, -0.165925, 0.985327, -0.261117), (-0.677569, 0.720250, 0.148794, 0.024859), (-0.734370, -0.673579, -0.083616, 0.101809), (0.000000, 0.000000, 0.000000, 1.000000)
((0.036247, -0.167637, 0.985182, -0.263503), (-0.676398, 0.721581, 0.147669, 0.025756), (-0.735644, -0.671728, -0.087234, 0.103953), (0.000000, 0.000000, 0.000000, 1.000000)
((0.036247, -0.167637, 0.985182, -0.263503), (-0.676398, 0.721581, 0.147669, 0.025756), (-0.735644, -0.671728, -0.087234, 0.103953), (0.000000, 0.000000, 0.000000, 1.000000)
((0.036247, -0.167637, 0.985182, -0.263503), (-0.676398, 0.721581, 0.147669, 0.025756), (-0.735644, -0.671728, -0.087234, 0.103953), (0.000000, 0.000000, 0.000000, 1.000000)
((0.036247, -0.167637, 0.985182, -0.263503), (-0.676398, 0.721581, 0.147669, 0.025756), (-0.735644, -0.671728, -0.087234, 0.103953), (0.000000, 0.000000, 0.000000, 1.000000)
((0.036247, -0.167637, 0.985182, -0.263503), (-0.676398, 0.721581, 0.147669, 0.025756), (-0.735644, -0.671728, -0.087234, 0.103953), (0.000000, 0.000000, 0.000000, 1.000000)
((0.036247, -0.167637, 0.985182, -0.263503), (-0.676398, 0.721581, 0.147669, 0.025756), (-0.735644, -0.671728, -0.087234, 0.103953), (0.000000, 0.000000, 0.000000, 1.000000)
((0.029159, -0.170318, 0.984958, -0.268790), (-0.674065, 0.724262, 0.145194, 0.029241), (-0.738096, -0.668159, -0.093687, 0.110548), (0.000000, 0.000000, 0.000000, 1.000000)
((0.029835, -0.170056, 0.984983, -0.269154), (-0.672181, 0.725912, 0.145688, 0.029450), (-0.739786, -0.666433, -0.092650, 0.111243), (0.000000, 0.000000, 0.000000, 1.000000)
((0.029835, -0.170056, 0.984983, -0.269154), (-0.672181, 0.725912, 0.145688, 0.029450), (-0.739786, -0.666433, -0.092650, 0.111243), (0.000000, 0.000000, 0.000000, 1.000000)
((0.029835, -0.170056, 0.984983, -0.269154), (-0.672181, 0.725912, 0.145688, 0.029450), (-0.739786, -0.666433, -0.092650, 0.111243), (0.000000, 0.000000, 0.000000, 1.000000)
((0.020616, -0.170240, 0.985187, -0.271842), (-0.670867, 0.728265, 0.139883, 0.033005), (-0.741291, -0.663813, -0.099195, 0.117575), (0.000000, 0.000000, 0.000000, 1.000000)
((0.021203, -0.173154, 0.984667, -0.272044), (-0.669399, 0.729084, 0.142624, 0.033526), (-0.742600, -0.662159, -0.100450, 0.118334), (0.000000, 0.000000, 0.000000, 1.000000)
((0.021203, -0.173154, 0.984667, -0.272044), (-0.669399, 0.729084, 0.142624, 0.033526), (-0.742600, -0.662159, -0.100450, 0.118334), (0.000000, 0.000000, 0.000000, 1.000000)
((0.021203, -0.173154, 0.984667, -0.272044), (-0.669399, 0.729084, 0.142624, 0.033526), (-0.742600, -0.662159, -0.100450, 0.118334), (0.000000, 0.000000, 0.000000, 1.000000)
</SampleFrames>
<SampleWeights Num="93">1
1
1
1
1
1
1
1
1
1
1
1
1
1
1
1
1
1
1
1
1
1
1
1
1
1
1
1
1
1
1
1
1
1
1
1
1
1
1
1
1
1
1
1
1
1
1
1
1
1
1
1
1
1
1
1
1
1
1
1
1
1
1
1
1
1
1
1
1
1
1
1
1
1
1
1
1
1
1
1
1
1
1
1
1
1
1
1
1
1
1
1
1
</SampleWeights>
</PointSplatMark>
