<PointSplatMark HeadPosAtStart="(0.211852, 0.541139, 2.005)" BrushTip="0" BrushInterface="DirectDraw" SuperSamplesPerWidth="20" Draw="0" Width="0.01" Pose="1" LayerIndex="0" Name="fwing" RoomToVirtualScaleAtStart="1" RoomToVirtualFrameAtStart="((0.933774, -0.270389, 0.234429, 0.043411), (0.233518, 0.956769, 0.173388, 0.006498), (-0.271176, -0.107162, 0.956546, -0.316505), (0.000000, 0.000000, 0.000000, 1.000000)" ColorSwatch="0.00863503"><SamplePoints Num="121">(-0.0696913, 0.230377, 0.0426588)
(-0.0697605, 0.230261, 0.0420061)
(-0.0697317, 0.229422, 0.0407391)
(-0.0697215, 0.228824, 0.0397694)
(-0.0697266, 0.228586, 0.0393229)
(-0.0697266, 0.228586, 0.0393229)
(-0.0706545, 0.226053, 0.0360867)
(-0.0706545, 0.226053, 0.0360867)
(-0.0706545, 0.226053, 0.0360867)
(-0.0710815, 0.224177, 0.0329)
(-0.0716501, 0.222837, 0.0311562)
(-0.0716501, 0.222837, 0.0311562)
(-0.0718364, 0.221335, 0.0272844)
(-0.0717496, 0.220818, 0.0255025)
(-0.0717858, 0.220473, 0.024658)
(-0.07203, 0.219265, 0.0223639)
(-0.0723813, 0.217996, 0.0206923)
(-0.0725384, 0.217245, 0.0197708)
(-0.0724562, 0.215853, 0.0178607)
(-0.0724562, 0.215853, 0.0178607)
(-0.0724562, 0.215853, 0.0178607)
(-0.0724562, 0.215853, 0.0178607)
(-0.0723488, 0.206386, 0.00614813)
(-0.0723488, 0.206386, 0.00614813)
(-0.0723488, 0.206386, 0.00614813)
(-0.0720048, 0.199769, -0.00186211)
(-0.072196, 0.197199, -0.00486049)
(-0.072196, 0.197199, -0.00486049)
(-0.0722626, 0.191901, -0.0104888)
(-0.0722039, 0.18962, -0.0127518)
(-0.0722039, 0.18962, -0.0127518)
(-0.0730592, 0.182599, -0.0198026)
(-0.0730592, 0.182599, -0.0198026)
(-0.0730592, 0.182599, -0.0198026)
(-0.0731464, 0.174532, -0.0307599)
(-0.0731464, 0.174532, -0.0307599)
(-0.0731464, 0.174532, -0.0307599)
(-0.0731464, 0.174532, -0.0307599)
(-0.0729598, 0.165762, -0.0398126)
(-0.0729598, 0.165762, -0.0398126)
(-0.0729598, 0.165762, -0.0398126)
(-0.0725762, 0.159394, -0.0460137)
(-0.0725762, 0.159394, -0.0460137)
(-0.0725762, 0.159394, -0.0460137)
(-0.0721315, 0.153452, -0.0510473)
(-0.0719823, 0.152296, -0.0521409)
(-0.0719823, 0.152296, -0.0521409)
(-0.0709306, 0.145946, -0.0579348)
(-0.0709306, 0.145946, -0.0579348)
(-0.0709306, 0.145946, -0.0579348)
(-0.0709306, 0.145946, -0.0579348)
(-0.0685327, 0.13587, -0.0667587)
(-0.0685327, 0.13587, -0.0667587)
(-0.0685327, 0.13587, -0.0667587)
(-0.0665375, 0.125578, -0.0745529)
(-0.0658534, 0.122428, -0.0769493)
(-0.0658534, 0.122428, -0.0769493)
(-0.0643784, 0.115536, -0.0820694)
(-0.0643784, 0.115536, -0.0820694)
(-0.0643784, 0.115536, -0.0820694)
(-0.0616075, 0.106742, -0.0884022)
(-0.0604581, 0.102854, -0.0902424)
(-0.0592541, 0.099288, -0.0911312)
(-0.0586481, 0.0965215, -0.0919991)
(-0.0581665, 0.093138, -0.0935031)
(-0.0581665, 0.093138, -0.0935031)
(-0.0581665, 0.093138, -0.0935031)
(-0.0537611, 0.0791505, -0.100487)
(-0.0529961, 0.0756803, -0.102799)
(-0.0521879, 0.0720096, -0.10517)
(-0.0521879, 0.0720096, -0.10517)
(-0.0502923, 0.0659769, -0.109517)
(-0.0502923, 0.0659769, -0.109517)
(-0.0502923, 0.0659769, -0.109517)
(-0.048259, 0.0563414, -0.114214)
(-0.0480629, 0.0544504, -0.114984)
(-0.0480629, 0.0544504, -0.114984)
(-0.0451828, 0.0445954, -0.118198)
(-0.0441878, 0.039924, -0.119802)
(-0.0437212, 0.0374964, -0.120965)
(-0.0437212, 0.0374964, -0.120965)
(-0.0389396, 0.0267358, -0.126629)
(-0.0373799, 0.0242655, -0.12798)
(-0.035563, 0.021424, -0.129478)
(-0.0339022, 0.017574, -0.131278)
(-0.0328784, 0.0152352, -0.132223)
(-0.0315605, 0.012568, -0.133021)
(-0.0301232, 0.0101555, -0.133795)
(-0.0294198, 0.00857165, -0.134319)
(-0.0284151, 0.0064893, -0.134933)
(-0.0284151, 0.0064893, -0.134933)
(-0.0263945, 0.000898929, -0.136127)
(-0.0255968, -0.00227999, -0.136388)
(-0.0251973, -0.00391122, -0.136583)
(-0.0251973, -0.00391122, -0.136583)
(-0.0221459, -0.0125044, -0.138546)
(-0.0221459, -0.0125044, -0.138546)
(-0.0221459, -0.0125044, -0.138546)
(-0.019349, -0.0225553, -0.141023)
(-0.0189116, -0.0247073, -0.14071)
(-0.0189116, -0.0247073, -0.14071)
(-0.0173172, -0.0300073, -0.140639)
(-0.0167089, -0.032522, -0.140978)
(-0.0164057, -0.0337396, -0.14109)
(-0.0144609, -0.03694, -0.141061)
(-0.0144609, -0.03694, -0.141061)
(-0.0124345, -0.0401616, -0.141667)
(-0.0116282, -0.0421265, -0.142125)
(-0.0116282, -0.0421265, -0.142125)
(-0.0116282, -0.0421265, -0.142125)
(-0.0116282, -0.0421265, -0.142125)
(-0.0116282, -0.0421265, -0.142125)
(-0.0059628, -0.0496948, -0.143039)
(-0.0059628, -0.0496948, -0.143039)
(-0.0059628, -0.0496948, -0.143039)
(-0.000883471, -0.0552666, -0.145278)
(0.000535578, -0.0573377, -0.145471)
(0.000535578, -0.0573377, -0.145471)
(0.00423583, -0.0623524, -0.146368)
(0.00423583, -0.0623524, -0.146368)
(0.00423583, -0.0623524, -0.146368)
</SamplePoints>
<SampleFrames Num="121">((-0.600755, 0.117195, 0.790796, -0.069691), (-0.784138, 0.106184, -0.611434, 0.230377), (-0.155627, -0.987416, 0.028107, 0.042659), (0.000000, 0.000000, 0.000000, 1.000000)
((-0.601586, 0.117523, 0.790115, -0.069761), (-0.783986, 0.102792, -0.612209, 0.230261), (-0.153166, -0.987736, 0.030298, 0.042006), (0.000000, 0.000000, 0.000000, 1.000000)
((-0.601944, 0.116975, 0.789924, -0.069732), (-0.783439, 0.104948, -0.612543, 0.229422), (-0.154553, -0.987574, 0.028470, 0.040739), (0.000000, 0.000000, 0.000000, 1.000000)
((-0.600631, 0.118367, 0.790716, -0.069721), (-0.784522, 0.103449, -0.611411, 0.228824), (-0.154170, -0.987566, 0.030727, 0.039769), (0.000000, 0.000000, 0.000000, 1.000000)
((-0.600793, 0.118118, 0.790630, -0.069727), (-0.784273, 0.104429, -0.611564, 0.228586), (-0.154801, -0.987493, 0.029897, 0.039323), (0.000000, 0.000000, 0.000000, 1.000000)
((-0.600793, 0.118118, 0.790630, -0.069727), (-0.784273, 0.104429, -0.611564, 0.228586), (-0.154801, -0.987493, 0.029897, 0.039323), (0.000000, 0.000000, 0.000000, 1.000000)
((-0.601070, 0.117963, 0.790442, -0.070654), (-0.784662, 0.100663, -0.611697, 0.226053), (-0.151726, -0.987903, 0.032056, 0.036087), (0.000000, 0.000000, 0.000000, 1.000000)
((-0.601070, 0.117963, 0.790442, -0.070654), (-0.784662, 0.100663, -0.611697, 0.226053), (-0.151726, -0.987903, 0.032056, 0.036087), (0.000000, 0.000000, 0.000000, 1.000000)
((-0.601070, 0.117963, 0.790442, -0.070654), (-0.784662, 0.100663, -0.611697, 0.226053), (-0.151726, -0.987903, 0.032056, 0.036087), (0.000000, 0.000000, 0.000000, 1.000000)
((-0.601843, 0.119820, 0.789575, -0.071081), (-0.784757, 0.094649, -0.612534, 0.224177), (-0.148126, -0.988274, 0.037065, 0.032900), (0.000000, 0.000000, 0.000000, 1.000000)
((-0.601121, 0.119489, 0.790174, -0.071650), (-0.785687, 0.092414, -0.611683, 0.222837), (-0.146112, -0.988525, 0.038329, 0.031156), (0.000000, 0.000000, 0.000000, 1.000000)
((-0.601121, 0.119489, 0.790174, -0.071650), (-0.785687, 0.092414, -0.611683, 0.222837), (-0.146112, -0.988525, 0.038329, 0.031156), (0.000000, 0.000000, 0.000000, 1.000000)
((-0.599497, 0.119903, 0.791345, -0.071836), (-0.787320, 0.089521, -0.610011, 0.221335), (-0.143984, -0.988741, 0.040734, 0.027284), (0.000000, 0.000000, 0.000000, 1.000000)
((-0.600758, 0.119595, 0.790435, -0.071750), (-0.786622, 0.087852, -0.611152, 0.220818), (-0.142532, -0.988928, 0.041298, 0.025503), (0.000000, 0.000000, 0.000000, 1.000000)
((-0.599138, 0.123081, 0.791129, -0.071786), (-0.787394, 0.088453, -0.610071, 0.220473), (-0.145066, -0.988447, 0.043917, 0.024658), (0.000000, 0.000000, 0.000000, 1.000000)
((-0.599480, 0.122894, 0.790899, -0.072030), (-0.788032, 0.082349, -0.610102, 0.219265), (-0.140108, -0.988997, 0.047478, 0.022364), (0.000000, 0.000000, 0.000000, 1.000000)
((-0.598488, 0.124410, 0.791413, -0.072381), (-0.788629, 0.082353, -0.609329, 0.217996), (-0.140982, -0.988807, 0.048826, 0.020692), (0.000000, 0.000000, 0.000000, 1.000000)
((-0.599120, 0.122243, 0.791272, -0.072538), (-0.788473, 0.081691, -0.609621, 0.217245), (-0.139162, -0.989133, 0.047442, 0.019771), (0.000000, 0.000000, 0.000000, 1.000000)
((-0.596054, 0.124773, 0.793191, -0.072456), (-0.790349, 0.083117, -0.606993, 0.215853), (-0.141664, -0.988698, 0.049072, 0.017861), (0.000000, 0.000000, 0.000000, 1.000000)
((-0.596054, 0.124773, 0.793191, -0.072456), (-0.790349, 0.083117, -0.606993, 0.215853), (-0.141664, -0.988698, 0.049072, 0.017861), (0.000000, 0.000000, 0.000000, 1.000000)
((-0.596054, 0.124773, 0.793191, -0.072456), (-0.790349, 0.083117, -0.606993, 0.215853), (-0.141664, -0.988698, 0.049072, 0.017861), (0.000000, 0.000000, 0.000000, 1.000000)
((-0.596054, 0.124773, 0.793191, -0.072456), (-0.790349, 0.083117, -0.606993, 0.215853), (-0.141664, -0.988698, 0.049072, 0.017861), (0.000000, 0.000000, 0.000000, 1.000000)
((-0.594042, 0.129362, 0.793965, -0.072349), (-0.792918, 0.072251, -0.605030, 0.206386), (-0.135633, -0.988962, 0.059653, 0.006148), (0.000000, 0.000000, 0.000000, 1.000000)
((-0.594042, 0.129362, 0.793965, -0.072349), (-0.792918, 0.072251, -0.605030, 0.206386), (-0.135633, -0.988962, 0.059653, 0.006148), (0.000000, 0.000000, 0.000000, 1.000000)
((-0.594042, 0.129362, 0.793965, -0.072349), (-0.792918, 0.072251, -0.605030, 0.206386), (-0.135633, -0.988962, 0.059653, 0.006148), (0.000000, 0.000000, 0.000000, 1.000000)
((-0.591522, 0.130618, 0.795639, -0.072005), (-0.795793, 0.064128, -0.602164, 0.199769), (-0.129676, -0.989357, 0.066012, -0.001862), (0.000000, 0.000000, 0.000000, 1.000000)
((-0.590427, 0.131962, 0.796230, -0.072196), (-0.796890, 0.061045, -0.601033, 0.197199), (-0.127919, -0.989373, 0.069117, -0.004860), (0.000000, 0.000000, 0.000000, 1.000000)
((-0.590427, 0.131962, 0.796230, -0.072196), (-0.796890, 0.061045, -0.601033, 0.197199), (-0.127919, -0.989373, 0.069117, -0.004860), (0.000000, 0.000000, 0.000000, 1.000000)
((-0.588003, 0.136566, 0.797247, -0.072263), (-0.798792, 0.056981, -0.598903, 0.191901), (-0.127218, -0.988991, 0.075583, -0.010489), (0.000000, 0.000000, 0.000000, 1.000000)
((-0.588454, 0.134088, 0.797335, -0.072204), (-0.799146, 0.053357, -0.598764, 0.189620), (-0.122830, -0.989532, 0.075758, -0.012752), (0.000000, 0.000000, 0.000000, 1.000000)
((-0.588454, 0.134088, 0.797335, -0.072204), (-0.799146, 0.053357, -0.598764, 0.189620), (-0.122830, -0.989532, 0.075758, -0.012752), (0.000000, 0.000000, 0.000000, 1.000000)
((-0.586281, 0.133157, 0.799089, -0.073059), (-0.802024, 0.043594, -0.595699, 0.182599), (-0.114157, -0.990136, 0.081237, -0.019803), (0.000000, 0.000000, 0.000000, 1.000000)
((-0.586281, 0.133157, 0.799089, -0.073059), (-0.802024, 0.043594, -0.595699, 0.182599), (-0.114157, -0.990136, 0.081237, -0.019803), (0.000000, 0.000000, 0.000000, 1.000000)
((-0.586281, 0.133157, 0.799089, -0.073059), (-0.802024, 0.043594, -0.595699, 0.182599), (-0.114157, -0.990136, 0.081237, -0.019803), (0.000000, 0.000000, 0.000000, 1.000000)
((-0.585764, 0.133461, 0.799418, -0.073146), (-0.803710, 0.031582, -0.594182, 0.174532), (-0.104547, -0.990551, 0.088764, -0.030760), (0.000000, 0.000000, 0.000000, 1.000000)
((-0.585764, 0.133461, 0.799418, -0.073146), (-0.803710, 0.031582, -0.594182, 0.174532), (-0.104547, -0.990551, 0.088764, -0.030760), (0.000000, 0.000000, 0.000000, 1.000000)
((-0.585764, 0.133461, 0.799418, -0.073146), (-0.803710, 0.031582, -0.594182, 0.174532), (-0.104547, -0.990551, 0.088764, -0.030760), (0.000000, 0.000000, 0.000000, 1.000000)
((-0.585764, 0.133461, 0.799418, -0.073146), (-0.803710, 0.031582, -0.594182, 0.174532), (-0.104547, -0.990551, 0.088764, -0.030760), (0.000000, 0.000000, 0.000000, 1.000000)
((-0.581491, 0.139493, 0.801505, -0.072960), (-0.806714, 0.028609, -0.590249, 0.165762), (-0.105266, -0.989810, 0.095895, -0.039813), (0.000000, 0.000000, 0.000000, 1.000000)
((-0.581491, 0.139493, 0.801505, -0.072960), (-0.806714, 0.028609, -0.590249, 0.165762), (-0.105266, -0.989810, 0.095895, -0.039813), (0.000000, 0.000000, 0.000000, 1.000000)
((-0.581491, 0.139493, 0.801505, -0.072960), (-0.806714, 0.028609, -0.590249, 0.165762), (-0.105266, -0.989810, 0.095895, -0.039813), (0.000000, 0.000000, 0.000000, 1.000000)
((-0.581818, 0.140573, 0.801079, -0.072576), (-0.807194, 0.020846, -0.589917, 0.159394), (-0.099626, -0.989851, 0.101341, -0.046014), (0.000000, 0.000000, 0.000000, 1.000000)
((-0.581818, 0.140573, 0.801079, -0.072576), (-0.807194, 0.020846, -0.589917, 0.159394), (-0.099626, -0.989851, 0.101341, -0.046014), (0.000000, 0.000000, 0.000000, 1.000000)
((-0.581818, 0.140573, 0.801079, -0.072576), (-0.807194, 0.020846, -0.589917, 0.159394), (-0.099626, -0.989851, 0.101341, -0.046014), (0.000000, 0.000000, 0.000000, 1.000000)
((-0.579727, 0.139743, 0.802738, -0.072132), (-0.809128, 0.017425, -0.587374, 0.153452), (-0.096069, -0.990034, 0.102969, -0.051047), (0.000000, 0.000000, 0.000000, 1.000000)
((-0.579463, 0.141617, 0.802600, -0.071982), (-0.809276, 0.016514, -0.587196, 0.152296), (-0.096412, -0.989784, 0.105038, -0.052141), (0.000000, 0.000000, 0.000000, 1.000000)
((-0.579463, 0.141617, 0.802600, -0.071982), (-0.809276, 0.016514, -0.587196, 0.152296), (-0.096412, -0.989784, 0.105038, -0.052141), (0.000000, 0.000000, 0.000000, 1.000000)
((-0.576895, 0.144299, 0.803971, -0.070931), (-0.811262, 0.013382, -0.584529, 0.145946), (-0.095106, -0.989444, 0.109344, -0.057935), (0.000000, 0.000000, 0.000000, 1.000000)
((-0.576895, 0.144299, 0.803971, -0.070931), (-0.811262, 0.013382, -0.584529, 0.145946), (-0.095106, -0.989444, 0.109344, -0.057935), (0.000000, 0.000000, 0.000000, 1.000000)
((-0.576895, 0.144299, 0.803971, -0.070931), (-0.811262, 0.013382, -0.584529, 0.145946), (-0.095106, -0.989444, 0.109344, -0.057935), (0.000000, 0.000000, 0.000000, 1.000000)
((-0.576895, 0.144299, 0.803971, -0.070931), (-0.811262, 0.013382, -0.584529, 0.145946), (-0.095106, -0.989444, 0.109344, -0.057935), (0.000000, 0.000000, 0.000000, 1.000000)
((-0.574493, 0.152192, 0.804236, -0.068533), (-0.813001, 0.007704, -0.582212, 0.135870), (-0.094804, -0.988321, 0.119307, -0.066759), (0.000000, 0.000000, 0.000000, 1.000000)
((-0.574493, 0.152192, 0.804236, -0.068533), (-0.813001, 0.007704, -0.582212, 0.135870), (-0.094804, -0.988321, 0.119307, -0.066759), (0.000000, 0.000000, 0.000000, 1.000000)
((-0.574493, 0.152192, 0.804236, -0.068533), (-0.813001, 0.007704, -0.582212, 0.135870), (-0.094804, -0.988321, 0.119307, -0.066759), (0.000000, 0.000000, 0.000000, 1.000000)
((-0.572216, 0.154837, 0.805354, -0.066537), (-0.814899, 0.003103, -0.579595, 0.125578), (-0.092242, -0.987935, 0.124401, -0.074553), (0.000000, 0.000000, 0.000000, 1.000000)
((-0.571072, 0.158513, 0.805451, -0.065853), (-0.815692, 0.000782, -0.578486, 0.122428), (-0.092327, -0.987357, 0.128851, -0.076949), (0.000000, 0.000000, 0.000000, 1.000000)
((-0.571072, 0.158513, 0.805451, -0.065853), (-0.815692, 0.000782, -0.578486, 0.122428), (-0.092327, -0.987357, 0.128851, -0.076949), (0.000000, 0.000000, 0.000000, 1.000000)
((-0.570326, 0.159947, 0.805695, -0.064378), (-0.816669, -0.005091, -0.577084, 0.115536), (-0.088202, -0.987112, 0.133528, -0.082069), (0.000000, 0.000000, 0.000000, 1.000000)
((-0.570326, 0.159947, 0.805695, -0.064378), (-0.816669, -0.005091, -0.577084, 0.115536), (-0.088202, -0.987112, 0.133528, -0.082069), (0.000000, 0.000000, 0.000000, 1.000000)
((-0.570326, 0.159947, 0.805695, -0.064378), (-0.816669, -0.005091, -0.577084, 0.115536), (-0.088202, -0.987112, 0.133528, -0.082069), (0.000000, 0.000000, 0.000000, 1.000000)
((-0.568087, 0.163801, 0.806503, -0.061608), (-0.817964, -0.004465, -0.575253, 0.106742), (-0.090626, -0.986483, 0.136520, -0.088402), (0.000000, 0.000000, 0.000000, 1.000000)
((-0.565561, 0.167287, 0.807562, -0.060458), (-0.819368, -0.002746, -0.573261, 0.102854), (-0.093682, -0.985904, 0.138623, -0.090242), (0.000000, 0.000000, 0.000000, 1.000000)
((-0.562884, 0.168635, 0.809150, -0.059254), (-0.820875, 0.000324, -0.571108, 0.099288), (-0.096571, -0.985678, 0.138246, -0.091131), (0.000000, 0.000000, 0.000000, 1.000000)
((-0.562473, 0.169088, 0.809341, -0.058648), (-0.821511, -0.003585, -0.570182, 0.096522), (-0.093509, -0.985594, 0.140924, -0.091999), (0.000000, 0.000000, 0.000000, 1.000000)
((-0.560375, 0.169015, 0.810810, -0.058166), (-0.822855, -0.002173, -0.568247, 0.093138), (-0.094280, -0.985611, 0.140292, -0.093503), (0.000000, 0.000000, 0.000000, 1.000000)
((-0.560375, 0.169015, 0.810810, -0.058166), (-0.822855, -0.002173, -0.568247, 0.093138), (-0.094280, -0.985611, 0.140292, -0.093503), (0.000000, 0.000000, 0.000000, 1.000000)
((-0.560375, 0.169015, 0.810810, -0.058166), (-0.822855, -0.002173, -0.568247, 0.093138), (-0.094280, -0.985611, 0.140292, -0.093503), (0.000000, 0.000000, 0.000000, 1.000000)
((-0.555680, 0.176097, 0.812533, -0.053761), (-0.825880, -0.004526, -0.563827, 0.079150), (-0.095611, -0.984362, 0.147950, -0.100487), (0.000000, 0.000000, 0.000000, 1.000000)
((-0.556477, 0.174008, 0.812437, -0.052996), (-0.825886, -0.008974, -0.563766, 0.075680), (-0.090809, -0.984703, 0.148705, -0.102799), (0.000000, 0.000000, 0.000000, 1.000000)
((-0.552933, 0.175711, 0.814488, -0.052188), (-0.827879, -0.005298, -0.560881, 0.072010), (-0.094238, -0.984428, 0.148397, -0.105170), (0.000000, 0.000000, 0.000000, 1.000000)
((-0.552933, 0.175711, 0.814488, -0.052188), (-0.827879, -0.005298, -0.560881, 0.072010), (-0.094238, -0.984428, 0.148397, -0.105170), (0.000000, 0.000000, 0.000000, 1.000000)
((-0.549094, 0.178899, 0.816389, -0.050292), (-0.829991, -0.002144, -0.557772, 0.065977), (-0.098034, -0.983865, 0.149662, -0.109517), (0.000000, 0.000000, 0.000000, 1.000000)
((-0.549094, 0.178899, 0.816389, -0.050292), (-0.829991, -0.002144, -0.557772, 0.065977), (-0.098034, -0.983865, 0.149662, -0.109517), (0.000000, 0.000000, 0.000000, 1.000000)
((-0.549094, 0.178899, 0.816389, -0.050292), (-0.829991, -0.002144, -0.557772, 0.065977), (-0.098034, -0.983865, 0.149662, -0.109517), (0.000000, 0.000000, 0.000000, 1.000000)
((-0.547105, 0.181342, 0.817185, -0.048259), (-0.831374, -0.004080, -0.555699, 0.056341), (-0.097437, -0.983412, 0.152995, -0.114214), (0.000000, 0.000000, 0.000000, 1.000000)
((-0.544375, 0.183824, 0.818452, -0.048063), (-0.832851, -0.002041, -0.553494, 0.054450), (-0.100075, -0.982957, 0.154209, -0.114984), (0.000000, 0.000000, 0.000000, 1.000000)
((-0.544375, 0.183824, 0.818452, -0.048063), (-0.832851, -0.002041, -0.553494, 0.054450), (-0.100075, -0.982957, 0.154209, -0.114984), (0.000000, 0.000000, 0.000000, 1.000000)
((-0.542166, 0.183776, 0.819928, -0.045183), (-0.834451, -0.003107, -0.551073, 0.044595), (-0.098727, -0.982963, 0.155037, -0.118198), (0.000000, 0.000000, 0.000000, 1.000000)
((-0.539905, 0.182656, 0.821669, -0.044188), (-0.836235, -0.005071, -0.548348, 0.039924), (-0.095993, -0.983164, 0.155481, -0.119802), (0.000000, 0.000000, 0.000000, 1.000000)
((-0.537367, 0.184904, 0.822829, -0.043721), (-0.837523, -0.002527, -0.546396, 0.037496), (-0.098952, -0.982753, 0.156220, -0.120965), (0.000000, 0.000000, 0.000000, 1.000000)
((-0.537367, 0.184904, 0.822829, -0.043721), (-0.837523, -0.002527, -0.546396, 0.037496), (-0.098952, -0.982753, 0.156220, -0.120965), (0.000000, 0.000000, 0.000000, 1.000000)
((-0.533308, 0.189862, 0.824339, -0.038940), (-0.839707, -0.000925, -0.543038, 0.026736), (-0.102340, -0.981810, 0.159922, -0.126629), (0.000000, 0.000000, 0.000000, 1.000000)
((-0.533418, 0.191184, 0.823963, -0.037380), (-0.839688, -0.002297, -0.543065, 0.024266), (-0.101933, -0.981551, 0.161761, -0.127980), (0.000000, 0.000000, 0.000000, 1.000000)
((-0.534231, 0.190727, 0.823541, -0.035563), (-0.839552, -0.005914, -0.543248, 0.021424), (-0.098742, -0.981625, 0.163284, -0.129478), (0.000000, 0.000000, 0.000000, 1.000000)
((-0.533457, 0.192738, 0.823575, -0.033902), (-0.840059, -0.007210, -0.542447, 0.017574), (-0.098612, -0.981224, 0.165757, -0.131278), (0.000000, 0.000000, 0.000000, 1.000000)
((-0.531162, 0.194602, 0.824619, -0.032878), (-0.841199, -0.004822, -0.540704, 0.015235), (-0.101246, -0.980870, 0.166260, -0.132223), (0.000000, 0.000000, 0.000000, 1.000000)
((-0.528875, 0.196358, 0.825672, -0.031561), (-0.842351, -0.002677, -0.538922, 0.012568), (-0.103611, -0.980529, 0.166818, -0.133021), (0.000000, 0.000000, 0.000000, 1.000000)
((-0.530651, 0.196040, 0.824608, -0.030123), (-0.841546, -0.005879, -0.540153, 0.010155), (-0.101043, -0.980578, 0.168097, -0.133795), (0.000000, 0.000000, 0.000000, 1.000000)
((-0.529880, 0.195900, 0.825137, -0.029420), (-0.842081, -0.006086, -0.539316, 0.008572), (-0.100630, -0.980605, 0.168188, -0.134319), (0.000000, 0.000000, 0.000000, 1.000000)
((-0.527528, 0.197961, 0.826151, -0.028415), (-0.843288, -0.004275, -0.537446, 0.006489), (-0.102862, -0.980201, 0.169193, -0.134933), (0.000000, 0.000000, 0.000000, 1.000000)
((-0.527528, 0.197961, 0.826151, -0.028415), (-0.843288, -0.004275, -0.537446, 0.006489), (-0.102862, -0.980201, 0.169193, -0.134933), (0.000000, 0.000000, 0.000000, 1.000000)
((-0.526928, 0.200233, 0.825986, -0.026395), (-0.843651, -0.005499, -0.536864, 0.000899), (-0.102956, -0.979733, 0.171824, -0.136127), (0.000000, 0.000000, 0.000000, 1.000000)
((-0.526248, 0.200364, 0.826388, -0.025597), (-0.843988, -0.004599, -0.536342, -0.002280), (-0.103663, -0.979711, 0.171525, -0.136388), (0.000000, 0.000000, 0.000000, 1.000000)
((-0.525372, 0.200815, 0.826836, -0.025197), (-0.844552, -0.004848, -0.535452, -0.003911), (-0.103518, -0.979617, 0.172145, -0.136583), (0.000000, 0.000000, 0.000000, 1.000000)
((-0.525372, 0.200815, 0.826836, -0.025197), (-0.844552, -0.004848, -0.535452, -0.003911), (-0.103518, -0.979617, 0.172145, -0.136583), (0.000000, 0.000000, 0.000000, 1.000000)
((-0.522509, 0.201024, 0.828598, -0.022146), (-0.846283, -0.003881, -0.532720, -0.012504), (-0.103874, -0.979579, 0.172151, -0.138546), (0.000000, 0.000000, 0.000000, 1.000000)
((-0.522509, 0.201024, 0.828598, -0.022146), (-0.846283, -0.003881, -0.532720, -0.012504), (-0.103874, -0.979579, 0.172151, -0.138546), (0.000000, 0.000000, 0.000000, 1.000000)
((-0.522509, 0.201024, 0.828598, -0.022146), (-0.846283, -0.003881, -0.532720, -0.012504), (-0.103874, -0.979579, 0.172151, -0.138546), (0.000000, 0.000000, 0.000000, 1.000000)
((-0.517175, 0.204603, 0.831064, -0.019349), (-0.849160, -0.001231, -0.528134, -0.022555), (-0.107035, -0.978844, 0.174377, -0.141023), (0.000000, 0.000000, 0.000000, 1.000000)
((-0.515586, 0.207002, 0.831457, -0.018912), (-0.849771, 0.000841, -0.527152, -0.024707), (-0.109821, -0.978340, 0.175470, -0.140710), (0.000000, 0.000000, 0.000000, 1.000000)
((-0.515586, 0.207002, 0.831457, -0.018912), (-0.849771, 0.000841, -0.527152, -0.024707), (-0.109821, -0.978340, 0.175470, -0.140710), (0.000000, 0.000000, 0.000000, 1.000000)
((-0.514442, 0.201907, 0.833417, -0.017317), (-0.851192, -0.002333, -0.524849, -0.030007), (-0.104027, -0.979402, 0.173062, -0.140639), (0.000000, 0.000000, 0.000000, 1.000000)
((-0.512065, 0.204669, 0.834206, -0.016709), (-0.852313, -0.000597, -0.523032, -0.032522), (-0.106551, -0.978831, 0.174748, -0.140978), (0.000000, 0.000000, 0.000000, 1.000000)
((-0.512167, 0.204512, 0.834182, -0.016406), (-0.852197, -0.000025, -0.523221, -0.033740), (-0.106985, -0.978864, 0.174297, -0.141090), (0.000000, 0.000000, 0.000000, 1.000000)
((-0.511006, 0.205475, 0.834658, -0.014461), (-0.852564, 0.002634, -0.522617, -0.036940), (-0.109583, -0.978659, 0.173835, -0.141061), (0.000000, 0.000000, 0.000000, 1.000000)
((-0.511006, 0.205475, 0.834658, -0.014461), (-0.852564, 0.002634, -0.522617, -0.036940), (-0.109583, -0.978659, 0.173835, -0.141061), (0.000000, 0.000000, 0.000000, 1.000000)
((-0.510807, 0.208828, 0.833947, -0.012435), (-0.852402, 0.003061, -0.522878, -0.040162), (-0.111744, -0.977947, 0.176442, -0.141667), (0.000000, 0.000000, 0.000000, 1.000000)
((-0.510821, 0.207264, 0.834329, -0.011628), (-0.852785, 0.000571, -0.522262, -0.042126), (-0.108722, -0.978285, 0.176460, -0.142125), (0.000000, 0.000000, 0.000000, 1.000000)
((-0.510821, 0.207264, 0.834329, -0.011628), (-0.852785, 0.000571, -0.522262, -0.042126), (-0.108722, -0.978285, 0.176460, -0.142125), (0.000000, 0.000000, 0.000000, 1.000000)
((-0.510821, 0.207264, 0.834329, -0.011628), (-0.852785, 0.000571, -0.522262, -0.042126), (-0.108722, -0.978285, 0.176460, -0.142125), (0.000000, 0.000000, 0.000000, 1.000000)
((-0.510821, 0.207264, 0.834329, -0.011628), (-0.852785, 0.000571, -0.522262, -0.042126), (-0.108722, -0.978285, 0.176460, -0.142125), (0.000000, 0.000000, 0.000000, 1.000000)
((-0.510821, 0.207264, 0.834329, -0.011628), (-0.852785, 0.000571, -0.522262, -0.042126), (-0.108722, -0.978285, 0.176460, -0.142125), (0.000000, 0.000000, 0.000000, 1.000000)
((-0.505004, 0.214029, 0.836159, -0.005963), (-0.854593, 0.011824, -0.519164, -0.049695), (-0.121003, -0.976756, 0.176937, -0.143039), (0.000000, 0.000000, 0.000000, 1.000000)
((-0.505004, 0.214029, 0.836159, -0.005963), (-0.854593, 0.011824, -0.519164, -0.049695), (-0.121003, -0.976756, 0.176937, -0.143039), (0.000000, 0.000000, 0.000000, 1.000000)
((-0.505004, 0.214029, 0.836159, -0.005963), (-0.854593, 0.011824, -0.519164, -0.049695), (-0.121003, -0.976756, 0.176937, -0.143039), (0.000000, 0.000000, 0.000000, 1.000000)
((-0.504527, 0.220614, 0.834735, -0.000883), (-0.853873, 0.015704, -0.520245, -0.055267), (-0.127882, -0.975235, 0.180453, -0.145278), (0.000000, 0.000000, 0.000000, 1.000000)
((-0.503245, 0.221903, 0.835167, 0.000536), (-0.854280, 0.017856, -0.519506, -0.057338), (-0.130193, -0.974905, 0.180581, -0.145471), (0.000000, 0.000000, 0.000000, 1.000000)
((-0.503245, 0.221903, 0.835167, 0.000536), (-0.854280, 0.017856, -0.519506, -0.057338), (-0.130193, -0.974905, 0.180581, -0.145471), (0.000000, 0.000000, 0.000000, 1.000000)
((-0.496437, 0.232355, 0.836398, 0.004236), (-0.855083, 0.035169, -0.517298, -0.062352), (-0.149612, -0.971995, 0.181224, -0.146368), (0.000000, 0.000000, 0.000000, 1.000000)
((-0.496437, 0.232355, 0.836398, 0.004236), (-0.855083, 0.035169, -0.517298, -0.062352), (-0.149612, -0.971995, 0.181224, -0.146368), (0.000000, 0.000000, 0.000000, 1.000000)
((-0.496437, 0.232355, 0.836398, 0.004236), (-0.855083, 0.035169, -0.517298, -0.062352), (-0.149612, -0.971995, 0.181224, -0.146368), (0.000000, 0.000000, 0.000000, 1.000000)
</SampleFrames>
<SampleWeights Num="121">1
1
1
1
1
1
1
1
1
1
1
1
1
1
1
1
1
1
1
1
1
1
1
1
1
1
1
1
1
1
1
1
1
1
1
1
1
1
1
1
1
1
1
1
1
1
1
1
1
1
1
1
1
1
1
1
1
1
1
1
1
1
1
1
1
1
1
1
1
1
1
1
1
1
1
1
1
1
1
1
1
1
1
1
1
1
1
1
1
1
1
1
1
1
1
1
1
1
1
1
1
1
1
1
1
1
1
1
1
1
1
1
1
1
1
1
1
1
1
1
1
</SampleWeights>
</PointSplatMark>
