<PointSplatMark HeadPosAtStart="(0.415551, 0.7407, 2.21448)" BrushTip="0" BrushInterface="DirectDraw" SuperSamplesPerWidth="20" Draw="0" Width="0.01" Pose="1" LayerIndex="0" Name="fwing" RoomToVirtualScaleAtStart="1" RoomToVirtualFrameAtStart="((0.896417, -0.298198, 0.327894, -0.050883), (0.259757, 0.952913, 0.156471, 0.206689), (-0.359113, -0.055090, 0.931667, -0.126181), (0.000000, 0.000000, 0.000000, 1.000000)" ColorSwatch="0.00863503"><SamplePoints Num="72">(-0.0632256, 0.235154, 0.045099)
(-0.0632256, 0.235154, 0.045099)
(-0.0632256, 0.235154, 0.045099)
(-0.0632256, 0.235154, 0.045099)
(-0.0632256, 0.235154, 0.045099)
(-0.0626715, 0.237344, 0.0428792)
(-0.0627833, 0.238422, 0.0423322)
(-0.0636588, 0.242462, 0.0391831)
(-0.0636588, 0.242462, 0.0391831)
(-0.0636588, 0.242462, 0.0391831)
(-0.0645315, 0.252291, 0.0331328)
(-0.0645142, 0.253727, 0.0321608)
(-0.0650932, 0.260201, 0.0275774)
(-0.0650932, 0.260201, 0.0275774)
(-0.0650932, 0.260201, 0.0275774)
(-0.0637895, 0.26857, 0.0185595)
(-0.0637895, 0.26857, 0.0185595)
(-0.0637895, 0.26857, 0.0185595)
(-0.0637895, 0.26857, 0.0185595)
(-0.0637895, 0.26857, 0.0185595)
(-0.0637895, 0.26857, 0.0185595)
(-0.0637895, 0.26857, 0.0185595)
(-0.0561832, 0.287813, 0.000126392)
(-0.0549535, 0.289349, -0.00143541)
(-0.0549535, 0.289349, -0.00143541)
(-0.0478707, 0.29938, -0.0102408)
(-0.0452111, 0.303714, -0.0136832)
(-0.0452111, 0.303714, -0.0136832)
(-0.0452111, 0.303714, -0.0136832)
(-0.0452111, 0.303714, -0.0136832)
(-0.0312957, 0.325285, -0.0310443)
(-0.0264052, 0.333066, -0.0380756)
(-0.0248733, 0.335818, -0.0405013)
(-0.0248733, 0.335818, -0.0405013)
(-0.0185871, 0.346274, -0.0504166)
(-0.0155001, 0.35197, -0.0556923)
(-0.0121169, 0.357598, -0.0610871)
(-0.0081075, 0.3633, -0.0669961)
(-0.00436978, 0.368073, -0.0723579)
(0.0014815, 0.375124, -0.0807465)
(0.0014815, 0.375124, -0.0807465)
(0.0014815, 0.375124, -0.0807465)
(0.0014815, 0.375124, -0.0807465)
(0.0172781, 0.391059, -0.0992342)
(0.0172781, 0.391059, -0.0992342)
(0.0172781, 0.391059, -0.0992342)
(0.0325326, 0.403652, -0.113865)
(0.0400027, 0.409239, -0.120017)
(0.0424399, 0.41075, -0.121666)
(0.0424399, 0.41075, -0.121666)
(0.0424399, 0.41075, -0.121666)
(0.0424399, 0.41075, -0.121666)
(0.0659464, 0.42454, -0.134285)
(0.0659464, 0.42454, -0.134285)
(0.0659464, 0.42454, -0.134285)
(0.0776826, 0.430484, -0.137413)
(0.0808234, 0.432032, -0.138044)
(0.0837355, 0.43332, -0.138543)
(0.0837355, 0.43332, -0.138543)
(0.0837355, 0.43332, -0.138543)
(0.0837355, 0.43332, -0.138543)
(0.0935798, 0.43915, -0.139803)
(0.0964929, 0.441497, -0.139954)
(0.0986539, 0.443692, -0.139209)
(0.100166, 0.446003, -0.137893)
(0.100166, 0.446003, -0.137893)
(0.100166, 0.446003, -0.137893)
(0.10273, 0.448612, -0.137321)
(0.103125, 0.449223, -0.136814)
(0.103125, 0.449223, -0.136814)
(0.103125, 0.449223, -0.136814)
(0.103125, 0.449223, -0.136814)
</SamplePoints>
<SampleFrames Num="72">((0.169900, 0.228563, 0.958589, -0.063226), (-0.761742, 0.647590, -0.019398, 0.235154), (-0.625207, -0.726902, 0.284132, 0.045099), (0.000000, 0.000000, 0.000000, 1.000000)
((0.169900, 0.228563, 0.958589, -0.063226), (-0.761742, 0.647590, -0.019398, 0.235154), (-0.625207, -0.726902, 0.284132, 0.045099), (0.000000, 0.000000, 0.000000, 1.000000)
((0.169900, 0.228563, 0.958589, -0.063226), (-0.761742, 0.647590, -0.019398, 0.235154), (-0.625207, -0.726902, 0.284132, 0.045099), (0.000000, 0.000000, 0.000000, 1.000000)
((0.169900, 0.228563, 0.958589, -0.063226), (-0.761742, 0.647590, -0.019398, 0.235154), (-0.625207, -0.726902, 0.284132, 0.045099), (0.000000, 0.000000, 0.000000, 1.000000)
((0.169900, 0.228563, 0.958589, -0.063226), (-0.761742, 0.647590, -0.019398, 0.235154), (-0.625207, -0.726902, 0.284132, 0.045099), (0.000000, 0.000000, 0.000000, 1.000000)
((0.168046, 0.225672, 0.959600, -0.062671), (-0.765513, 0.643191, -0.017204, 0.237344), (-0.621088, -0.731695, 0.280841, 0.042879), (0.000000, 0.000000, 0.000000, 1.000000)
((0.167817, 0.225433, 0.959696, -0.062783), (-0.765583, 0.643107, -0.017193, 0.238422), (-0.621064, -0.731842, 0.280512, 0.042332), (0.000000, 0.000000, 0.000000, 1.000000)
((0.166428, 0.224589, 0.960136, -0.063659), (-0.765061, 0.643708, -0.017957, 0.242462), (-0.622080, -0.731574, 0.278955, 0.039183), (0.000000, 0.000000, 0.000000, 1.000000)
((0.166428, 0.224589, 0.960136, -0.063659), (-0.765061, 0.643708, -0.017957, 0.242462), (-0.622080, -0.731574, 0.278955, 0.039183), (0.000000, 0.000000, 0.000000, 1.000000)
((0.166428, 0.224589, 0.960136, -0.063659), (-0.765061, 0.643708, -0.017957, 0.242462), (-0.622080, -0.731574, 0.278955, 0.039183), (0.000000, 0.000000, 0.000000, 1.000000)
((0.163207, 0.228866, 0.959679, -0.064531), (-0.766305, 0.642072, -0.022801, 0.252291), (-0.621401, -0.731686, 0.280172, 0.033133), (0.000000, 0.000000, 0.000000, 1.000000)
((0.162580, 0.228387, 0.959900, -0.064514), (-0.766226, 0.642159, -0.023010, 0.253727), (-0.621663, -0.731759, 0.279398, 0.032161), (0.000000, 0.000000, 0.000000, 1.000000)
((0.161816, 0.230118, 0.959615, -0.065093), (-0.765043, 0.643482, -0.025303, 0.260201), (-0.623318, -0.730052, 0.280176, 0.027577), (0.000000, 0.000000, 0.000000, 1.000000)
((0.161816, 0.230118, 0.959615, -0.065093), (-0.765043, 0.643482, -0.025303, 0.260201), (-0.623318, -0.730052, 0.280176, 0.027577), (0.000000, 0.000000, 0.000000, 1.000000)
((0.161816, 0.230118, 0.959615, -0.065093), (-0.765043, 0.643482, -0.025303, 0.260201), (-0.623318, -0.730052, 0.280176, 0.027577), (0.000000, 0.000000, 0.000000, 1.000000)
((0.161943, 0.236093, 0.958141, -0.063790), (-0.765654, 0.642602, -0.028933, 0.268570), (-0.622534, -0.728919, 0.284830, 0.018560), (0.000000, 0.000000, 0.000000, 1.000000)
((0.161943, 0.236093, 0.958141, -0.063790), (-0.765654, 0.642602, -0.028933, 0.268570), (-0.622534, -0.728919, 0.284830, 0.018560), (0.000000, 0.000000, 0.000000, 1.000000)
((0.161943, 0.236093, 0.958141, -0.063790), (-0.765654, 0.642602, -0.028933, 0.268570), (-0.622534, -0.728919, 0.284830, 0.018560), (0.000000, 0.000000, 0.000000, 1.000000)
((0.161943, 0.236093, 0.958141, -0.063790), (-0.765654, 0.642602, -0.028933, 0.268570), (-0.622534, -0.728919, 0.284830, 0.018560), (0.000000, 0.000000, 0.000000, 1.000000)
((0.161943, 0.236093, 0.958141, -0.063790), (-0.765654, 0.642602, -0.028933, 0.268570), (-0.622534, -0.728919, 0.284830, 0.018560), (0.000000, 0.000000, 0.000000, 1.000000)
((0.161943, 0.236093, 0.958141, -0.063790), (-0.765654, 0.642602, -0.028933, 0.268570), (-0.622534, -0.728919, 0.284830, 0.018560), (0.000000, 0.000000, 0.000000, 1.000000)
((0.161943, 0.236093, 0.958141, -0.063790), (-0.765654, 0.642602, -0.028933, 0.268570), (-0.622534, -0.728919, 0.284830, 0.018560), (0.000000, 0.000000, 0.000000, 1.000000)
((0.166285, 0.246219, 0.954843, -0.056183), (-0.759587, 0.649454, -0.035189, 0.287813), (-0.628790, -0.719434, 0.295020, 0.000126), (0.000000, 0.000000, 0.000000, 1.000000)
((0.167405, 0.245594, 0.954808, -0.054954), (-0.758746, 0.650483, -0.034286, 0.289349), (-0.629507, -0.718718, 0.295238, -0.001435), (0.000000, 0.000000, 0.000000, 1.000000)
((0.167405, 0.245594, 0.954808, -0.054954), (-0.758746, 0.650483, -0.034286, 0.289349), (-0.629507, -0.718718, 0.295238, -0.001435), (0.000000, 0.000000, 0.000000, 1.000000)
((0.166227, 0.252524, 0.953205, -0.047871), (-0.757298, 0.651806, -0.040613, 0.299380), (-0.631561, -0.715109, 0.299584, -0.010241), (0.000000, 0.000000, 0.000000, 1.000000)
((0.164956, 0.256712, 0.952307, -0.045211), (-0.758105, 0.650642, -0.044076, 0.303714), (-0.630926, -0.714678, 0.301942, -0.013683), (0.000000, 0.000000, 0.000000, 1.000000)
((0.164956, 0.256712, 0.952307, -0.045211), (-0.758105, 0.650642, -0.044076, 0.303714), (-0.630926, -0.714678, 0.301942, -0.013683), (0.000000, 0.000000, 0.000000, 1.000000)
((0.164956, 0.256712, 0.952307, -0.045211), (-0.758105, 0.650642, -0.044076, 0.303714), (-0.630926, -0.714678, 0.301942, -0.013683), (0.000000, 0.000000, 0.000000, 1.000000)
((0.164956, 0.256712, 0.952307, -0.045211), (-0.758105, 0.650642, -0.044076, 0.303714), (-0.630926, -0.714678, 0.301942, -0.013683), (0.000000, 0.000000, 0.000000, 1.000000)
((0.169614, 0.266438, 0.948811, -0.031296), (-0.749336, 0.660190, -0.051435, 0.325285), (-0.640099, -0.702254, 0.311629, -0.031044), (0.000000, 0.000000, 0.000000, 1.000000)
((0.166595, 0.271154, 0.948009, -0.026405), (-0.749692, 0.659341, -0.056843, 0.333066), (-0.640474, -0.701246, 0.313125, -0.038076), (0.000000, 0.000000, 0.000000, 1.000000)
((0.168519, 0.273221, 0.947075, -0.024873), (-0.748052, 0.661133, -0.057624, 0.335818), (-0.641887, -0.698751, 0.315797, -0.040501), (0.000000, 0.000000, 0.000000, 1.000000)
((0.168519, 0.273221, 0.947075, -0.024873), (-0.748052, 0.661133, -0.057624, 0.335818), (-0.641887, -0.698751, 0.315797, -0.040501), (0.000000, 0.000000, 0.000000, 1.000000)
((0.166992, 0.279763, 0.945434, -0.018587), (-0.746660, 0.662116, -0.064044, 0.346274), (-0.643904, -0.695223, 0.319456, -0.050417), (0.000000, 0.000000, 0.000000, 1.000000)
((0.164339, 0.282743, 0.945013, -0.015500), (-0.747697, 0.660589, -0.067619, 0.351970), (-0.643384, -0.695470, 0.319966, -0.055692), (0.000000, 0.000000, 0.000000, 1.000000)
((0.164068, 0.286192, 0.944021, -0.012117), (-0.747664, 0.660351, -0.070253, 0.357598), (-0.643491, -0.694284, 0.322318, -0.061087), (0.000000, 0.000000, 0.000000, 1.000000)
((0.161754, 0.291745, 0.942720, -0.008108), (-0.747581, 0.659817, -0.075923, 0.363300), (-0.644173, -0.692478, 0.324831, -0.066996), (0.000000, 0.000000, 0.000000, 1.000000)
((0.161075, 0.295100, 0.941791, -0.004370), (-0.747324, 0.659757, -0.078913, 0.368073), (-0.644641, -0.691112, 0.326806, -0.072358), (0.000000, 0.000000, 0.000000, 1.000000)
((0.161756, 0.297834, 0.940813, 0.001481), (-0.747467, 0.659435, -0.080244, 0.375124), (-0.644305, -0.690247, 0.329289, -0.080747), (0.000000, 0.000000, 0.000000, 1.000000)
((0.161756, 0.297834, 0.940813, 0.001481), (-0.747467, 0.659435, -0.080244, 0.375124), (-0.644305, -0.690247, 0.329289, -0.080747), (0.000000, 0.000000, 0.000000, 1.000000)
((0.161756, 0.297834, 0.940813, 0.001481), (-0.747467, 0.659435, -0.080244, 0.375124), (-0.644305, -0.690247, 0.329289, -0.080747), (0.000000, 0.000000, 0.000000, 1.000000)
((0.161756, 0.297834, 0.940813, 0.001481), (-0.747467, 0.659435, -0.080244, 0.375124), (-0.644305, -0.690247, 0.329289, -0.080747), (0.000000, 0.000000, 0.000000, 1.000000)
((0.162616, 0.312285, 0.935967, 0.017278), (-0.745630, 0.660156, -0.090715, 0.391059), (-0.646213, -0.683134, 0.340201, -0.099234), (0.000000, 0.000000, 0.000000, 1.000000)
((0.162616, 0.312285, 0.935967, 0.017278), (-0.745630, 0.660156, -0.090715, 0.391059), (-0.646213, -0.683134, 0.340201, -0.099234), (0.000000, 0.000000, 0.000000, 1.000000)
((0.162616, 0.312285, 0.935967, 0.017278), (-0.745630, 0.660156, -0.090715, 0.391059), (-0.646213, -0.683134, 0.340201, -0.099234), (0.000000, 0.000000, 0.000000, 1.000000)
((0.170249, 0.321676, 0.931418, 0.032533), (-0.739722, 0.666192, -0.094868, 0.403652), (-0.651020, -0.672840, 0.351369, -0.113865), (0.000000, 0.000000, 0.000000, 1.000000)
((0.171372, 0.329631, 0.928426, 0.040003), (-0.739256, 0.665960, -0.099989, 0.409239), (-0.651254, -0.669209, 0.357809, -0.120017), (0.000000, 0.000000, 0.000000, 1.000000)
((0.171837, 0.331683, 0.927609, 0.042440), (-0.739733, 0.665299, -0.100856, 0.410750), (-0.650589, -0.668852, 0.359680, -0.121666), (0.000000, 0.000000, 0.000000, 1.000000)
((0.171837, 0.331683, 0.927609, 0.042440), (-0.739733, 0.665299, -0.100856, 0.410750), (-0.650589, -0.668852, 0.359680, -0.121666), (0.000000, 0.000000, 0.000000, 1.000000)
((0.171837, 0.331683, 0.927609, 0.042440), (-0.739733, 0.665299, -0.100856, 0.410750), (-0.650589, -0.668852, 0.359680, -0.121666), (0.000000, 0.000000, 0.000000, 1.000000)
((0.171837, 0.331683, 0.927609, 0.042440), (-0.739733, 0.665299, -0.100856, 0.410750), (-0.650589, -0.668852, 0.359680, -0.121666), (0.000000, 0.000000, 0.000000, 1.000000)
((0.178574, 0.351383, 0.919044, 0.065946), (-0.731046, 0.672551, -0.115094, 0.424540), (-0.658546, -0.651310, 0.376978, -0.134285), (0.000000, 0.000000, 0.000000, 1.000000)
((0.178574, 0.351383, 0.919044, 0.065946), (-0.731046, 0.672551, -0.115094, 0.424540), (-0.658546, -0.651310, 0.376978, -0.134285), (0.000000, 0.000000, 0.000000, 1.000000)
((0.178574, 0.351383, 0.919044, 0.065946), (-0.731046, 0.672551, -0.115094, 0.424540), (-0.658546, -0.651310, 0.376978, -0.134285), (0.000000, 0.000000, 0.000000, 1.000000)
((0.177618, 0.363477, 0.914514, 0.077683), (-0.730191, 0.671684, -0.125144, 0.430484), (-0.659751, -0.645543, 0.384711, -0.137413), (0.000000, 0.000000, 0.000000, 1.000000)
((0.178697, 0.366907, 0.912933, 0.080823), (-0.729038, 0.672481, -0.127568, 0.432032), (-0.660735, -0.642767, 0.387659, -0.138044), (0.000000, 0.000000, 0.000000, 1.000000)
((0.177349, 0.370178, 0.911875, 0.083736), (-0.728861, 0.672004, -0.131047, 0.433320), (-0.661294, -0.641389, 0.388987, -0.138543), (0.000000, 0.000000, 0.000000, 1.000000)
((0.177349, 0.370178, 0.911875, 0.083736), (-0.728861, 0.672004, -0.131047, 0.433320), (-0.661294, -0.641389, 0.388987, -0.138543), (0.000000, 0.000000, 0.000000, 1.000000)
((0.177349, 0.370178, 0.911875, 0.083736), (-0.728861, 0.672004, -0.131047, 0.433320), (-0.661294, -0.641389, 0.388987, -0.138543), (0.000000, 0.000000, 0.000000, 1.000000)
((0.177349, 0.370178, 0.911875, 0.083736), (-0.728861, 0.672004, -0.131047, 0.433320), (-0.661294, -0.641389, 0.388987, -0.138543), (0.000000, 0.000000, 0.000000, 1.000000)
((0.180169, 0.379061, 0.907663, 0.093580), (-0.724873, 0.674923, -0.137978, 0.439150), (-0.664905, -0.633081, 0.396372, -0.139803), (0.000000, 0.000000, 0.000000, 1.000000)
((0.180970, 0.381304, 0.906564, 0.096493), (-0.723248, 0.676238, -0.140052, 0.441497), (-0.666455, -0.630325, 0.398156, -0.139954), (0.000000, 0.000000, 0.000000, 1.000000)
((0.179970, 0.383674, 0.905762, 0.098654), (-0.722717, 0.676222, -0.142842, 0.443692), (-0.667301, -0.628903, 0.398987, -0.139209), (0.000000, 0.000000, 0.000000, 1.000000)
((0.178847, 0.385442, 0.905234, 0.100166), (-0.721541, 0.676877, -0.145654, 0.446003), (-0.668874, -0.627114, 0.399170, -0.137893), (0.000000, 0.000000, 0.000000, 1.000000)
((0.178847, 0.385442, 0.905234, 0.100166), (-0.721541, 0.676877, -0.145654, 0.446003), (-0.668874, -0.627114, 0.399170, -0.137893), (0.000000, 0.000000, 0.000000, 1.000000)
((0.178847, 0.385442, 0.905234, 0.100166), (-0.721541, 0.676877, -0.145654, 0.446003), (-0.668874, -0.627114, 0.399170, -0.137893), (0.000000, 0.000000, 0.000000, 1.000000)
((0.180445, 0.386349, 0.904529, 0.102730), (-0.717093, 0.681111, -0.147868, 0.448612), (-0.673214, -0.621950, 0.399952, -0.137321), (0.000000, 0.000000, 0.000000, 1.000000)
((0.180874, 0.384390, 0.905278, 0.103125), (-0.714762, 0.683643, -0.147472, 0.449223), (-0.675574, -0.620384, 0.398401, -0.136814), (0.000000, 0.000000, 0.000000, 1.000000)
((0.180874, 0.384390, 0.905278, 0.103125), (-0.714762, 0.683643, -0.147472, 0.449223), (-0.675574, -0.620384, 0.398401, -0.136814), (0.000000, 0.000000, 0.000000, 1.000000)
((0.180874, 0.384390, 0.905278, 0.103125), (-0.714762, 0.683643, -0.147472, 0.449223), (-0.675574, -0.620384, 0.398401, -0.136814), (0.000000, 0.000000, 0.000000, 1.000000)
((0.180874, 0.384390, 0.905278, 0.103125), (-0.714762, 0.683643, -0.147472, 0.449223), (-0.675574, -0.620384, 0.398401, -0.136814), (0.000000, 0.000000, 0.000000, 1.000000)
</SampleFrames>
<SampleWeights Num="72">1
1
1
1
1
1
1
1
1
1
1
1
1
1
1
1
1
1
1
1
1
1
1
1
1
1
1
1
1
1
1
1
1
1
1
1
1
1
1
1
1
1
1
1
1
1
1
1
1
1
1
1
1
1
1
1
1
1
1
1
1
1
1
1
1
1
1
1
1
1
1
1
</SampleWeights>
</PointSplatMark>
