<PointSplatMark HeadPosAtStart="(-0.430941, 1.47602, 1.12663)" BrushTip="0" BrushInterface="DirectDraw" SuperSamplesPerWidth="20" Draw="0" Width="0.01" Pose="1" LayerIndex="0" Name="fwing" RoomToVirtualScaleAtStart="0.801288" RoomToVirtualFrameAtStart="((0.843236, 0.474326, -0.252918, 0.254676), (-0.283861, 0.792475, 0.539820, 0.274811), (0.456482, -0.383402, 0.802887, -0.274809), (0.000000, 0.000000, 0.000000, 1.000000)" ColorSwatch="0.00863503"><SamplePoints Num="31">(0.192004, 0.452207, -0.139452)
(0.192004, 0.452207, -0.139452)
(0.192332, 0.452289, -0.139342)
(0.192332, 0.452289, -0.139342)
(0.192332, 0.452289, -0.139342)
(0.192332, 0.452289, -0.139342)
(0.192332, 0.452289, -0.139342)
(0.1934, 0.451916, -0.138864)
(0.193907, 0.451758, -0.138564)
(0.194703, 0.451246, -0.13832)
(0.195128, 0.450962, -0.13826)
(0.195128, 0.450962, -0.13826)
(0.195128, 0.450962, -0.13826)
(0.195128, 0.450962, -0.13826)
(0.200211, 0.447569, -0.136285)
(0.202666, 0.446782, -0.135293)
(0.204771, 0.446292, -0.134164)
(0.204771, 0.446292, -0.134164)
(0.204771, 0.446292, -0.134164)
(0.204771, 0.446292, -0.134164)
(0.204771, 0.446292, -0.134164)
(0.214425, 0.441663, -0.130179)
(0.215662, 0.441069, -0.129835)
(0.21742, 0.440412, -0.129167)
(0.218502, 0.440128, -0.128686)
(0.218502, 0.440128, -0.128686)
(0.218502, 0.440128, -0.128686)
(0.218502, 0.440128, -0.128686)
(0.224754, 0.439077, -0.125626)
(0.224944, 0.439571, -0.125339)
(0.224919, 0.439841, -0.125126)
</SamplePoints>
<SampleFrames Num="31">((-0.055658, 0.983177, -0.173972, 0.192004), (-0.815241, -0.145346, -0.560587, 0.452207), (-0.576442, 0.110628, 0.809615, -0.139452), (0.000000, 0.000000, 0.000000, 1.000000)
((-0.055658, 0.983177, -0.173972, 0.192004), (-0.815241, -0.145346, -0.560587, 0.452207), (-0.576442, 0.110628, 0.809615, -0.139452), (0.000000, 0.000000, 0.000000, 1.000000)
((-0.055456, 0.983077, -0.174599, 0.192332), (-0.814550, -0.145675, -0.561505, 0.452289), (-0.577437, 0.111081, 0.808843, -0.139342), (0.000000, 0.000000, 0.000000, 1.000000)
((-0.055456, 0.983077, -0.174599, 0.192332), (-0.814550, -0.145675, -0.561505, 0.452289), (-0.577437, 0.111081, 0.808843, -0.139342), (0.000000, 0.000000, 0.000000, 1.000000)
((-0.055456, 0.983077, -0.174599, 0.192332), (-0.814550, -0.145675, -0.561505, 0.452289), (-0.577437, 0.111081, 0.808843, -0.139342), (0.000000, 0.000000, 0.000000, 1.000000)
((-0.055456, 0.983077, -0.174599, 0.192332), (-0.814550, -0.145675, -0.561505, 0.452289), (-0.577437, 0.111081, 0.808843, -0.139342), (0.000000, 0.000000, 0.000000, 1.000000)
((-0.055456, 0.983077, -0.174599, 0.192332), (-0.814550, -0.145675, -0.561505, 0.452289), (-0.577437, 0.111081, 0.808843, -0.139342), (0.000000, 0.000000, 0.000000, 1.000000)
((-0.044689, 0.983872, -0.173201, 0.193400), (-0.816479, -0.135872, -0.561160, 0.451916), (-0.575643, 0.116337, 0.809383, -0.138864), (0.000000, 0.000000, 0.000000, 1.000000)
((-0.047742, 0.983647, -0.173662, 0.193907), (-0.815157, -0.138847, -0.562352, 0.451758), (-0.577269, 0.114714, 0.808456, -0.138564), (0.000000, 0.000000, 0.000000, 1.000000)
((-0.048494, 0.983233, -0.175789, 0.194703), (-0.815407, -0.140614, -0.561551, 0.451246), (-0.576854, 0.116108, 0.808553, -0.138320), (0.000000, 0.000000, 0.000000, 1.000000)
((-0.048679, 0.983270, -0.175531, 0.195128), (-0.815055, -0.140685, -0.562043, 0.450962), (-0.577335, 0.115708, 0.808267, -0.138260), (0.000000, 0.000000, 0.000000, 1.000000)
((-0.048679, 0.983270, -0.175531, 0.195128), (-0.815055, -0.140685, -0.562043, 0.450962), (-0.577335, 0.115708, 0.808267, -0.138260), (0.000000, 0.000000, 0.000000, 1.000000)
((-0.048679, 0.983270, -0.175531, 0.195128), (-0.815055, -0.140685, -0.562043, 0.450962), (-0.577335, 0.115708, 0.808267, -0.138260), (0.000000, 0.000000, 0.000000, 1.000000)
((-0.048679, 0.983270, -0.175531, 0.195128), (-0.815055, -0.140685, -0.562043, 0.450962), (-0.577335, 0.115708, 0.808267, -0.138260), (0.000000, 0.000000, 0.000000, 1.000000)
((-0.032655, 0.982887, -0.181291, 0.200211), (-0.819044, -0.130270, -0.558746, 0.447569), (-0.572801, 0.130239, 0.809282, -0.136285), (0.000000, 0.000000, 0.000000, 1.000000)
((-0.034929, 0.981954, -0.185865, 0.202666), (-0.819027, -0.134699, -0.557719, 0.446782), (-0.572691, 0.132748, 0.808952, -0.135293), (0.000000, 0.000000, 0.000000, 1.000000)
((-0.033913, 0.981584, -0.187996, 0.204771), (-0.818968, -0.135109, -0.557707, 0.446292), (-0.572837, 0.135049, 0.808468, -0.134164), (0.000000, 0.000000, 0.000000, 1.000000)
((-0.033913, 0.981584, -0.187996, 0.204771), (-0.818968, -0.135109, -0.557707, 0.446292), (-0.572837, 0.135049, 0.808468, -0.134164), (0.000000, 0.000000, 0.000000, 1.000000)
((-0.033913, 0.981584, -0.187996, 0.204771), (-0.818968, -0.135109, -0.557707, 0.446292), (-0.572837, 0.135049, 0.808468, -0.134164), (0.000000, 0.000000, 0.000000, 1.000000)
((-0.033913, 0.981584, -0.187996, 0.204771), (-0.818968, -0.135109, -0.557707, 0.446292), (-0.572837, 0.135049, 0.808468, -0.134164), (0.000000, 0.000000, 0.000000, 1.000000)
((-0.033913, 0.981584, -0.187996, 0.204771), (-0.818968, -0.135109, -0.557707, 0.446292), (-0.572837, 0.135049, 0.808468, -0.134164), (0.000000, 0.000000, 0.000000, 1.000000)
((-0.028031, 0.979719, -0.198407, 0.214425), (-0.820320, -0.135968, -0.555507, 0.441663), (-0.571218, 0.147186, 0.807494, -0.130179), (0.000000, 0.000000, 0.000000, 1.000000)
((-0.023778, 0.979617, -0.199462, 0.215662), (-0.821875, -0.132748, -0.553985, 0.441069), (-0.569171, 0.150760, 0.808279, -0.129835), (0.000000, 0.000000, 0.000000, 1.000000)
((-0.022077, 0.979190, -0.201742, 0.217420), (-0.821763, -0.132701, -0.554163, 0.440412), (-0.569402, 0.153550, 0.807592, -0.129167), (0.000000, 0.000000, 0.000000, 1.000000)
((-0.022520, 0.979141, -0.201929, 0.218502), (-0.820818, -0.133417, -0.555390, 0.440128), (-0.570746, 0.153239, 0.806701, -0.128686), (0.000000, 0.000000, 0.000000, 1.000000)
((-0.022520, 0.979141, -0.201929, 0.218502), (-0.820818, -0.133417, -0.555390, 0.440128), (-0.570746, 0.153239, 0.806701, -0.128686), (0.000000, 0.000000, 0.000000, 1.000000)
((-0.022520, 0.979141, -0.201929, 0.218502), (-0.820818, -0.133417, -0.555390, 0.440128), (-0.570746, 0.153239, 0.806701, -0.128686), (0.000000, 0.000000, 0.000000, 1.000000)
((-0.022520, 0.979141, -0.201929, 0.218502), (-0.820818, -0.133417, -0.555390, 0.440128), (-0.570746, 0.153239, 0.806701, -0.128686), (0.000000, 0.000000, 0.000000, 1.000000)
((-0.019980, 0.977886, -0.208181, 0.224754), (-0.821393, -0.134768, -0.554212, 0.439077), (-0.570012, 0.159925, 0.805922, -0.125626), (0.000000, 0.000000, 0.000000, 1.000000)
((-0.016987, 0.977798, -0.208858, 0.224944), (-0.821591, -0.132697, -0.554419, 0.439571), (-0.569824, 0.162178, 0.805604, -0.125339), (0.000000, 0.000000, 0.000000, 1.000000)
((-0.014006, 0.978378, -0.206352, 0.224919), (-0.821433, -0.128930, -0.555540, 0.439841), (-0.570133, 0.161724, 0.805478, -0.125126), (0.000000, 0.000000, 0.000000, 1.000000)
</SampleFrames>
<SampleWeights Num="31">1
1
1
1
1
1
1
1
1
1
1
1
1
1
1
1
1
1
1
1
1
1
1
1
1
1
1
1
1
1
1
</SampleWeights>
</PointSplatMark>
