<PointSplatMark HeadPosAtStart="(-0.183795, 0.015752, 1.63096)" BrushTip="0" BrushInterface="DirectDraw" SuperSamplesPerWidth="20" Draw="0" Width="0.01" Pose="1" LayerIndex="0" Name="fwing" RoomToVirtualScaleAtStart="0.801288" RoomToVirtualFrameAtStart="((0.454942, -0.890221, 0.023132, 0.053818), (0.890456, 0.455070, 0.000315, 0.276294), (-0.010807, 0.020454, 0.999732, -0.202874), (0.000000, 0.000000, 0.000000, 1.000000)" ColorSwatch="0.255893"><SamplePoints Num="90">(0.119188, 0.0320628, -0.151244)
(0.119188, 0.0320628, -0.151244)
(0.116618, 0.0275217, -0.151335)
(0.115929, 0.0261539, -0.151165)
(0.115478, 0.0253906, -0.151112)
(0.114203, 0.0229461, -0.151084)
(0.114203, 0.0229461, -0.151084)
(0.114203, 0.0229461, -0.151084)
(0.109618, 0.016337, -0.150751)
(0.108232, 0.0138554, -0.150436)
(0.106686, 0.0113192, -0.150172)
(0.106686, 0.0113192, -0.150172)
(0.102976, 0.00489165, -0.148833)
(0.102335, 0.00388484, -0.148651)
(0.102335, 0.00388484, -0.148651)
(0.0981058, -0.00291217, -0.148407)
(0.0966262, -0.00472853, -0.147961)
(0.0966262, -0.00472853, -0.147961)
(0.0934795, -0.0100297, -0.147559)
(0.0926033, -0.01192, -0.147502)
(0.0913899, -0.013833, -0.147289)
(0.0899828, -0.0164387, -0.14642)
(0.0899828, -0.0164387, -0.14642)
(0.0899828, -0.0164387, -0.14642)
(0.0866183, -0.0221096, -0.144331)
(0.0857367, -0.0237417, -0.144261)
(0.0853664, -0.0245792, -0.144277)
(0.0853664, -0.0245792, -0.144277)
(0.0840891, -0.0288497, -0.14414)
(0.0834947, -0.0304827, -0.143663)
(0.082726, -0.0322621, -0.143382)
(0.0820529, -0.0339206, -0.143178)
(0.0820529, -0.0339206, -0.143178)
(0.0805698, -0.0389903, -0.142731)
(0.0799891, -0.0415208, -0.142365)
(0.0795745, -0.0427386, -0.142142)
(0.0795745, -0.0427386, -0.142142)
(0.0774071, -0.0494919, -0.141249)
(0.0774071, -0.0494919, -0.141249)
(0.0774071, -0.0494919, -0.141249)
(0.0774071, -0.0494919, -0.141249)
(0.0751254, -0.0588078, -0.140873)
(0.074642, -0.0605057, -0.140583)
(0.074642, -0.0605057, -0.140583)
(0.073583, -0.0651207, -0.139158)
(0.0734326, -0.0656272, -0.138847)
(0.0732752, -0.0696657, -0.137816)
(0.0734301, -0.0730569, -0.136919)
(0.0734301, -0.0730569, -0.136919)
(0.0743746, -0.0789773, -0.136237)
(0.0743746, -0.0789773, -0.136237)
(0.0743746, -0.0789773, -0.136237)
(0.0759954, -0.0886494, -0.135051)
(0.0759954, -0.0886494, -0.135051)
(0.0759656, -0.095634, -0.133881)
(0.0757068, -0.0994422, -0.132882)
(0.075489, -0.104959, -0.131388)
(0.0751302, -0.107988, -0.130325)
(0.0749302, -0.110687, -0.129491)
(0.0749302, -0.110687, -0.129491)
(0.0750607, -0.115346, -0.129047)
(0.0750607, -0.115346, -0.129047)
(0.0750607, -0.115346, -0.129047)
(0.0760888, -0.120948, -0.129396)
(0.0760922, -0.122122, -0.129342)
(0.0761224, -0.122654, -0.12929)
(0.0760662, -0.125201, -0.129396)
(0.0761515, -0.126887, -0.129404)
(0.0761515, -0.126887, -0.129404)
(0.0761515, -0.126887, -0.129404)
(0.0765304, -0.132536, -0.128705)
(0.076907, -0.13466, -0.12849)
(0.0771697, -0.136913, -0.128236)
(0.0776997, -0.139159, -0.128295)
(0.0786048, -0.141358, -0.128514)
(0.0796216, -0.143514, -0.128944)
(0.0804342, -0.145472, -0.129223)
(0.0810051, -0.146886, -0.129335)
(0.0819513, -0.148343, -0.129756)
(0.0819513, -0.148343, -0.129756)
(0.083774, -0.150469, -0.130424)
(0.0842808, -0.151093, -0.130711)
(0.0844871, -0.151286, -0.130873)
(0.0844871, -0.151286, -0.130873)
(0.0857404, -0.151909, -0.13127)
(0.0859948, -0.152176, -0.131337)
(0.0861065, -0.152133, -0.131537)
(0.0861065, -0.152133, -0.131537)
(0.0855936, -0.150698, -0.13186)
(0.0848432, -0.149537, -0.131393)
</SamplePoints>
<SampleFrames Num="90">((0.630407, -0.038515, 0.775309, 0.119188), (-0.309517, 0.903469, 0.296552, 0.032063), (-0.711889, -0.426920, 0.557632, -0.151244), (0.000000, 0.000000, 0.000000, 1.000000)
((0.630407, -0.038515, 0.775309, 0.119188), (-0.309517, 0.903469, 0.296552, 0.032063), (-0.711889, -0.426920, 0.557632, -0.151244), (0.000000, 0.000000, 0.000000, 1.000000)
((0.631629, -0.045623, 0.773928, 0.116618), (-0.304900, 0.903206, 0.302083, 0.027522), (-0.712798, -0.426775, 0.556580, -0.151335), (0.000000, 0.000000, 0.000000, 1.000000)
((0.631502, -0.044747, 0.774082, 0.115929), (-0.306247, 0.902770, 0.302025, 0.026154), (-0.712333, -0.427790, 0.556397, -0.151165), (0.000000, 0.000000, 0.000000, 1.000000)
((0.631998, -0.046230, 0.773590, 0.115478), (-0.302811, 0.904131, 0.301418, 0.025391), (-0.713361, -0.424747, 0.557410, -0.151112), (0.000000, 0.000000, 0.000000, 1.000000)
((0.630759, -0.050880, 0.774309, 0.114203), (-0.297039, 0.906015, 0.301505, 0.022946), (-0.716876, -0.420177, 0.556363, -0.151084), (0.000000, 0.000000, 0.000000, 1.000000)
((0.630759, -0.050880, 0.774309, 0.114203), (-0.297039, 0.906015, 0.301505, 0.022946), (-0.716876, -0.420177, 0.556363, -0.151084), (0.000000, 0.000000, 0.000000, 1.000000)
((0.630759, -0.050880, 0.774309, 0.114203), (-0.297039, 0.906015, 0.301505, 0.022946), (-0.716876, -0.420177, 0.556363, -0.151084), (0.000000, 0.000000, 0.000000, 1.000000)
((0.627637, -0.064227, 0.775852, 0.109618), (-0.284549, 0.908710, 0.305415, 0.016337), (-0.724640, -0.412458, 0.552064, -0.150751), (0.000000, 0.000000, 0.000000, 1.000000)
((0.628324, -0.068406, 0.774938, 0.108232), (-0.281077, 0.908875, 0.308127, 0.013855), (-0.725400, -0.411421, 0.551841, -0.150436), (0.000000, 0.000000, 0.000000, 1.000000)
((0.626152, -0.072434, 0.776329, 0.106686), (-0.277821, 0.909598, 0.308946, 0.011319), (-0.728525, -0.409128, 0.549423, -0.150172), (0.000000, 0.000000, 0.000000, 1.000000)
((0.626152, -0.072434, 0.776329, 0.106686), (-0.277821, 0.909598, 0.308946, 0.011319), (-0.728525, -0.409128, 0.549423, -0.150172), (0.000000, 0.000000, 0.000000, 1.000000)
((0.625263, -0.077025, 0.776604, 0.102976), (-0.276079, 0.908939, 0.312428, 0.004892), (-0.729950, -0.409753, 0.547061, -0.148833), (0.000000, 0.000000, 0.000000, 1.000000)
((0.623249, -0.078288, 0.778095, 0.102335), (-0.277220, 0.908244, 0.313435, 0.003885), (-0.731238, -0.411052, 0.544360, -0.148651), (0.000000, 0.000000, 0.000000, 1.000000)
((0.623249, -0.078288, 0.778095, 0.102335), (-0.277220, 0.908244, 0.313435, 0.003885), (-0.731238, -0.411052, 0.544360, -0.148651), (0.000000, 0.000000, 0.000000, 1.000000)
((0.622781, -0.089096, 0.777306, 0.098106), (-0.267930, 0.909139, 0.318873, -0.002912), (-0.735090, -0.406851, 0.542324, -0.148407), (0.000000, 0.000000, 0.000000, 1.000000)
((0.621785, -0.089423, 0.778066, 0.096626), (-0.268672, 0.908820, 0.319158, -0.004729), (-0.735662, -0.407492, 0.541065, -0.147961), (0.000000, 0.000000, 0.000000, 1.000000)
((0.621785, -0.089423, 0.778066, 0.096626), (-0.268672, 0.908820, 0.319158, -0.004729), (-0.735662, -0.407492, 0.541065, -0.147961), (0.000000, 0.000000, 0.000000, 1.000000)
((0.620910, -0.091235, 0.778555, 0.093479), (-0.270633, 0.907183, 0.322143, -0.010030), (-0.735683, -0.410724, 0.538588, -0.147559), (0.000000, 0.000000, 0.000000, 1.000000)
((0.622358, -0.093860, 0.777085, 0.092603), (-0.268086, 0.907178, 0.324280, -0.011920), (-0.735391, -0.410144, 0.539427, -0.147502), (0.000000, 0.000000, 0.000000, 1.000000)
((0.621130, -0.094314, 0.778012, 0.091390), (-0.268864, 0.906841, 0.324579, -0.013833), (-0.736145, -0.410785, 0.537909, -0.147289), (0.000000, 0.000000, 0.000000, 1.000000)
((0.622669, -0.093813, 0.776841, 0.089983), (-0.271914, 0.904975, 0.327237, -0.016439), (-0.733721, -0.414994, 0.537991, -0.146420), (0.000000, 0.000000, 0.000000, 1.000000)
((0.622669, -0.093813, 0.776841, 0.089983), (-0.271914, 0.904975, 0.327237, -0.016439), (-0.733721, -0.414994, 0.537991, -0.146420), (0.000000, 0.000000, 0.000000, 1.000000)
((0.622669, -0.093813, 0.776841, 0.089983), (-0.271914, 0.904975, 0.327237, -0.016439), (-0.733721, -0.414994, 0.537991, -0.146420), (0.000000, 0.000000, 0.000000, 1.000000)
((0.619070, -0.091680, 0.779966, 0.086618), (-0.280992, 0.901556, 0.329000, -0.022110), (-0.733346, -0.422838, 0.532365, -0.144331), (0.000000, 0.000000, 0.000000, 1.000000)
((0.620391, -0.094268, 0.778607, 0.085737), (-0.278924, 0.901329, 0.331372, -0.023742), (-0.733019, -0.422752, 0.532883, -0.144261), (0.000000, 0.000000, 0.000000, 1.000000)
((0.619357, -0.095675, 0.779258, 0.085366), (-0.277870, 0.901590, 0.331547, -0.024579), (-0.734292, -0.421879, 0.531821, -0.144277), (0.000000, 0.000000, 0.000000, 1.000000)
((0.619357, -0.095675, 0.779258, 0.085366), (-0.277870, 0.901590, 0.331547, -0.024579), (-0.734292, -0.421879, 0.531821, -0.144277), (0.000000, 0.000000, 0.000000, 1.000000)
((0.619885, -0.094911, 0.778932, 0.084089), (-0.281721, 0.899559, 0.333807, -0.028850), (-0.732377, -0.426363, 0.530885, -0.144140), (0.000000, 0.000000, 0.000000, 1.000000)
((0.620133, -0.095442, 0.778669, 0.083495), (-0.285079, 0.897300, 0.337021, -0.030483), (-0.730866, -0.430980, 0.529236, -0.143663), (0.000000, 0.000000, 0.000000, 1.000000)
((0.620479, -0.093840, 0.778588, 0.082726), (-0.286682, 0.896957, 0.336572, -0.032262), (-0.729945, -0.432044, 0.529641, -0.143382), (0.000000, 0.000000, 0.000000, 1.000000)
((0.621628, -0.096492, 0.777347, 0.082053), (-0.284859, 0.896590, 0.339089, -0.033921), (-0.729681, -0.432222, 0.529859, -0.143178), (0.000000, 0.000000, 0.000000, 1.000000)
((0.621628, -0.096492, 0.777347, 0.082053), (-0.284859, 0.896590, 0.339089, -0.033921), (-0.729681, -0.432222, 0.529859, -0.143178), (0.000000, 0.000000, 0.000000, 1.000000)
((0.620915, -0.098730, 0.777636, 0.080570), (-0.285412, 0.895468, 0.341581, -0.038990), (-0.730072, -0.434039, 0.527830, -0.142731), (0.000000, 0.000000, 0.000000, 1.000000)
((0.621674, -0.098744, 0.777027, 0.079989), (-0.288295, 0.893537, 0.344205, -0.041521), (-0.728291, -0.437996, 0.527021, -0.142365), (0.000000, 0.000000, 0.000000, 1.000000)
((0.620986, -0.099703, 0.777454, 0.079574), (-0.287473, 0.893789, 0.344239, -0.042739), (-0.729202, -0.437265, 0.526369, -0.142142), (0.000000, 0.000000, 0.000000, 1.000000)
((0.620986, -0.099703, 0.777454, 0.079574), (-0.287473, 0.893789, 0.344239, -0.042739), (-0.729202, -0.437265, 0.526369, -0.142142), (0.000000, 0.000000, 0.000000, 1.000000)
((0.620758, -0.100232, 0.777568, 0.077407), (-0.294550, 0.889320, 0.349786, -0.049492), (-0.726567, -0.446166, 0.522529, -0.141249), (0.000000, 0.000000, 0.000000, 1.000000)
((0.620758, -0.100232, 0.777568, 0.077407), (-0.294550, 0.889320, 0.349786, -0.049492), (-0.726567, -0.446166, 0.522529, -0.141249), (0.000000, 0.000000, 0.000000, 1.000000)
((0.620758, -0.100232, 0.777568, 0.077407), (-0.294550, 0.889320, 0.349786, -0.049492), (-0.726567, -0.446166, 0.522529, -0.141249), (0.000000, 0.000000, 0.000000, 1.000000)
((0.620758, -0.100232, 0.777568, 0.077407), (-0.294550, 0.889320, 0.349786, -0.049492), (-0.726567, -0.446166, 0.522529, -0.141249), (0.000000, 0.000000, 0.000000, 1.000000)
((0.622639, -0.103805, 0.775593, 0.075125), (-0.296252, 0.886113, 0.356425, -0.058808), (-0.724262, -0.451696, 0.520976, -0.140873), (0.000000, 0.000000, 0.000000, 1.000000)
((0.622775, -0.102207, 0.775697, 0.074642), (-0.298114, 0.885644, 0.356037, -0.060506), (-0.723381, -0.452977, 0.521088, -0.140583), (0.000000, 0.000000, 0.000000, 1.000000)
((0.622775, -0.102207, 0.775697, 0.074642), (-0.298114, 0.885644, 0.356037, -0.060506), (-0.723381, -0.452977, 0.521088, -0.140583), (0.000000, 0.000000, 0.000000, 1.000000)
((0.622003, -0.103685, 0.776119, 0.073583), (-0.300436, 0.883727, 0.358838, -0.065121), (-0.723084, -0.456373, 0.518530, -0.139158), (0.000000, 0.000000, 0.000000, 1.000000)
((0.622616, -0.104964, 0.775456, 0.073433), (-0.302128, 0.881880, 0.361949, -0.065627), (-0.721851, -0.459642, 0.517360, -0.138847), (0.000000, 0.000000, 0.000000, 1.000000)
((0.623811, -0.107248, 0.774182, 0.073275), (-0.300121, 0.881731, 0.363975, -0.069666), (-0.721656, -0.459400, 0.517846, -0.137816), (0.000000, 0.000000, 0.000000, 1.000000)
((0.623248, -0.108268, 0.774493, 0.073430), (-0.303155, 0.879479, 0.366898, -0.073057), (-0.720874, -0.463460, 0.515312, -0.136919), (0.000000, 0.000000, 0.000000, 1.000000)
((0.623248, -0.108268, 0.774493, 0.073430), (-0.303155, 0.879479, 0.366898, -0.073057), (-0.720874, -0.463460, 0.515312, -0.136919), (0.000000, 0.000000, 0.000000, 1.000000)
((0.623993, -0.106385, 0.774155, 0.074375), (-0.307922, 0.877057, 0.368721, -0.078977), (-0.718204, -0.468458, 0.514519, -0.136237), (0.000000, 0.000000, 0.000000, 1.000000)
((0.623993, -0.106385, 0.774155, 0.074375), (-0.307922, 0.877057, 0.368721, -0.078977), (-0.718204, -0.468458, 0.514519, -0.136237), (0.000000, 0.000000, 0.000000, 1.000000)
((0.623993, -0.106385, 0.774155, 0.074375), (-0.307922, 0.877057, 0.368721, -0.078977), (-0.718204, -0.468458, 0.514519, -0.136237), (0.000000, 0.000000, 0.000000, 1.000000)
((0.627242, -0.113795, 0.770466, 0.075995), (-0.306134, 0.873616, 0.378255, -0.088649), (-0.716135, -0.473123, 0.513133, -0.135051), (0.000000, 0.000000, 0.000000, 1.000000)
((0.627242, -0.113795, 0.770466, 0.075995), (-0.306134, 0.873616, 0.378255, -0.088649), (-0.716135, -0.473123, 0.513133, -0.135051), (0.000000, 0.000000, 0.000000, 1.000000)
((0.626075, -0.112004, 0.771677, 0.075966), (-0.312976, 0.870322, 0.380245, -0.095634), (-0.714196, -0.479579, 0.509832, -0.133881), (0.000000, 0.000000, 0.000000, 1.000000)
((0.628247, -0.116248, 0.769280, 0.075707), (-0.310536, 0.869130, 0.384942, -0.099442), (-0.713353, -0.480728, 0.509929, -0.132882), (0.000000, 0.000000, 0.000000, 1.000000)
((0.628399, -0.120767, 0.768460, 0.075489), (-0.310088, 0.867104, 0.389840, -0.104959), (-0.713414, -0.483265, 0.507439, -0.131388), (0.000000, 0.000000, 0.000000, 1.000000)
((0.627423, -0.121294, 0.769174, 0.075130), (-0.309464, 0.867594, 0.389248, -0.107988), (-0.714544, -0.482254, 0.506812, -0.130325), (0.000000, 0.000000, 0.000000, 1.000000)
((0.628121, -0.120399, 0.768744, 0.074930), (-0.313407, 0.865129, 0.391572, -0.110687), (-0.712208, -0.486885, 0.505672, -0.129491), (0.000000, 0.000000, 0.000000, 1.000000)
((0.628121, -0.120399, 0.768744, 0.074930), (-0.313407, 0.865129, 0.391572, -0.110687), (-0.712208, -0.486885, 0.505672, -0.129491), (0.000000, 0.000000, 0.000000, 1.000000)
((0.629050, -0.122638, 0.767630, 0.075061), (-0.315536, 0.862189, 0.396318, -0.115346), (-0.710445, -0.491519, 0.503663, -0.129047), (0.000000, 0.000000, 0.000000, 1.000000)
((0.629050, -0.122638, 0.767630, 0.075061), (-0.315536, 0.862189, 0.396318, -0.115346), (-0.710445, -0.491519, 0.503663, -0.129047), (0.000000, 0.000000, 0.000000, 1.000000)
((0.629050, -0.122638, 0.767630, 0.075061), (-0.315536, 0.862189, 0.396318, -0.115346), (-0.710445, -0.491519, 0.503663, -0.129047), (0.000000, 0.000000, 0.000000, 1.000000)
((0.630360, -0.121440, 0.766746, 0.076089), (-0.317232, 0.861161, 0.397198, -0.120948), (-0.708527, -0.493614, 0.504316, -0.129396), (0.000000, 0.000000, 0.000000, 1.000000)
((0.630464, -0.124608, 0.766151, 0.076092), (-0.315987, 0.860343, 0.399953, -0.122122), (-0.708990, -0.494250, 0.503040, -0.129342), (0.000000, 0.000000, 0.000000, 1.000000)
((0.630790, -0.124278, 0.765937, 0.076122), (-0.315656, 0.860628, 0.399602, -0.122654), (-0.708848, -0.493837, 0.503646, -0.129290), (0.000000, 0.000000, 0.000000, 1.000000)
((0.631037, -0.122502, 0.766019, 0.076066), (-0.321598, 0.857292, 0.402027, -0.125201), (-0.705951, -0.500044, 0.501587, -0.129396), (0.000000, 0.000000, 0.000000, 1.000000)
((0.630991, -0.119294, 0.766563, 0.076152), (-0.325969, 0.855881, 0.401513, -0.126887), (-0.703985, -0.503227, 0.501167, -0.129404), (0.000000, 0.000000, 0.000000, 1.000000)
((0.630991, -0.119294, 0.766563, 0.076152), (-0.325969, 0.855881, 0.401513, -0.126887), (-0.703985, -0.503227, 0.501167, -0.129404), (0.000000, 0.000000, 0.000000, 1.000000)
((0.630991, -0.119294, 0.766563, 0.076152), (-0.325969, 0.855881, 0.401513, -0.126887), (-0.703985, -0.503227, 0.501167, -0.129404), (0.000000, 0.000000, 0.000000, 1.000000)
((0.632363, -0.120694, 0.765212, 0.076530), (-0.328109, 0.853084, 0.405700, -0.132536), (-0.701756, -0.507622, 0.499858, -0.128705), (0.000000, 0.000000, 0.000000, 1.000000)
((0.633243, -0.122807, 0.764148, 0.076907), (-0.326784, 0.852580, 0.407822, -0.134660), (-0.701581, -0.507962, 0.499759, -0.128490), (0.000000, 0.000000, 0.000000, 1.000000)
((0.634344, -0.123132, 0.763182, 0.077170), (-0.328134, 0.850997, 0.410039, -0.136913), (-0.699954, -0.510531, 0.499421, -0.128236), (0.000000, 0.000000, 0.000000, 1.000000)
((0.635399, -0.123565, 0.762233, 0.077700), (-0.329255, 0.849527, 0.412184, -0.139159), (-0.698469, -0.512870, 0.499104, -0.128295), (0.000000, 0.000000, 0.000000, 1.000000)
((0.636170, -0.124475, 0.761442, 0.078605), (-0.330024, 0.848159, 0.414380, -0.141358), (-0.697403, -0.514910, 0.498494, -0.128514), (0.000000, 0.000000, 0.000000, 1.000000)
((0.636697, -0.125750, 0.760792, 0.079622), (-0.330667, 0.846774, 0.416693, -0.143514), (-0.696618, -0.516876, 0.497557, -0.128944), (0.000000, 0.000000, 0.000000, 1.000000)
((0.638741, -0.126881, 0.758888, 0.080434), (-0.329334, 0.846308, 0.418691, -0.145472), (-0.695376, -0.517363, 0.498786, -0.129223), (0.000000, 0.000000, 0.000000, 1.000000)
((0.637920, -0.126108, 0.759707, 0.081005), (-0.331115, 0.845745, 0.418424, -0.146886), (-0.695285, -0.518472, 0.497761, -0.129335), (0.000000, 0.000000, 0.000000, 1.000000)
((0.639975, -0.125799, 0.758029, 0.081951), (-0.332303, 0.844175, 0.420646, -0.148343), (-0.692825, -0.521098, 0.498447, -0.129756), (0.000000, 0.000000, 0.000000, 1.000000)
((0.639975, -0.125799, 0.758029, 0.081951), (-0.332303, 0.844175, 0.420646, -0.148343), (-0.692825, -0.521098, 0.498447, -0.129756), (0.000000, 0.000000, 0.000000, 1.000000)
((0.641744, -0.127397, 0.756263, 0.083774), (-0.330616, 0.843813, 0.422697, -0.150469), (-0.691995, -0.521296, 0.499393, -0.130424), (0.000000, 0.000000, 0.000000, 1.000000)
((0.642129, -0.125566, 0.756243, 0.084281), (-0.332705, 0.843096, 0.422488, -0.151093), (-0.690636, -0.522897, 0.499600, -0.130711), (0.000000, 0.000000, 0.000000, 1.000000)
((0.642040, -0.125728, 0.756292, 0.084487), (-0.332588, 0.843132, 0.422508, -0.151286), (-0.690775, -0.522800, 0.499509, -0.130873), (0.000000, 0.000000, 0.000000, 1.000000)
((0.642040, -0.125728, 0.756292, 0.084487), (-0.332588, 0.843132, 0.422508, -0.151286), (-0.690775, -0.522800, 0.499509, -0.130873), (0.000000, 0.000000, 0.000000, 1.000000)
((0.642275, -0.124105, 0.756360, 0.085740), (-0.334667, 0.842362, 0.422404, -0.151909), (-0.689551, -0.524428, 0.499494, -0.131270), (0.000000, 0.000000, 0.000000, 1.000000)
((0.642331, -0.124059, 0.756321, 0.085995), (-0.334558, 0.842447, 0.422320, -0.152176), (-0.689552, -0.524302, 0.499624, -0.131337), (0.000000, 0.000000, 0.000000, 1.000000)
((0.642242, -0.124221, 0.756370, 0.086107), (-0.334441, 0.842483, 0.422341, -0.152133), (-0.689692, -0.524206, 0.499533, -0.131537), (0.000000, 0.000000, 0.000000, 1.000000)
((0.642242, -0.124221, 0.756370, 0.086107), (-0.334441, 0.842483, 0.422341, -0.152133), (-0.689692, -0.524206, 0.499533, -0.131537), (0.000000, 0.000000, 0.000000, 1.000000)
((0.639980, -0.131833, 0.756998, 0.085594), (-0.326204, 0.845375, 0.423004, -0.150698), (-0.695713, -0.517650, 0.498018, -0.131860), (0.000000, 0.000000, 0.000000, 1.000000)
((0.638117, -0.131888, 0.758560, 0.084843), (-0.324913, 0.847069, 0.420601, -0.149537), (-0.698025, -0.514858, 0.497677, -0.131393), (0.000000, 0.000000, 0.000000, 1.000000)
</SampleFrames>
<SampleWeights Num="90">1
1
1
1
1
1
1
1
1
1
1
1
1
1
1
1
1
1
1
1
1
1
1
1
1
1
1
1
1
1
1
1
1
1
1
1
1
1
1
1
1
1
1
1
1
1
1
1
1
1
1
1
1
1
1
1
1
1
1
1
1
1
1
1
1
1
1
1
1
1
1
1
1
1
1
1
1
1
1
1
1
1
1
1
1
1
1
1
1
1
</SampleWeights>
</PointSplatMark>
