<PointSplatMark HeadPosAtStart="(0.321274, 0.52669, 2.24656)" BrushTip="0" BrushInterface="DirectDraw" SuperSamplesPerWidth="20" Draw="0" Width="0.01" Pose="1" LayerIndex="0" Name="fwing" RoomToVirtualScaleAtStart="1" RoomToVirtualFrameAtStart="((0.935819, -0.160089, 0.314030, -0.055656), (0.138937, 0.986314, 0.088775, 0.147192), (-0.323945, -0.039447, 0.945253, -0.119970), (0.000000, 0.000000, 0.000000, 1.000000)" ColorSwatch="0.00863503"><SamplePoints Num="85">(-0.0661572, 0.238077, 0.0480845)
(-0.0663091, 0.237843, 0.0480783)
(-0.0663461, 0.237969, 0.0480154)
(-0.0664009, 0.238748, 0.0475887)
(-0.0666023, 0.239583, 0.0473266)
(-0.0666924, 0.240043, 0.0472539)
(-0.0668541, 0.241487, 0.0468051)
(-0.0671095, 0.242655, 0.0465295)
(-0.0670699, 0.243264, 0.0463429)
(-0.0674217, 0.244596, 0.0458191)
(-0.0674411, 0.245246, 0.0454495)
(-0.0674946, 0.245579, 0.045438)
(-0.0674946, 0.245579, 0.045438)
(-0.0678393, 0.248574, 0.0458091)
(-0.0681801, 0.250047, 0.0460397)
(-0.0680831, 0.250613, 0.0460298)
(-0.06799, 0.251617, 0.0455938)
(-0.0678057, 0.252165, 0.0452359)
(-0.0677679, 0.25277, 0.0450425)
(-0.0675075, 0.255903, 0.0450155)
(-0.0674282, 0.258781, 0.0455073)
(-0.0675462, 0.260238, 0.045857)
(-0.067582, 0.264508, 0.0460335)
(-0.067582, 0.264508, 0.0460335)
(-0.067582, 0.264508, 0.0460335)
(-0.0671013, 0.270021, 0.0448057)
(-0.0671013, 0.270021, 0.0448057)
(-0.0671013, 0.270021, 0.0448057)
(-0.0671013, 0.270021, 0.0448057)
(-0.0671013, 0.270021, 0.0448057)
(-0.0685903, 0.277989, 0.0425529)
(-0.0689081, 0.280049, 0.0425274)
(-0.0689081, 0.280049, 0.0425274)
(-0.0686922, 0.285683, 0.0423664)
(-0.0683483, 0.289143, 0.042157)
(-0.0683483, 0.289143, 0.042157)
(-0.0676994, 0.296682, 0.041292)
(-0.0672588, 0.300191, 0.0408067)
(-0.0671774, 0.301755, 0.0406246)
(-0.0671004, 0.307009, 0.0404208)
(-0.0671004, 0.307009, 0.0404208)
(-0.0671004, 0.307009, 0.0404208)
(-0.0671769, 0.320866, 0.0402963)
(-0.0671238, 0.322629, 0.0401181)
(-0.0671238, 0.322629, 0.0401181)
(-0.0664422, 0.3344, 0.0383867)
(-0.0660562, 0.33916, 0.0377274)
(-0.0660562, 0.33916, 0.0377274)
(-0.0660562, 0.33916, 0.0377274)
(-0.0654335, 0.351941, 0.0357074)
(-0.0654335, 0.351941, 0.0357074)
(-0.0654335, 0.351941, 0.0357074)
(-0.0631109, 0.364627, 0.034323)
(-0.0631109, 0.364627, 0.034323)
(-0.0631109, 0.364627, 0.034323)
(-0.0606592, 0.376534, 0.0329646)
(-0.060304, 0.378617, 0.0327137)
(-0.060304, 0.378617, 0.0327137)
(-0.0578453, 0.389023, 0.0329731)
(-0.0570151, 0.391222, 0.0330758)
(-0.0570151, 0.391222, 0.0330758)
(-0.0570151, 0.391222, 0.0330758)
(-0.0570151, 0.391222, 0.0330758)
(-0.0507882, 0.408352, 0.0340141)
(-0.0507882, 0.408352, 0.0340141)
(-0.0507882, 0.408352, 0.0340141)
(-0.0507882, 0.408352, 0.0340141)
(-0.0507882, 0.408352, 0.0340141)
(-0.0507882, 0.408352, 0.0340141)
(-0.0423243, 0.429851, 0.0348225)
(-0.0408831, 0.435507, 0.0353427)
(-0.0408831, 0.435507, 0.0353427)
(-0.0408831, 0.435507, 0.0353427)
(-0.0408831, 0.435507, 0.0353427)
(-0.0408831, 0.435507, 0.0353427)
(-0.0336251, 0.454246, 0.0376625)
(-0.0329601, 0.4557, 0.0379641)
(-0.031672, 0.458406, 0.0383607)
(-0.031672, 0.458406, 0.0383607)
(-0.0286365, 0.462645, 0.0383216)
(-0.0286365, 0.462645, 0.0383216)
(-0.0286365, 0.462645, 0.0383216)
(-0.0253507, 0.464455, 0.0384884)
(-0.0245761, 0.46508, 0.0387301)
(-0.0245761, 0.46508, 0.0387301)
</SamplePoints>
<SampleFrames Num="85">((0.151524, 0.124965, 0.980522, -0.066157), (-0.484851, 0.873837, -0.036442, 0.238077), (-0.861371, -0.469885, 0.192997, 0.048084), (0.000000, 0.000000, 0.000000, 1.000000)
((0.151627, 0.125079, 0.980492, -0.066309), (-0.484660, 0.873939, -0.036536, 0.237843), (-0.861460, -0.469665, 0.193134, 0.048078), (0.000000, 0.000000, 0.000000, 1.000000)
((0.148644, 0.125319, 0.980918, -0.066346), (-0.485643, 0.873332, -0.037982, 0.237969), (-0.861427, -0.470730, 0.190676, 0.048015), (0.000000, 0.000000, 0.000000, 1.000000)
((0.148487, 0.125242, 0.980952, -0.066401), (-0.485669, 0.873317, -0.037984, 0.238748), (-0.861439, -0.470777, 0.190502, 0.047589), (0.000000, 0.000000, 0.000000, 1.000000)
((0.148934, 0.124738, 0.980948, -0.066602), (-0.483088, 0.874752, -0.037889, 0.239583), (-0.862812, -0.468241, 0.190539, 0.047327), (0.000000, 0.000000, 0.000000, 1.000000)
((0.148988, 0.124702, 0.980944, -0.066692), (-0.483252, 0.874665, -0.037794, 0.240043), (-0.862711, -0.468413, 0.190577, 0.047254), (0.000000, 0.000000, 0.000000, 1.000000)
((0.149407, 0.127164, 0.980565, -0.066854), (-0.480861, 0.875869, -0.040318, 0.241487), (-0.863973, -0.465492, 0.192009, 0.046805), (0.000000, 0.000000, 0.000000, 1.000000)
((0.149515, 0.127091, 0.980558, -0.067109), (-0.481192, 0.875697, -0.040128, 0.242655), (-0.863771, -0.465836, 0.192084, 0.046530), (0.000000, 0.000000, 0.000000, 1.000000)
((0.149967, 0.126584, 0.980554, -0.067070), (-0.478603, 0.877118, -0.040032, 0.243264), (-0.865129, -0.463293, 0.192122, 0.046343), (0.000000, 0.000000, 0.000000, 1.000000)
((0.149863, 0.126470, 0.980585, -0.067422), (-0.478795, 0.877018, -0.039939, 0.244596), (-0.865041, -0.463513, 0.191986, 0.045819), (0.000000, 0.000000, 0.000000, 1.000000)
((0.149308, 0.126864, 0.980619, -0.067441), (-0.481574, 0.875495, -0.039940, 0.245246), (-0.863594, -0.466277, 0.191813, 0.045450), (0.000000, 0.000000, 0.000000, 1.000000)
((0.149793, 0.129473, 0.980204, -0.067495), (-0.478824, 0.876874, -0.042651, 0.245579), (-0.865037, -0.462957, 0.193344, 0.045438), (0.000000, 0.000000, 0.000000, 1.000000)
((0.149793, 0.129473, 0.980204, -0.067495), (-0.478824, 0.876874, -0.042651, 0.245579), (-0.865037, -0.462957, 0.193344, 0.045438), (0.000000, 0.000000, 0.000000, 1.000000)
((0.148429, 0.131413, 0.980153, -0.067839), (-0.476454, 0.878018, -0.045568, 0.248574), (-0.866580, -0.460234, 0.192936, 0.045809), (0.000000, 0.000000, 0.000000, 1.000000)
((0.149322, 0.130799, 0.980099, -0.068180), (-0.474662, 0.879018, -0.044993, 0.250047), (-0.867410, -0.458497, 0.193342, 0.046040), (0.000000, 0.000000, 0.000000, 1.000000)
((0.149271, 0.130650, 0.980127, -0.068083), (-0.475019, 0.878834, -0.044803, 0.250613), (-0.867222, -0.458891, 0.193246, 0.046030), (0.000000, 0.000000, 0.000000, 1.000000)
((0.148705, 0.134006, 0.979760, -0.067990), (-0.478000, 0.877079, -0.047413, 0.251617), (-0.865680, -0.461275, 0.194481, 0.045594), (0.000000, 0.000000, 0.000000, 1.000000)
((0.148283, 0.130777, 0.980260, -0.067806), (-0.478048, 0.877195, -0.044713, 0.252165), (-0.865727, -0.461981, 0.192591, 0.045236), (0.000000, 0.000000, 0.000000, 1.000000)
((0.148589, 0.130198, 0.980291, -0.067768), (-0.475481, 0.878594, -0.044619, 0.252770), (-0.867086, -0.459480, 0.192456, 0.045043), (0.000000, 0.000000, 0.000000, 1.000000)
((0.149497, 0.131626, 0.979962, -0.067507), (-0.471889, 0.880443, -0.046271, 0.255903), (-0.868891, -0.455516, 0.193737, 0.045016), (0.000000, 0.000000, 0.000000, 1.000000)
((0.147828, 0.133491, 0.979963, -0.067428), (-0.469404, 0.881607, -0.049283, 0.258781), (-0.870521, -0.452713, 0.192987, 0.045507), (0.000000, 0.000000, 0.000000, 1.000000)
((0.148204, 0.133227, 0.979942, -0.067546), (-0.470567, 0.881024, -0.048611, 0.260238), (-0.869829, -0.453924, 0.193264, 0.045857), (0.000000, 0.000000, 0.000000, 1.000000)
((0.146675, 0.134851, 0.979950, -0.067582), (-0.468943, 0.881746, -0.051148, 0.264508), (-0.870964, -0.452039, 0.192568, 0.046034), (0.000000, 0.000000, 0.000000, 1.000000)
((0.146675, 0.134851, 0.979950, -0.067582), (-0.468943, 0.881746, -0.051148, 0.264508), (-0.870964, -0.452039, 0.192568, 0.046034), (0.000000, 0.000000, 0.000000, 1.000000)
((0.146675, 0.134851, 0.979950, -0.067582), (-0.468943, 0.881746, -0.051148, 0.264508), (-0.870964, -0.452039, 0.192568, 0.046034), (0.000000, 0.000000, 0.000000, 1.000000)
((0.146980, 0.135840, 0.979768, -0.067101), (-0.465808, 0.883322, -0.052591, 0.270021), (-0.872594, -0.448654, 0.193106, 0.044806), (0.000000, 0.000000, 0.000000, 1.000000)
((0.146980, 0.135840, 0.979768, -0.067101), (-0.465808, 0.883322, -0.052591, 0.270021), (-0.872594, -0.448654, 0.193106, 0.044806), (0.000000, 0.000000, 0.000000, 1.000000)
((0.146980, 0.135840, 0.979768, -0.067101), (-0.465808, 0.883322, -0.052591, 0.270021), (-0.872594, -0.448654, 0.193106, 0.044806), (0.000000, 0.000000, 0.000000, 1.000000)
((0.146980, 0.135840, 0.979768, -0.067101), (-0.465808, 0.883322, -0.052591, 0.270021), (-0.872594, -0.448654, 0.193106, 0.044806), (0.000000, 0.000000, 0.000000, 1.000000)
((0.146980, 0.135840, 0.979768, -0.067101), (-0.465808, 0.883322, -0.052591, 0.270021), (-0.872594, -0.448654, 0.193106, 0.044806), (0.000000, 0.000000, 0.000000, 1.000000)
((0.151387, 0.136946, 0.978942, -0.068590), (-0.461466, 0.885601, -0.052526, 0.277989), (-0.874146, -0.443797, 0.197264, 0.042553), (0.000000, 0.000000, 0.000000, 1.000000)
((0.151762, 0.136675, 0.978922, -0.068908), (-0.462632, 0.885033, -0.051845, 0.280049), (-0.873464, -0.445012, 0.197544, 0.042527), (0.000000, 0.000000, 0.000000, 1.000000)
((0.151762, 0.136675, 0.978922, -0.068908), (-0.462632, 0.885033, -0.051845, 0.280049), (-0.873464, -0.445012, 0.197544, 0.042527), (0.000000, 0.000000, 0.000000, 1.000000)
((0.149770, 0.134916, 0.979473, -0.068692), (-0.461579, 0.885608, -0.051407, 0.285683), (-0.874365, -0.444405, 0.194912, 0.042366), (0.000000, 0.000000, 0.000000, 1.000000)
((0.150199, 0.133686, 0.979576, -0.068348), (-0.460902, 0.886028, -0.050249, 0.289143), (-0.874648, -0.443941, 0.194696, 0.042157), (0.000000, 0.000000, 0.000000, 1.000000)
((0.150199, 0.133686, 0.979576, -0.068348), (-0.460902, 0.886028, -0.050249, 0.289143), (-0.874648, -0.443941, 0.194696, 0.042157), (0.000000, 0.000000, 0.000000, 1.000000)
((0.150984, 0.137018, 0.978994, -0.067699), (-0.459840, 0.886410, -0.053142, 0.296682), (-0.875072, -0.442157, 0.196840, 0.041292), (0.000000, 0.000000, 0.000000, 1.000000)
((0.151154, 0.135785, 0.979140, -0.067259), (-0.458851, 0.886980, -0.052169, 0.300191), (-0.875561, -0.441394, 0.196376, 0.040807), (0.000000, 0.000000, 0.000000, 1.000000)
((0.151530, 0.134966, 0.979195, -0.067177), (-0.456949, 0.887990, -0.051682, 0.301755), (-0.876491, -0.439610, 0.196230, 0.040625), (0.000000, 0.000000, 0.000000, 1.000000)
((0.150213, 0.135882, 0.979271, -0.067100), (-0.452959, 0.889895, -0.054000, 0.307009), (-0.878786, -0.435458, 0.195223, 0.040421), (0.000000, 0.000000, 0.000000, 1.000000)
((0.150213, 0.135882, 0.979271, -0.067100), (-0.452959, 0.889895, -0.054000, 0.307009), (-0.878786, -0.435458, 0.195223, 0.040421), (0.000000, 0.000000, 0.000000, 1.000000)
((0.150213, 0.135882, 0.979271, -0.067100), (-0.452959, 0.889895, -0.054000, 0.307009), (-0.878786, -0.435458, 0.195223, 0.040421), (0.000000, 0.000000, 0.000000, 1.000000)
((0.148439, 0.137755, 0.979280, -0.067177), (-0.450405, 0.890999, -0.057064, 0.320866), (-0.880398, -0.432602, 0.194304, 0.040296), (0.000000, 0.000000, 0.000000, 1.000000)
((0.148227, 0.137338, 0.979371, -0.067124), (-0.451321, 0.890566, -0.056577, 0.322629), (-0.879965, -0.433624, 0.193989, 0.040118), (0.000000, 0.000000, 0.000000, 1.000000)
((0.148227, 0.137338, 0.979371, -0.067124), (-0.451321, 0.890566, -0.056577, 0.322629), (-0.879965, -0.433624, 0.193989, 0.040118), (0.000000, 0.000000, 0.000000, 1.000000)
((0.150226, 0.135348, 0.979343, -0.066442), (-0.444111, 0.894253, -0.055464, 0.334400), (-0.883288, -0.426605, 0.194450, 0.038387), (0.000000, 0.000000, 0.000000, 1.000000)
((0.148447, 0.140461, 0.978894, -0.066056), (-0.445265, 0.893342, -0.060662, 0.339160), (-0.883008, -0.426862, 0.195156, 0.037727), (0.000000, 0.000000, 0.000000, 1.000000)
((0.148447, 0.140461, 0.978894, -0.066056), (-0.445265, 0.893342, -0.060662, 0.339160), (-0.883008, -0.426862, 0.195156, 0.037727), (0.000000, 0.000000, 0.000000, 1.000000)
((0.148447, 0.140461, 0.978894, -0.066056), (-0.445265, 0.893342, -0.060662, 0.339160), (-0.883008, -0.426862, 0.195156, 0.037727), (0.000000, 0.000000, 0.000000, 1.000000)
((0.147537, 0.142253, 0.978773, -0.065434), (-0.442681, 0.894444, -0.063269, 0.351941), (-0.884458, -0.423950, 0.194936, 0.035707), (0.000000, 0.000000, 0.000000, 1.000000)
((0.147537, 0.142253, 0.978773, -0.065434), (-0.442681, 0.894444, -0.063269, 0.351941), (-0.884458, -0.423950, 0.194936, 0.035707), (0.000000, 0.000000, 0.000000, 1.000000)
((0.147537, 0.142253, 0.978773, -0.065434), (-0.442681, 0.894444, -0.063269, 0.351941), (-0.884458, -0.423950, 0.194936, 0.035707), (0.000000, 0.000000, 0.000000, 1.000000)
((0.146585, 0.146416, 0.978302, -0.063111), (-0.441305, 0.894793, -0.067794, 0.364627), (-0.885304, -0.421792, 0.195777, 0.034323), (0.000000, 0.000000, 0.000000, 1.000000)
((0.146585, 0.146416, 0.978302, -0.063111), (-0.441305, 0.894793, -0.067794, 0.364627), (-0.885304, -0.421792, 0.195777, 0.034323), (0.000000, 0.000000, 0.000000, 1.000000)
((0.146585, 0.146416, 0.978302, -0.063111), (-0.441305, 0.894793, -0.067794, 0.364627), (-0.885304, -0.421792, 0.195777, 0.034323), (0.000000, 0.000000, 0.000000, 1.000000)
((0.148379, 0.146414, 0.978032, -0.060659), (-0.435670, 0.897514, -0.068264, 0.376534), (-0.887792, -0.415970, 0.196960, 0.032965), (0.000000, 0.000000, 0.000000, 1.000000)
((0.146334, 0.148995, 0.977950, -0.060304), (-0.435620, 0.897285, -0.071522, 0.378617), (-0.888156, -0.415549, 0.196208, 0.032714), (0.000000, 0.000000, 0.000000, 1.000000)
((0.146334, 0.148995, 0.977950, -0.060304), (-0.435620, 0.897285, -0.071522, 0.378617), (-0.888156, -0.415549, 0.196208, 0.032714), (0.000000, 0.000000, 0.000000, 1.000000)
((0.145988, 0.149790, 0.977880, -0.057845), (-0.431354, 0.899197, -0.073341, 0.389023), (-0.890293, -0.411106, 0.195885, 0.032973), (0.000000, 0.000000, 0.000000, 1.000000)
((0.146688, 0.151435, 0.977522, -0.057015), (-0.430580, 0.899454, -0.074727, 0.391222), (-0.890553, -0.409940, 0.197144, 0.033076), (0.000000, 0.000000, 0.000000, 1.000000)
((0.146688, 0.151435, 0.977522, -0.057015), (-0.430580, 0.899454, -0.074727, 0.391222), (-0.890553, -0.409940, 0.197144, 0.033076), (0.000000, 0.000000, 0.000000, 1.000000)
((0.146688, 0.151435, 0.977522, -0.057015), (-0.430580, 0.899454, -0.074727, 0.391222), (-0.890553, -0.409940, 0.197144, 0.033076), (0.000000, 0.000000, 0.000000, 1.000000)
((0.146688, 0.151435, 0.977522, -0.057015), (-0.430580, 0.899454, -0.074727, 0.391222), (-0.890553, -0.409940, 0.197144, 0.033076), (0.000000, 0.000000, 0.000000, 1.000000)
((0.143854, 0.157188, 0.977035, -0.050788), (-0.421926, 0.902811, -0.083124, 0.408352), (-0.895145, -0.400279, 0.196195, 0.034014), (0.000000, 0.000000, 0.000000, 1.000000)
((0.143854, 0.157188, 0.977035, -0.050788), (-0.421926, 0.902811, -0.083124, 0.408352), (-0.895145, -0.400279, 0.196195, 0.034014), (0.000000, 0.000000, 0.000000, 1.000000)
((0.143854, 0.157188, 0.977035, -0.050788), (-0.421926, 0.902811, -0.083124, 0.408352), (-0.895145, -0.400279, 0.196195, 0.034014), (0.000000, 0.000000, 0.000000, 1.000000)
((0.143854, 0.157188, 0.977035, -0.050788), (-0.421926, 0.902811, -0.083124, 0.408352), (-0.895145, -0.400279, 0.196195, 0.034014), (0.000000, 0.000000, 0.000000, 1.000000)
((0.143854, 0.157188, 0.977035, -0.050788), (-0.421926, 0.902811, -0.083124, 0.408352), (-0.895145, -0.400279, 0.196195, 0.034014), (0.000000, 0.000000, 0.000000, 1.000000)
((0.143854, 0.157188, 0.977035, -0.050788), (-0.421926, 0.902811, -0.083124, 0.408352), (-0.895145, -0.400279, 0.196195, 0.034014), (0.000000, 0.000000, 0.000000, 1.000000)
((0.139788, 0.163519, 0.976586, -0.042324), (-0.410043, 0.907289, -0.093222, 0.429851), (-0.901290, -0.387411, 0.193878, 0.034823), (0.000000, 0.000000, 0.000000, 1.000000)
((0.139877, 0.166758, 0.976026, -0.040883), (-0.408230, 0.907755, -0.096589, 0.435507), (-0.902099, -0.384932, 0.195050, 0.035343), (0.000000, 0.000000, 0.000000, 1.000000)
((0.139877, 0.166758, 0.976026, -0.040883), (-0.408230, 0.907755, -0.096589, 0.435507), (-0.902099, -0.384932, 0.195050, 0.035343), (0.000000, 0.000000, 0.000000, 1.000000)
((0.139877, 0.166758, 0.976026, -0.040883), (-0.408230, 0.907755, -0.096589, 0.435507), (-0.902099, -0.384932, 0.195050, 0.035343), (0.000000, 0.000000, 0.000000, 1.000000)
((0.139877, 0.166758, 0.976026, -0.040883), (-0.408230, 0.907755, -0.096589, 0.435507), (-0.902099, -0.384932, 0.195050, 0.035343), (0.000000, 0.000000, 0.000000, 1.000000)
((0.139877, 0.166758, 0.976026, -0.040883), (-0.408230, 0.907755, -0.096589, 0.435507), (-0.902099, -0.384932, 0.195050, 0.035343), (0.000000, 0.000000, 0.000000, 1.000000)
((0.138499, 0.174562, 0.974857, -0.033625), (-0.398558, 0.910939, -0.106493, 0.454246), (-0.906625, -0.373788, 0.195738, 0.037663), (0.000000, 0.000000, 0.000000, 1.000000)
((0.136283, 0.174510, 0.975179, -0.032960), (-0.398529, 0.910857, -0.107305, 0.455700), (-0.906974, -0.374014, 0.193682, 0.037964), (0.000000, 0.000000, 0.000000, 1.000000)
((0.137914, 0.175209, 0.974824, -0.031672), (-0.395831, 0.911961, -0.107910, 0.458406), (-0.907908, -0.370983, 0.195125, 0.038361), (0.000000, 0.000000, 0.000000, 1.000000)
((0.137914, 0.175209, 0.974824, -0.031672), (-0.395831, 0.911961, -0.107910, 0.458406), (-0.907908, -0.370983, 0.195125, 0.038361), (0.000000, 0.000000, 0.000000, 1.000000)
((0.139025, 0.177632, 0.974227, -0.028637), (-0.394916, 0.912114, -0.109951, 0.462645), (-0.908137, -0.369452, 0.196956, 0.038322), (0.000000, 0.000000, 0.000000, 1.000000)
((0.139025, 0.177632, 0.974227, -0.028637), (-0.394916, 0.912114, -0.109951, 0.462645), (-0.908137, -0.369452, 0.196956, 0.038322), (0.000000, 0.000000, 0.000000, 1.000000)
((0.139025, 0.177632, 0.974227, -0.028637), (-0.394916, 0.912114, -0.109951, 0.462645), (-0.908137, -0.369452, 0.196956, 0.038322), (0.000000, 0.000000, 0.000000, 1.000000)
((0.139621, 0.177486, 0.974169, -0.025351), (-0.389079, 0.914510, -0.110852, 0.464455), (-0.910562, -0.363551, 0.196740, 0.038488), (0.000000, 0.000000, 0.000000, 1.000000)
((0.136894, 0.177584, 0.974538, -0.024576), (-0.388447, 0.914627, -0.112102, 0.465080), (-0.911246, -0.363211, 0.194189, 0.038730), (0.000000, 0.000000, 0.000000, 1.000000)
((0.136894, 0.177584, 0.974538, -0.024576), (-0.388447, 0.914627, -0.112102, 0.465080), (-0.911246, -0.363211, 0.194189, 0.038730), (0.000000, 0.000000, 0.000000, 1.000000)
</SampleFrames>
<SampleWeights Num="85">1
1
1
1
1
1
1
1
1
1
1
1
1
1
1
1
1
1
1
1
1
1
1
1
1
1
1
1
1
1
1
1
1
1
1
1
1
1
1
1
1
1
1
1
1
1
1
1
1
1
1
1
1
1
1
1
1
1
1
1
1
1
1
1
1
1
1
1
1
1
1
1
1
1
1
1
1
1
1
1
1
1
1
1
1
</SampleWeights>
</PointSplatMark>
