<PointSplatMark HeadPosAtStart="(-0.347315, 0.420798, 1.60408)" BrushTip="0" BrushInterface="DirectDraw" SuperSamplesPerWidth="20" Draw="0" Width="0.01" Pose="1" LayerIndex="0" Name="fwing" RoomToVirtualScaleAtStart="0.801288" RoomToVirtualFrameAtStart="((0.435835, -0.898845, -0.046111, -0.021098), (0.880090, 0.414898, 0.230870, 0.221839), (-0.188384, -0.141203, 0.971891, -0.200234), (0.000000, 0.000000, 0.000000, 1.000000)" ColorSwatch="0.255893"><SamplePoints Num="147">(0.227108, 0.427927, -0.121282)
(0.226251, 0.427434, -0.121002)
(0.226251, 0.427434, -0.121002)
(0.226251, 0.427434, -0.121002)
(0.226251, 0.427434, -0.121002)
(0.22408, 0.425023, -0.119766)
(0.22408, 0.425023, -0.119766)
(0.22408, 0.425023, -0.119766)
(0.22408, 0.425023, -0.119766)
(0.22408, 0.425023, -0.119766)
(0.222331, 0.421622, -0.120814)
(0.221489, 0.4206, -0.1207)
(0.221199, 0.420133, -0.120749)
(0.221199, 0.420133, -0.120749)
(0.221199, 0.420133, -0.120749)
(0.221199, 0.420133, -0.120749)
(0.221199, 0.420133, -0.120749)
(0.215272, 0.412414, -0.120572)
(0.215272, 0.412414, -0.120572)
(0.215272, 0.412414, -0.120572)
(0.212783, 0.405366, -0.120141)
(0.212464, 0.404721, -0.120212)
(0.210867, 0.40136, -0.121297)
(0.210867, 0.40136, -0.121297)
(0.210867, 0.40136, -0.121297)
(0.210867, 0.40136, -0.121297)
(0.210867, 0.40136, -0.121297)
(0.210867, 0.40136, -0.121297)
(0.210867, 0.40136, -0.121297)
(0.201791, 0.390807, -0.123282)
(0.201791, 0.390807, -0.123282)
(0.201791, 0.390807, -0.123282)
(0.201791, 0.390807, -0.123282)
(0.195494, 0.380337, -0.124355)
(0.194653, 0.379076, -0.124455)
(0.194653, 0.379076, -0.124455)
(0.194653, 0.379076, -0.124455)
(0.194653, 0.379076, -0.124455)
(0.194653, 0.379076, -0.124455)
(0.194653, 0.379076, -0.124455)
(0.182387, 0.357328, -0.12541)
(0.18164, 0.355551, -0.125493)
(0.181027, 0.353665, -0.125637)
(0.178886, 0.346766, -0.125849)
(0.178886, 0.346766, -0.125849)
(0.178886, 0.346766, -0.125849)
(0.176115, 0.333985, -0.126739)
(0.17568, 0.332117, -0.126802)
(0.17568, 0.332117, -0.126802)
(0.173811, 0.324544, -0.127448)
(0.173488, 0.321139, -0.128054)
(0.172324, 0.315742, -0.128863)
(0.171851, 0.313255, -0.129266)
(0.171524, 0.310119, -0.129809)
(0.171317, 0.307444, -0.130629)
(0.171347, 0.304867, -0.131361)
(0.171277, 0.302803, -0.131877)
(0.17097, 0.300887, -0.132372)
(0.171023, 0.298494, -0.133093)
(0.171294, 0.295268, -0.134247)
(0.171445, 0.29285, -0.134957)
(0.171575, 0.290731, -0.135448)
(0.171802, 0.288346, -0.136048)
(0.172021, 0.285738, -0.136793)
(0.172243, 0.283381, -0.137686)
(0.172885, 0.28113, -0.138875)
(0.173315, 0.278949, -0.13986)
(0.174183, 0.27655, -0.140821)
(0.174512, 0.275383, -0.141199)
(0.174512, 0.275383, -0.141199)
(0.176412, 0.269851, -0.143519)
(0.177196, 0.267918, -0.144634)
(0.177772, 0.266051, -0.145541)
(0.178331, 0.263723, -0.146464)
(0.179077, 0.261621, -0.147369)
(0.179077, 0.261621, -0.147369)
(0.179077, 0.261621, -0.147369)
(0.182691, 0.254169, -0.150973)
(0.183715, 0.252021, -0.151723)
(0.18503, 0.24905, -0.152288)
(0.186072, 0.246102, -0.152503)
(0.186789, 0.243077, -0.15232)
(0.187609, 0.239769, -0.152)
(0.188156, 0.238227, -0.15209)
(0.188156, 0.238227, -0.15209)
(0.190408, 0.230873, -0.152408)
(0.190613, 0.228312, -0.151906)
(0.190851, 0.225664, -0.151242)
(0.191359, 0.223244, -0.151071)
(0.19215, 0.221025, -0.151118)
(0.193154, 0.218454, -0.151379)
(0.194734, 0.214771, -0.151484)
(0.195502, 0.21263, -0.151089)
(0.196692, 0.209804, -0.150751)
(0.198092, 0.207131, -0.150489)
(0.199598, 0.204898, -0.150436)
(0.200682, 0.202861, -0.150117)
(0.201609, 0.200768, -0.149787)
(0.202519, 0.198971, -0.14947)
(0.203096, 0.197362, -0.149127)
(0.203428, 0.196683, -0.148948)
(0.203428, 0.196683, -0.148948)
(0.205763, 0.192626, -0.149144)
(0.206938, 0.191067, -0.149328)
(0.207394, 0.190289, -0.149238)
(0.208619, 0.188103, -0.148791)
(0.209705, 0.187036, -0.148949)
(0.210231, 0.18655, -0.149111)
(0.212351, 0.184553, -0.149871)
(0.213979, 0.182947, -0.15031)
(0.214678, 0.182217, -0.150501)
(0.216304, 0.180617, -0.150581)
(0.217301, 0.17955, -0.150516)
(0.217808, 0.179114, -0.150586)
(0.21905, 0.177354, -0.150865)
(0.219595, 0.17608, -0.15085)
(0.220208, 0.175106, -0.150709)
(0.220208, 0.175106, -0.150709)
(0.222185, 0.172522, -0.150683)
(0.222695, 0.171349, -0.150472)
(0.223101, 0.170222, -0.150282)
(0.223577, 0.168899, -0.150142)
(0.224157, 0.167528, -0.149987)
(0.224252, 0.166055, -0.149301)
(0.224417, 0.164383, -0.148668)
(0.224687, 0.162661, -0.148023)
(0.225026, 0.160988, -0.147525)
(0.225542, 0.159069, -0.147066)
(0.226386, 0.157449, -0.14685)
(0.227351, 0.156226, -0.146908)
(0.228401, 0.15525, -0.146938)
(0.229522, 0.154076, -0.147024)
(0.229979, 0.153291, -0.146995)
(0.231072, 0.150976, -0.146439)
(0.231285, 0.150383, -0.146235)
(0.232883, 0.148127, -0.146333)
(0.233357, 0.147541, -0.146505)
(0.233357, 0.147541, -0.146505)
(0.233357, 0.147541, -0.146505)
(0.237173, 0.14372, -0.146999)
(0.237818, 0.143376, -0.147026)
(0.238481, 0.142985, -0.147158)
(0.238917, 0.14274, -0.147212)
(0.23937, 0.142448, -0.147371)
(0.239699, 0.142499, -0.147522)
(0.239699, 0.142499, -0.147522)
(0.238892, 0.143762, -0.146716)
</SamplePoints>
<SampleFrames Num="147">((0.510238, -0.105781, 0.853503, 0.227108), (-0.220568, 0.943120, 0.248747, 0.427927), (-0.831268, -0.315176, 0.457883, -0.121282), (0.000000, 0.000000, 0.000000, 1.000000)
((0.509855, -0.104351, 0.853908, 0.226251), (-0.222710, 0.942764, 0.248186, 0.427434), (-0.830932, -0.316713, 0.457433, -0.121002), (0.000000, 0.000000, 0.000000, 1.000000)
((0.509855, -0.104351, 0.853908, 0.226251), (-0.222710, 0.942764, 0.248186, 0.427434), (-0.830932, -0.316713, 0.457433, -0.121002), (0.000000, 0.000000, 0.000000, 1.000000)
((0.509855, -0.104351, 0.853908, 0.226251), (-0.222710, 0.942764, 0.248186, 0.427434), (-0.830932, -0.316713, 0.457433, -0.121002), (0.000000, 0.000000, 0.000000, 1.000000)
((0.509855, -0.104351, 0.853908, 0.226251), (-0.222710, 0.942764, 0.248186, 0.427434), (-0.830932, -0.316713, 0.457433, -0.121002), (0.000000, 0.000000, 0.000000, 1.000000)
((0.508421, -0.110059, 0.854046, 0.224080), (-0.219277, 0.942556, 0.252003, 0.425023), (-0.832722, -0.315397, 0.455082, -0.119766), (0.000000, 0.000000, 0.000000, 1.000000)
((0.508421, -0.110059, 0.854046, 0.224080), (-0.219277, 0.942556, 0.252003, 0.425023), (-0.832722, -0.315397, 0.455082, -0.119766), (0.000000, 0.000000, 0.000000, 1.000000)
((0.508421, -0.110059, 0.854046, 0.224080), (-0.219277, 0.942556, 0.252003, 0.425023), (-0.832722, -0.315397, 0.455082, -0.119766), (0.000000, 0.000000, 0.000000, 1.000000)
((0.508421, -0.110059, 0.854046, 0.224080), (-0.219277, 0.942556, 0.252003, 0.425023), (-0.832722, -0.315397, 0.455082, -0.119766), (0.000000, 0.000000, 0.000000, 1.000000)
((0.508421, -0.110059, 0.854046, 0.224080), (-0.219277, 0.942556, 0.252003, 0.425023), (-0.832722, -0.315397, 0.455082, -0.119766), (0.000000, 0.000000, 0.000000, 1.000000)
((0.509206, -0.108722, 0.853750, 0.222331), (-0.218841, 0.943027, 0.250616, 0.421622), (-0.832357, -0.314451, 0.456402, -0.120814), (0.000000, 0.000000, 0.000000, 1.000000)
((0.508635, -0.109720, 0.853963, 0.221489), (-0.220666, 0.942105, 0.252477, 0.420600), (-0.832224, -0.316859, 0.454976, -0.120700), (0.000000, 0.000000, 0.000000, 1.000000)
((0.508602, -0.109597, 0.853998, 0.221199), (-0.220044, 0.942381, 0.251988, 0.420133), (-0.832409, -0.316079, 0.455181, -0.120749), (0.000000, 0.000000, 0.000000, 1.000000)
((0.508602, -0.109597, 0.853998, 0.221199), (-0.220044, 0.942381, 0.251988, 0.420133), (-0.832409, -0.316079, 0.455181, -0.120749), (0.000000, 0.000000, 0.000000, 1.000000)
((0.508602, -0.109597, 0.853998, 0.221199), (-0.220044, 0.942381, 0.251988, 0.420133), (-0.832409, -0.316079, 0.455181, -0.120749), (0.000000, 0.000000, 0.000000, 1.000000)
((0.508602, -0.109597, 0.853998, 0.221199), (-0.220044, 0.942381, 0.251988, 0.420133), (-0.832409, -0.316079, 0.455181, -0.120749), (0.000000, 0.000000, 0.000000, 1.000000)
((0.508602, -0.109597, 0.853998, 0.221199), (-0.220044, 0.942381, 0.251988, 0.420133), (-0.832409, -0.316079, 0.455181, -0.120749), (0.000000, 0.000000, 0.000000, 1.000000)
((0.507682, -0.107260, 0.854842, 0.215272), (-0.225630, 0.941036, 0.252075, 0.412414), (-0.831475, -0.320852, 0.453546, -0.120572), (0.000000, 0.000000, 0.000000, 1.000000)
((0.507682, -0.107260, 0.854842, 0.215272), (-0.225630, 0.941036, 0.252075, 0.412414), (-0.831475, -0.320852, 0.453546, -0.120572), (0.000000, 0.000000, 0.000000, 1.000000)
((0.507682, -0.107260, 0.854842, 0.215272), (-0.225630, 0.941036, 0.252075, 0.412414), (-0.831475, -0.320852, 0.453546, -0.120572), (0.000000, 0.000000, 0.000000, 1.000000)
((0.507219, -0.111403, 0.854586, 0.212783), (-0.226721, 0.939433, 0.257028, 0.405366), (-0.831460, -0.324122, 0.451241, -0.120141), (0.000000, 0.000000, 0.000000, 1.000000)
((0.508138, -0.113478, 0.853767, 0.212464), (-0.225987, 0.938984, 0.259306, 0.404721), (-0.831099, -0.324704, 0.451489, -0.120212), (0.000000, 0.000000, 0.000000, 1.000000)
((0.508444, -0.112223, 0.853751, 0.210867), (-0.231237, 0.937259, 0.260911, 0.401360), (-0.829466, -0.330078, 0.450593, -0.121297), (0.000000, 0.000000, 0.000000, 1.000000)
((0.508444, -0.112223, 0.853751, 0.210867), (-0.231237, 0.937259, 0.260911, 0.401360), (-0.829466, -0.330078, 0.450593, -0.121297), (0.000000, 0.000000, 0.000000, 1.000000)
((0.508444, -0.112223, 0.853751, 0.210867), (-0.231237, 0.937259, 0.260911, 0.401360), (-0.829466, -0.330078, 0.450593, -0.121297), (0.000000, 0.000000, 0.000000, 1.000000)
((0.508444, -0.112223, 0.853751, 0.210867), (-0.231237, 0.937259, 0.260911, 0.401360), (-0.829466, -0.330078, 0.450593, -0.121297), (0.000000, 0.000000, 0.000000, 1.000000)
((0.508444, -0.112223, 0.853751, 0.210867), (-0.231237, 0.937259, 0.260911, 0.401360), (-0.829466, -0.330078, 0.450593, -0.121297), (0.000000, 0.000000, 0.000000, 1.000000)
((0.508444, -0.112223, 0.853751, 0.210867), (-0.231237, 0.937259, 0.260911, 0.401360), (-0.829466, -0.330078, 0.450593, -0.121297), (0.000000, 0.000000, 0.000000, 1.000000)
((0.508444, -0.112223, 0.853751, 0.210867), (-0.231237, 0.937259, 0.260911, 0.401360), (-0.829466, -0.330078, 0.450593, -0.121297), (0.000000, 0.000000, 0.000000, 1.000000)
((0.506610, -0.115321, 0.854428, 0.201791), (-0.230125, 0.936975, 0.262909, 0.390807), (-0.830896, -0.329818, 0.448143, -0.123282), (0.000000, 0.000000, 0.000000, 1.000000)
((0.506610, -0.115321, 0.854428, 0.201791), (-0.230125, 0.936975, 0.262909, 0.390807), (-0.830896, -0.329818, 0.448143, -0.123282), (0.000000, 0.000000, 0.000000, 1.000000)
((0.506610, -0.115321, 0.854428, 0.201791), (-0.230125, 0.936975, 0.262909, 0.390807), (-0.830896, -0.329818, 0.448143, -0.123282), (0.000000, 0.000000, 0.000000, 1.000000)
((0.506610, -0.115321, 0.854428, 0.201791), (-0.230125, 0.936975, 0.262909, 0.390807), (-0.830896, -0.329818, 0.448143, -0.123282), (0.000000, 0.000000, 0.000000, 1.000000)
((0.505724, -0.120422, 0.854249, 0.195494), (-0.232265, 0.934641, 0.269258, 0.380337), (-0.830841, -0.334582, 0.444701, -0.124355), (0.000000, 0.000000, 0.000000, 1.000000)
((0.504983, -0.121501, 0.854535, 0.194653), (-0.233633, 0.933842, 0.270842, 0.379076), (-0.830908, -0.336418, 0.443187, -0.124455), (0.000000, 0.000000, 0.000000, 1.000000)
((0.504983, -0.121501, 0.854535, 0.194653), (-0.233633, 0.933842, 0.270842, 0.379076), (-0.830908, -0.336418, 0.443187, -0.124455), (0.000000, 0.000000, 0.000000, 1.000000)
((0.504983, -0.121501, 0.854535, 0.194653), (-0.233633, 0.933842, 0.270842, 0.379076), (-0.830908, -0.336418, 0.443187, -0.124455), (0.000000, 0.000000, 0.000000, 1.000000)
((0.504983, -0.121501, 0.854535, 0.194653), (-0.233633, 0.933842, 0.270842, 0.379076), (-0.830908, -0.336418, 0.443187, -0.124455), (0.000000, 0.000000, 0.000000, 1.000000)
((0.504983, -0.121501, 0.854535, 0.194653), (-0.233633, 0.933842, 0.270842, 0.379076), (-0.830908, -0.336418, 0.443187, -0.124455), (0.000000, 0.000000, 0.000000, 1.000000)
((0.504983, -0.121501, 0.854535, 0.194653), (-0.233633, 0.933842, 0.270842, 0.379076), (-0.830908, -0.336418, 0.443187, -0.124455), (0.000000, 0.000000, 0.000000, 1.000000)
((0.504432, -0.126340, 0.854158, 0.182387), (-0.244774, 0.927733, 0.281776, 0.357328), (-0.828030, -0.351213, 0.437054, -0.125410), (0.000000, 0.000000, 0.000000, 1.000000)
((0.504671, -0.126952, 0.853927, 0.181640), (-0.245487, 0.927194, 0.282927, 0.355551), (-0.827674, -0.352413, 0.436762, -0.125493), (0.000000, 0.000000, 0.000000, 1.000000)
((0.504918, -0.127567, 0.853689, 0.181027), (-0.246193, 0.926653, 0.284082, 0.353665), (-0.827313, -0.353611, 0.436477, -0.125637), (0.000000, 0.000000, 0.000000, 1.000000)
((0.506332, -0.131856, 0.852198, 0.178886), (-0.246637, 0.924816, 0.289630, 0.346766), (-0.826316, -0.356832, 0.435743, -0.125849), (0.000000, 0.000000, 0.000000, 1.000000)
((0.506332, -0.131856, 0.852198, 0.178886), (-0.246637, 0.924816, 0.289630, 0.346766), (-0.826316, -0.356832, 0.435743, -0.125849), (0.000000, 0.000000, 0.000000, 1.000000)
((0.506332, -0.131856, 0.852198, 0.178886), (-0.246637, 0.924816, 0.289630, 0.346766), (-0.826316, -0.356832, 0.435743, -0.125849), (0.000000, 0.000000, 0.000000, 1.000000)
((0.508148, -0.133812, 0.850812, 0.176115), (-0.252317, 0.921386, 0.295608, 0.333985), (-0.823481, -0.364887, 0.434437, -0.126739), (0.000000, 0.000000, 0.000000, 1.000000)
((0.508652, -0.134477, 0.850405, 0.175680), (-0.252979, 0.920783, 0.296919, 0.332117), (-0.822967, -0.366163, 0.434338, -0.126802), (0.000000, 0.000000, 0.000000, 1.000000)
((0.508652, -0.134477, 0.850405, 0.175680), (-0.252979, 0.920783, 0.296919, 0.332117), (-0.822967, -0.366163, 0.434338, -0.126802), (0.000000, 0.000000, 0.000000, 1.000000)
((0.511131, -0.133847, 0.849017, 0.173811), (-0.261249, 0.916871, 0.301823, 0.324544), (-0.818837, -0.376076, 0.433674, -0.127448), (0.000000, 0.000000, 0.000000, 1.000000)
((0.512960, -0.134524, 0.847806, 0.173488), (-0.263111, 0.915468, 0.304453, 0.321139), (-0.817095, -0.379239, 0.434203, -0.128054), (0.000000, 0.000000, 0.000000, 1.000000)
((0.514036, -0.136438, 0.846848, 0.172324), (-0.265289, 0.913577, 0.308219, 0.315742), (-0.815714, -0.383095, 0.433416, -0.128863), (0.000000, 0.000000, 0.000000, 1.000000)
((0.515505, -0.136298, 0.845977, 0.171851), (-0.265110, 0.913460, 0.308718, 0.313255), (-0.814844, -0.383423, 0.434760, -0.129266), (0.000000, 0.000000, 0.000000, 1.000000)
((0.517133, -0.134390, 0.845289, 0.171524), (-0.273019, 0.910104, 0.311723, 0.310119), (-0.811193, -0.391982, 0.433954, -0.129809), (0.000000, 0.000000, 0.000000, 1.000000)
((0.517871, -0.134147, 0.844875, 0.171317), (-0.273007, 0.910068, 0.311840, 0.307444), (-0.810726, -0.392150, 0.434675, -0.130629), (0.000000, 0.000000, 0.000000, 1.000000)
((0.520647, -0.137319, 0.842657, 0.171347), (-0.269782, 0.909950, 0.314973, 0.304867), (-0.810028, -0.391323, 0.436716, -0.131361), (0.000000, 0.000000, 0.000000, 1.000000)
((0.520983, -0.136249, 0.842623, 0.171277), (-0.273376, 0.908544, 0.315933, 0.302803), (-0.808606, -0.394948, 0.436088, -0.131877), (0.000000, 0.000000, 0.000000, 1.000000)
((0.521553, -0.135191, 0.842440, 0.170970), (-0.276838, 0.907136, 0.316963, 0.300887), (-0.807058, -0.398532, 0.435694, -0.132372), (0.000000, 0.000000, 0.000000, 1.000000)
((0.523304, -0.131631, 0.841918, 0.171023), (-0.282663, 0.905246, 0.317224, 0.298494), (-0.803900, -0.403984, 0.436511, -0.133093), (0.000000, 0.000000, 0.000000, 1.000000)
((0.525876, -0.132925, 0.840110, 0.171294), (-0.282110, 0.904544, 0.319710, 0.295268), (-0.802414, -0.405132, 0.438179, -0.134247), (0.000000, 0.000000, 0.000000, 1.000000)
((0.527903, -0.135066, 0.838496, 0.171445), (-0.282028, 0.903373, 0.323076, 0.292850), (-0.801111, -0.407032, 0.438801, -0.134957), (0.000000, 0.000000, 0.000000, 1.000000)
((0.528386, -0.133950, 0.838371, 0.171575), (-0.285406, 0.901983, 0.323991, 0.290731), (-0.799595, -0.410469, 0.438365, -0.135448), (0.000000, 0.000000, 0.000000, 1.000000)
((0.529646, -0.133618, 0.837628, 0.171802), (-0.285704, 0.901707, 0.324496, 0.288346), (-0.798654, -0.411181, 0.439410, -0.136048), (0.000000, 0.000000, 0.000000, 1.000000)
((0.532107, -0.133993, 0.836007, 0.172021), (-0.288236, 0.899752, 0.327668, 0.285738), (-0.796105, -0.415321, 0.440142, -0.136793), (0.000000, 0.000000, 0.000000, 1.000000)
((0.533283, -0.131919, 0.835588, 0.172243), (-0.291409, 0.898660, 0.327858, 0.283381), (-0.794160, -0.418338, 0.440798, -0.137686), (0.000000, 0.000000, 0.000000, 1.000000)
((0.535370, -0.130609, 0.834458, 0.172885), (-0.292006, 0.898427, 0.327966, 0.281130), (-0.792535, -0.419250, 0.442852, -0.138875), (0.000000, 0.000000, 0.000000, 1.000000)
((0.537612, -0.130893, 0.832971, 0.173315), (-0.295193, 0.896144, 0.331342, 0.278949), (-0.789832, -0.424021, 0.443139, -0.139860), (0.000000, 0.000000, 0.000000, 1.000000)
((0.538365, -0.130426, 0.832557, 0.174183), (-0.295669, 0.895913, 0.331543, 0.276550), (-0.789140, -0.424652, 0.443765, -0.140821), (0.000000, 0.000000, 0.000000, 1.000000)
((0.539982, -0.131744, 0.831302, 0.174512), (-0.294290, 0.895781, 0.333122, 0.275383), (-0.788551, -0.424524, 0.444934, -0.141199), (0.000000, 0.000000, 0.000000, 1.000000)
((0.539982, -0.131744, 0.831302, 0.174512), (-0.294290, 0.895781, 0.333122, 0.275383), (-0.788551, -0.424524, 0.444934, -0.141199), (0.000000, 0.000000, 0.000000, 1.000000)
((0.544921, -0.129322, 0.828455, 0.176412), (-0.297368, 0.894006, 0.335150, 0.269851), (-0.783986, -0.428986, 0.448706, -0.143519), (0.000000, 0.000000, 0.000000, 1.000000)
((0.546876, -0.131104, 0.826885, 0.177196), (-0.297806, 0.892603, 0.338484, 0.267918), (-0.782457, -0.431360, 0.449099, -0.144634), (0.000000, 0.000000, 0.000000, 1.000000)
((0.548417, -0.128820, 0.826223, 0.177772), (-0.301560, 0.891107, 0.339101, 0.266051), (-0.779936, -0.435125, 0.449851, -0.145541), (0.000000, 0.000000, 0.000000, 1.000000)
((0.551393, -0.125412, 0.824765, 0.178331), (-0.304993, 0.889894, 0.339217, 0.263723), (-0.776496, -0.438589, 0.452431, -0.146464), (0.000000, 0.000000, 0.000000, 1.000000)
((0.552524, -0.124765, 0.824106, 0.179077), (-0.305636, 0.889533, 0.339584, 0.261621), (-0.775438, -0.439505, 0.453356, -0.147369), (0.000000, 0.000000, 0.000000, 1.000000)
((0.552524, -0.124765, 0.824106, 0.179077), (-0.305636, 0.889533, 0.339584, 0.261621), (-0.775438, -0.439505, 0.453356, -0.147369), (0.000000, 0.000000, 0.000000, 1.000000)
((0.552524, -0.124765, 0.824106, 0.179077), (-0.305636, 0.889533, 0.339584, 0.261621), (-0.775438, -0.439505, 0.453356, -0.147369), (0.000000, 0.000000, 0.000000, 1.000000)
((0.560070, -0.121426, 0.819498, 0.182691), (-0.312355, 0.885244, 0.344641, 0.254169), (-0.767305, -0.448997, 0.457870, -0.150973), (0.000000, 0.000000, 0.000000, 1.000000)
((0.562666, -0.122870, 0.817503, 0.183715), (-0.312594, 0.883848, 0.347992, 0.252021), (-0.765305, -0.451350, 0.458902, -0.151723), (0.000000, 0.000000, 0.000000, 1.000000)
((0.564236, -0.123651, 0.816302, 0.185030), (-0.314832, 0.881787, 0.351186, 0.249050), (-0.763229, -0.455150, 0.458606, -0.152288), (0.000000, 0.000000, 0.000000, 1.000000)
((0.565020, -0.122179, 0.815981, 0.186072), (-0.317245, 0.880775, 0.351555, 0.246102), (-0.761648, -0.457501, 0.458895, -0.152503), (0.000000, 0.000000, 0.000000, 1.000000)
((0.566368, -0.124097, 0.814756, 0.186789), (-0.319001, 0.878530, 0.355560, 0.243077), (-0.759912, -0.461286, 0.457984, -0.152320), (0.000000, 0.000000, 0.000000, 1.000000)
((0.565501, -0.123278, 0.815482, 0.187609), (-0.323637, 0.876289, 0.356898, 0.239769), (-0.758596, -0.465746, 0.455645, -0.152000), (0.000000, 0.000000, 0.000000, 1.000000)
((0.566876, -0.123617, 0.814476, 0.188156), (-0.324420, 0.875287, 0.358643, 0.238227), (-0.757234, -0.467539, 0.456075, -0.152090), (0.000000, 0.000000, 0.000000, 1.000000)
((0.566876, -0.123617, 0.814476, 0.188156), (-0.324420, 0.875287, 0.358643, 0.238227), (-0.757234, -0.467539, 0.456075, -0.152090), (0.000000, 0.000000, 0.000000, 1.000000)
((0.571231, -0.124953, 0.811223, 0.190408), (-0.326863, 0.871964, 0.364473, 0.230873), (-0.752899, -0.473357, 0.457250, -0.152408), (0.000000, 0.000000, 0.000000, 1.000000)
((0.572127, -0.124658, 0.810637, 0.190613), (-0.329091, 0.870435, 0.366118, 0.228312), (-0.751246, -0.476239, 0.456975, -0.151906), (0.000000, 0.000000, 0.000000, 1.000000)
((0.570536, -0.123506, 0.811933, 0.190851), (-0.331814, 0.869680, 0.365453, 0.225664), (-0.751257, -0.477915, 0.455203, -0.151242), (0.000000, 0.000000, 0.000000, 1.000000)
((0.572300, -0.125446, 0.810393, 0.191359), (-0.333758, 0.867046, 0.369916, 0.223244), (-0.749052, -0.482177, 0.454341, -0.151071), (0.000000, 0.000000, 0.000000, 1.000000)
((0.574394, -0.126225, 0.808788, 0.192150), (-0.331276, 0.867670, 0.370683, 0.221025), (-0.748550, -0.480850, 0.456569, -0.151118), (0.000000, 0.000000, 0.000000, 1.000000)
((0.574530, -0.120822, 0.809517, 0.193154), (-0.337387, 0.866148, 0.368725, 0.218454), (-0.745711, -0.484964, 0.456864, -0.151379), (0.000000, 0.000000, 0.000000, 1.000000)
((0.576771, -0.123217, 0.807560, 0.194734), (-0.335901, 0.865350, 0.371940, 0.214771), (-0.744652, -0.485785, 0.457720, -0.151484), (0.000000, 0.000000, 0.000000, 1.000000)
((0.577365, -0.123011, 0.807167, 0.195502), (-0.338736, 0.863407, 0.373880, 0.212630), (-0.742905, -0.489282, 0.456832, -0.151089), (0.000000, 0.000000, 0.000000, 1.000000)
((0.576563, -0.124174, 0.807561, 0.196692), (-0.340956, 0.861646, 0.375918, 0.209804), (-0.742512, -0.492083, 0.454456, -0.150751), (0.000000, 0.000000, 0.000000, 1.000000)
((0.579226, -0.126555, 0.805284, 0.198092), (-0.340354, 0.860101, 0.379980, 0.207131), (-0.740714, -0.494176, 0.455119, -0.150489), (0.000000, 0.000000, 0.000000, 1.000000)
((0.580905, -0.125009, 0.804315, 0.199598), (-0.343399, 0.858258, 0.381407, 0.204898), (-0.737989, -0.497762, 0.455638, -0.150436), (0.000000, 0.000000, 0.000000, 1.000000)
((0.582659, -0.125206, 0.803015, 0.200682), (-0.343810, 0.857321, 0.383139, 0.202861), (-0.736413, -0.499324, 0.456478, -0.150117), (0.000000, 0.000000, 0.000000, 1.000000)
((0.581865, -0.122943, 0.803939, 0.201609), (-0.347553, 0.856110, 0.382469, 0.200768), (-0.735282, -0.501957, 0.455411, -0.149787), (0.000000, 0.000000, 0.000000, 1.000000)
((0.583326, -0.124956, 0.802569, 0.202519), (-0.345425, 0.856126, 0.384357, 0.198971), (-0.735128, -0.501433, 0.456237, -0.149470), (0.000000, 0.000000, 0.000000, 1.000000)
((0.582774, -0.122670, 0.803322, 0.203096), (-0.349343, 0.854717, 0.383951, 0.197362), (-0.733712, -0.504392, 0.455253, -0.149127), (0.000000, 0.000000, 0.000000, 1.000000)
((0.584383, -0.124683, 0.801842, 0.203428), (-0.347955, 0.854175, 0.386410, 0.196683), (-0.733092, -0.504817, 0.455781, -0.148948), (0.000000, 0.000000, 0.000000, 1.000000)
((0.584383, -0.124683, 0.801842, 0.203428), (-0.347955, 0.854175, 0.386410, 0.196683), (-0.733092, -0.504817, 0.455781, -0.148948), (0.000000, 0.000000, 0.000000, 1.000000)
((0.586747, -0.125252, 0.800025, 0.205763), (-0.349108, 0.852309, 0.389478, 0.192626), (-0.730651, -0.507820, 0.456364, -0.149144), (0.000000, 0.000000, 0.000000, 1.000000)
((0.587780, -0.123805, 0.799492, 0.206938), (-0.348067, 0.853386, 0.388047, 0.191067), (-0.730318, -0.506363, 0.458511, -0.149328), (0.000000, 0.000000, 0.000000, 1.000000)
((0.589359, -0.124031, 0.798293, 0.207394), (-0.349560, 0.851702, 0.390400, 0.190289), (-0.728329, -0.509137, 0.458602, -0.149238), (0.000000, 0.000000, 0.000000, 1.000000)
((0.588391, -0.123605, 0.799073, 0.208619), (-0.350488, 0.851591, 0.389808, 0.188103), (-0.728666, -0.509426, 0.457746, -0.148791), (0.000000, 0.000000, 0.000000, 1.000000)
((0.589340, -0.125720, 0.798043, 0.209705), (-0.349114, 0.851192, 0.391907, 0.187036), (-0.728559, -0.509575, 0.457751, -0.148949), (0.000000, 0.000000, 0.000000, 1.000000)
((0.589336, -0.123938, 0.798325, 0.210231), (-0.351579, 0.850340, 0.391554, 0.186550), (-0.727376, -0.511431, 0.457562, -0.149111), (0.000000, 0.000000, 0.000000, 1.000000)
((0.591120, -0.122865, 0.797171, 0.212351), (-0.352745, 0.849426, 0.392487, 0.184553), (-0.725361, -0.513205, 0.458773, -0.149871), (0.000000, 0.000000, 0.000000, 1.000000)
((0.592767, -0.123583, 0.795836, 0.213979), (-0.351423, 0.849432, 0.393659, 0.182947), (-0.724658, -0.513023, 0.460085, -0.150310), (0.000000, 0.000000, 0.000000, 1.000000)
((0.594156, -0.123814, 0.794763, 0.214678), (-0.352989, 0.847714, 0.395954, 0.182217), (-0.722757, -0.515801, 0.459970, -0.150501), (0.000000, 0.000000, 0.000000, 1.000000)
((0.593620, -0.123893, 0.795151, 0.216304), (-0.352046, 0.848537, 0.395031, 0.180617), (-0.723656, -0.514428, 0.460092, -0.150581), (0.000000, 0.000000, 0.000000, 1.000000)
((0.595231, -0.124069, 0.793919, 0.217301), (-0.353495, 0.846841, 0.397368, 0.179550), (-0.721624, -0.517172, 0.460208, -0.150516), (0.000000, 0.000000, 0.000000, 1.000000)
((0.595440, -0.122226, 0.794048, 0.217808), (-0.355841, 0.846002, 0.397061, 0.179114), (-0.720298, -0.518981, 0.460250, -0.150586), (0.000000, 0.000000, 0.000000, 1.000000)
((0.597817, -0.122732, 0.792182, 0.219050), (-0.354055, 0.846177, 0.398283, 0.177354), (-0.719208, -0.518576, 0.462405, -0.150865), (0.000000, 0.000000, 0.000000, 1.000000)
((0.596915, -0.120575, 0.793192, 0.219595), (-0.358284, 0.844527, 0.398004, 0.176080), (-0.717862, -0.521762, 0.460911, -0.150850), (0.000000, 0.000000, 0.000000, 1.000000)
((0.598282, -0.122566, 0.791856, 0.220208), (-0.356792, 0.844108, 0.400226, 0.175106), (-0.717466, -0.521976, 0.461284, -0.150709), (0.000000, 0.000000, 0.000000, 1.000000)
((0.598282, -0.122566, 0.791856, 0.220208), (-0.356792, 0.844108, 0.400226, 0.175106), (-0.717466, -0.521976, 0.461284, -0.150709), (0.000000, 0.000000, 0.000000, 1.000000)
((0.600413, -0.118960, 0.790792, 0.222185), (-0.362327, 0.841081, 0.401624, 0.172522), (-0.712898, -0.527666, 0.461893, -0.150683), (0.000000, 0.000000, 0.000000, 1.000000)
((0.599430, -0.118639, 0.791586, 0.222695), (-0.363938, 0.840420, 0.401551, 0.171349), (-0.712905, -0.528789, 0.460596, -0.150472), (0.000000, 0.000000, 0.000000, 1.000000)
((0.599566, -0.118582, 0.791492, 0.223101), (-0.362971, 0.841114, 0.400972, 0.170222), (-0.713283, -0.527698, 0.461262, -0.150282), (0.000000, 0.000000, 0.000000, 1.000000)
((0.601512, -0.118616, 0.790008, 0.223577), (-0.363715, 0.839811, 0.403026, 0.168899), (-0.711263, -0.529763, 0.462014, -0.150142), (0.000000, 0.000000, 0.000000, 1.000000)
((0.601560, -0.118576, 0.789978, 0.224157), (-0.362594, 0.840646, 0.402294, 0.167528), (-0.711794, -0.528445, 0.462704, -0.149987), (0.000000, 0.000000, 0.000000, 1.000000)
((0.602806, -0.120039, 0.788806, 0.224252), (-0.362969, 0.839144, 0.405081, 0.166055), (-0.710548, -0.530497, 0.462270, -0.149301), (0.000000, 0.000000, 0.000000, 1.000000)
((0.601376, -0.119297, 0.790009, 0.224417), (-0.366406, 0.837501, 0.405387, 0.164383), (-0.709995, -0.533254, 0.459942, -0.148668), (0.000000, 0.000000, 0.000000, 1.000000)
((0.602655, -0.120744, 0.788814, 0.224687), (-0.366356, 0.836298, 0.407909, 0.162661), (-0.708936, -0.534815, 0.459763, -0.148023), (0.000000, 0.000000, 0.000000, 1.000000)
((0.602130, -0.120313, 0.789281, 0.225026), (-0.367329, 0.835991, 0.407663, 0.160988), (-0.708878, -0.535392, 0.459181, -0.147525), (0.000000, 0.000000, 0.000000, 1.000000)
((0.603421, -0.119963, 0.788347, 0.225542), (-0.369975, 0.833655, 0.410046, 0.159069), (-0.706400, -0.539100, 0.458662, -0.147066), (0.000000, 0.000000, 0.000000, 1.000000)
((0.603936, -0.121625, 0.787699, 0.226386), (-0.370486, 0.832191, 0.412551, 0.157449), (-0.705692, -0.540986, 0.457529, -0.146850), (0.000000, 0.000000, 0.000000, 1.000000)
((0.603584, -0.121712, 0.787955, 0.227351), (-0.369865, 0.832762, 0.411955, 0.156226), (-0.706319, -0.540086, 0.457625, -0.146908), (0.000000, 0.000000, 0.000000, 1.000000)
((0.604889, -0.120089, 0.787203, 0.228401), (-0.369331, 0.833497, 0.410946, 0.155250), (-0.705481, -0.539316, 0.459821, -0.146938), (0.000000, 0.000000, 0.000000, 1.000000)
((0.606826, -0.118304, 0.785981, 0.229522), (-0.373134, 0.830724, 0.413121, 0.154076), (-0.701807, -0.543969, 0.459962, -0.147024), (0.000000, 0.000000, 0.000000, 1.000000)
((0.606713, -0.118329, 0.786064, 0.229979), (-0.372695, 0.831096, 0.412768, 0.153291), (-0.702138, -0.543394, 0.460136, -0.146995), (0.000000, 0.000000, 0.000000, 1.000000)
((0.607764, -0.119831, 0.785025, 0.231072), (-0.372432, 0.830080, 0.415044, 0.150976), (-0.701368, -0.544617, 0.459864, -0.146439), (0.000000, 0.000000, 0.000000, 1.000000)
((0.607950, -0.119772, 0.784889, 0.231285), (-0.372044, 0.830336, 0.414880, 0.150383), (-0.701413, -0.544240, 0.460243, -0.146235), (0.000000, 0.000000, 0.000000, 1.000000)
((0.609819, -0.117971, 0.783711, 0.232883), (-0.374966, 0.828238, 0.416441, 0.148127), (-0.698227, -0.547819, 0.460840, -0.146333), (0.000000, 0.000000, 0.000000, 1.000000)
((0.609926, -0.116128, 0.783904, 0.233357), (-0.377105, 0.827490, 0.415996, 0.147541), (-0.696981, -0.549340, 0.460915, -0.146505), (0.000000, 0.000000, 0.000000, 1.000000)
((0.609926, -0.116128, 0.783904, 0.233357), (-0.377105, 0.827490, 0.415996, 0.147541), (-0.696981, -0.549340, 0.460915, -0.146505), (0.000000, 0.000000, 0.000000, 1.000000)
((0.609926, -0.116128, 0.783904, 0.233357), (-0.377105, 0.827490, 0.415996, 0.147541), (-0.696981, -0.549340, 0.460915, -0.146505), (0.000000, 0.000000, 0.000000, 1.000000)
((0.615126, -0.118551, 0.779465, 0.237173), (-0.375376, 0.825354, 0.421764, 0.143720), (-0.693334, -0.552030, 0.463196, -0.146999), (0.000000, 0.000000, 0.000000, 1.000000)
((0.615348, -0.116664, 0.779575, 0.237818), (-0.377942, 0.824229, 0.421671, 0.143376), (-0.691742, -0.554108, 0.463095, -0.147026), (0.000000, 0.000000, 0.000000, 1.000000)
((0.615416, -0.114823, 0.779795, 0.238481), (-0.380481, 0.823155, 0.421484, 0.142985), (-0.690288, -0.556085, 0.462895, -0.147158), (0.000000, 0.000000, 0.000000, 1.000000)
((0.615268, -0.114869, 0.779904, 0.238917), (-0.380457, 0.823214, 0.421391, 0.142740), (-0.690433, -0.555988, 0.462794, -0.147212), (0.000000, 0.000000, 0.000000, 1.000000)
((0.616241, -0.115093, 0.779103, 0.239370), (-0.377921, 0.824708, 0.420752, 0.142448), (-0.690958, -0.553724, 0.464722, -0.147371), (0.000000, 0.000000, 0.000000, 1.000000)
((0.615822, -0.115226, 0.779414, 0.239699), (-0.378129, 0.824651, 0.420677, 0.142499), (-0.691218, -0.553781, 0.464268, -0.147522), (0.000000, 0.000000, 0.000000, 1.000000)
((0.615822, -0.115226, 0.779414, 0.239699), (-0.378129, 0.824651, 0.420677, 0.142499), (-0.691218, -0.553781, 0.464268, -0.147522), (0.000000, 0.000000, 0.000000, 1.000000)
((0.611710, -0.116678, 0.782430, 0.238892), (-0.375301, 0.827871, 0.416867, 0.143762), (-0.696391, -0.548649, 0.462628, -0.146716), (0.000000, 0.000000, 0.000000, 1.000000)
</SampleFrames>
<SampleWeights Num="147">1
1
1
1
1
1
1
1
1
1
1
1
1
1
1
1
1
1
1
1
1
1
1
1
1
1
1
1
1
1
1
1
1
1
1
1
1
1
1
1
1
1
1
1
1
1
1
1
1
1
1
1
1
1
1
1
1
1
1
1
1
1
1
1
1
1
1
1
1
1
1
1
1
1
1
1
1
1
1
1
1
1
1
1
1
1
1
1
1
1
1
1
1
1
1
1
1
1
1
1
1
1
1
1
1
1
1
1
1
1
1
1
1
1
1
1
1
1
1
1
1
1
1
1
1
1
1
1
1
1
1
1
1
1
1
1
1
1
1
1
1
1
1
1
1
1
1
</SampleWeights>
</PointSplatMark>
