<PointSplatMark HeadPosAtStart="(0.306809, 0.84834, 1.53311)" BrushTip="0" BrushInterface="DirectDraw" SuperSamplesPerWidth="20" Draw="0" Width="0.01" Pose="1" LayerIndex="0" Name="fwingdetail" RoomToVirtualScaleAtStart="0.801288" RoomToVirtualFrameAtStart="((0.638726, -0.656395, 0.401465, -0.202209), (0.475275, 0.746902, 0.465028, 0.063509), (-0.605097, -0.106219, 0.789034, -0.087662), (0.000000, 0.000000, 0.000000, 1.000000)" ColorSwatch="0.233111"><SamplePoints Num="64">(-0.213182, 0.0360966, 0.0530886)
(-0.214831, 0.0351385, 0.0551412)
(-0.216223, 0.0341778, 0.0570244)
(-0.216513, 0.0339137, 0.0576976)
(-0.21794, 0.032609, 0.0599943)
(-0.219101, 0.0309153, 0.0613875)
(-0.220284, 0.0289412, 0.0629925)
(-0.220906, 0.027537, 0.0641186)
(-0.221306, 0.0269045, 0.0647756)
(-0.222574, 0.0253451, 0.0664759)
(-0.222574, 0.0253451, 0.0664759)
(-0.222574, 0.0253451, 0.0664759)
(-0.2271, 0.0226576, 0.0711769)
(-0.2271, 0.0226576, 0.0711769)
(-0.2271, 0.0226576, 0.0711769)
(-0.230334, 0.0227088, 0.075746)
(-0.230334, 0.0227088, 0.075746)
(-0.230334, 0.0227088, 0.075746)
(-0.233732, 0.0210749, 0.0798111)
(-0.233732, 0.0210749, 0.0798111)
(-0.233732, 0.0210749, 0.0798111)
(-0.236815, 0.0203527, 0.0831508)
(-0.237196, 0.0204139, 0.0835438)
(-0.237196, 0.0204139, 0.0835438)
(-0.237196, 0.0204139, 0.0835438)
(-0.239773, 0.0191715, 0.085502)
(-0.239773, 0.0191715, 0.085502)
(-0.239773, 0.0191715, 0.085502)
(-0.239773, 0.0191715, 0.085502)
(-0.239773, 0.0191715, 0.085502)
(-0.242719, 0.01669, 0.0880683)
(-0.242719, 0.01669, 0.0880683)
(-0.242719, 0.01669, 0.0880683)
(-0.24479, 0.0174709, 0.0897983)
(-0.244897, 0.0175411, 0.0900347)
(-0.244897, 0.0175411, 0.0900347)
(-0.247018, 0.0174694, 0.0928146)
(-0.247018, 0.0174694, 0.0928146)
(-0.248357, 0.017714, 0.0947838)
(-0.248357, 0.017714, 0.0947838)
(-0.249558, 0.0173879, 0.0968784)
(-0.250021, 0.0169394, 0.0977733)
(-0.250351, 0.0164918, 0.0982377)
(-0.250553, 0.016119, 0.0983619)
(-0.250666, 0.015897, 0.0985213)
(-0.250666, 0.015897, 0.0985213)
(-0.251055, 0.0155869, 0.0987407)
(-0.251152, 0.0155093, 0.0987956)
(-0.251152, 0.0155093, 0.0987956)
(-0.252065, 0.0145946, 0.0995861)
(-0.252065, 0.0145946, 0.0995861)
(-0.252065, 0.0145946, 0.0995861)
(-0.253678, 0.014153, 0.101166)
(-0.254304, 0.0140508, 0.101943)
(-0.254711, 0.0141764, 0.102417)
(-0.254711, 0.0141764, 0.102417)
(-0.256969, 0.0144998, 0.104994)
(-0.257478, 0.0145459, 0.105521)
(-0.257702, 0.0146085, 0.105899)
(-0.258203, 0.014581, 0.106334)
(-0.258203, 0.014581, 0.106334)
(-0.258203, 0.014581, 0.106334)
(-0.258314, 0.0168329, 0.106291)
(-0.258048, 0.0172891, 0.106399)
</SamplePoints>
<SampleFrames Num="64">((0.060976, -0.132626, 0.989289, -0.213182), (-0.628012, 0.765268, 0.141301, 0.036097), (-0.775811, -0.629901, -0.036628, 0.053089), (0.000000, 0.000000, 0.000000, 1.000000)
((0.062654, -0.134359, 0.988950, -0.214831), (-0.628933, 0.764073, 0.143653, 0.035138), (-0.774931, -0.630984, -0.036630, 0.055141), (0.000000, 0.000000, 0.000000, 1.000000)
((0.061492, -0.136285, 0.988759, -0.216223), (-0.631749, 0.761630, 0.144268, 0.034178), (-0.772730, -0.633519, -0.039264, 0.057024), (0.000000, 0.000000, 0.000000, 1.000000)
((0.062494, -0.135864, 0.988754, -0.216513), (-0.631407, 0.761852, 0.144594, 0.033914), (-0.772930, -0.633342, -0.038174, 0.057698), (0.000000, 0.000000, 0.000000, 1.000000)
((0.062086, -0.137494, 0.988555, -0.217940), (-0.634057, 0.759483, 0.145455, 0.032609), (-0.770790, -0.635831, -0.040025, 0.059994), (0.000000, 0.000000, 0.000000, 1.000000)
((0.062419, -0.136019, 0.988738, -0.219101), (-0.636594, 0.757559, 0.144404, 0.030915), (-0.768669, -0.638438, -0.039303, 0.061387), (0.000000, 0.000000, 0.000000, 1.000000)
((0.063030, -0.137573, 0.988484, -0.220284), (-0.639006, 0.755246, 0.145858, 0.028941), (-0.766615, -0.640840, -0.040307, 0.062992), (0.000000, 0.000000, 0.000000, 1.000000)
((0.062633, -0.139684, 0.988213, -0.220906), (-0.639499, 0.754570, 0.147190, 0.027537), (-0.766236, -0.641180, -0.042067, 0.064119), (0.000000, 0.000000, 0.000000, 1.000000)
((0.063443, -0.139179, 0.988233, -0.221306), (-0.638854, 0.755084, 0.147357, 0.026904), (-0.766708, -0.640685, -0.041010, 0.064776), (0.000000, 0.000000, 0.000000, 1.000000)
((0.061909, -0.141010, 0.988071, -0.222574), (-0.641210, 0.753028, 0.147642, 0.025345), (-0.764864, -0.642701, -0.043797, 0.066476), (0.000000, 0.000000, 0.000000, 1.000000)
((0.061909, -0.141010, 0.988071, -0.222574), (-0.641210, 0.753028, 0.147642, 0.025345), (-0.764864, -0.642701, -0.043797, 0.066476), (0.000000, 0.000000, 0.000000, 1.000000)
((0.061909, -0.141010, 0.988071, -0.222574), (-0.641210, 0.753028, 0.147642, 0.025345), (-0.764864, -0.642701, -0.043797, 0.066476), (0.000000, 0.000000, 0.000000, 1.000000)
((0.059078, -0.143736, 0.987851, -0.227100), (-0.644806, 0.749943, 0.147682, 0.022658), (-0.762059, -0.645697, -0.048377, 0.071177), (0.000000, 0.000000, 0.000000, 1.000000)
((0.059078, -0.143736, 0.987851, -0.227100), (-0.644806, 0.749943, 0.147682, 0.022658), (-0.762059, -0.645697, -0.048377, 0.071177), (0.000000, 0.000000, 0.000000, 1.000000)
((0.059078, -0.143736, 0.987851, -0.227100), (-0.644806, 0.749943, 0.147682, 0.022658), (-0.762059, -0.645697, -0.048377, 0.071177), (0.000000, 0.000000, 0.000000, 1.000000)
((0.057357, -0.144912, 0.987781, -0.230334), (-0.645266, 0.749596, 0.147437, 0.022709), (-0.761802, -0.645838, -0.050512, 0.075746), (0.000000, 0.000000, 0.000000, 1.000000)
((0.057357, -0.144912, 0.987781, -0.230334), (-0.645266, 0.749596, 0.147437, 0.022709), (-0.761802, -0.645838, -0.050512, 0.075746), (0.000000, 0.000000, 0.000000, 1.000000)
((0.057357, -0.144912, 0.987781, -0.230334), (-0.645266, 0.749596, 0.147437, 0.022709), (-0.761802, -0.645838, -0.050512, 0.075746), (0.000000, 0.000000, 0.000000, 1.000000)
((0.055302, -0.148462, 0.987371, -0.233732), (-0.646223, 0.748513, 0.148742, 0.021075), (-0.761142, -0.646288, -0.054545, 0.079811), (0.000000, 0.000000, 0.000000, 1.000000)
((0.055302, -0.148462, 0.987371, -0.233732), (-0.646223, 0.748513, 0.148742, 0.021075), (-0.761142, -0.646288, -0.054545, 0.079811), (0.000000, 0.000000, 0.000000, 1.000000)
((0.055302, -0.148462, 0.987371, -0.233732), (-0.646223, 0.748513, 0.148742, 0.021075), (-0.761142, -0.646288, -0.054545, 0.079811), (0.000000, 0.000000, 0.000000, 1.000000)
((0.054560, -0.149339, 0.987280, -0.236815), (-0.648484, 0.746551, 0.148762, 0.020353), (-0.759270, -0.648352, -0.056112, 0.083151), (0.000000, 0.000000, 0.000000, 1.000000)
((0.052657, -0.149242, 0.987398, -0.237196), (-0.647952, 0.747263, 0.147501, 0.020414), (-0.759859, -0.647553, -0.057353, 0.083544), (0.000000, 0.000000, 0.000000, 1.000000)
((0.052657, -0.149242, 0.987398, -0.237196), (-0.647952, 0.747263, 0.147501, 0.020414), (-0.759859, -0.647553, -0.057353, 0.083544), (0.000000, 0.000000, 0.000000, 1.000000)
((0.052657, -0.149242, 0.987398, -0.237196), (-0.647952, 0.747263, 0.147501, 0.020414), (-0.759859, -0.647553, -0.057353, 0.083544), (0.000000, 0.000000, 0.000000, 1.000000)
((0.054326, -0.150497, 0.987117, -0.239773), (-0.648272, 0.746587, 0.149503, 0.019172), (-0.759468, -0.648042, -0.057004, 0.085502), (0.000000, 0.000000, 0.000000, 1.000000)
((0.054326, -0.150497, 0.987117, -0.239773), (-0.648272, 0.746587, 0.149503, 0.019172), (-0.759468, -0.648042, -0.057004, 0.085502), (0.000000, 0.000000, 0.000000, 1.000000)
((0.054326, -0.150497, 0.987117, -0.239773), (-0.648272, 0.746587, 0.149503, 0.019172), (-0.759468, -0.648042, -0.057004, 0.085502), (0.000000, 0.000000, 0.000000, 1.000000)
((0.054326, -0.150497, 0.987117, -0.239773), (-0.648272, 0.746587, 0.149503, 0.019172), (-0.759468, -0.648042, -0.057004, 0.085502), (0.000000, 0.000000, 0.000000, 1.000000)
((0.054326, -0.150497, 0.987117, -0.239773), (-0.648272, 0.746587, 0.149503, 0.019172), (-0.759468, -0.648042, -0.057004, 0.085502), (0.000000, 0.000000, 0.000000, 1.000000)
((0.052960, -0.150749, 0.987152, -0.242719), (-0.653211, 0.742485, 0.148430, 0.016690), (-0.755321, -0.652680, -0.059149, 0.088068), (0.000000, 0.000000, 0.000000, 1.000000)
((0.052960, -0.150749, 0.987152, -0.242719), (-0.653211, 0.742485, 0.148430, 0.016690), (-0.755321, -0.652680, -0.059149, 0.088068), (0.000000, 0.000000, 0.000000, 1.000000)
((0.052960, -0.150749, 0.987152, -0.242719), (-0.653211, 0.742485, 0.148430, 0.016690), (-0.755321, -0.652680, -0.059149, 0.088068), (0.000000, 0.000000, 0.000000, 1.000000)
((0.051335, -0.152992, 0.986893, -0.244790), (-0.652471, 0.742996, 0.149121, 0.017471), (-0.756073, -0.651575, -0.061681, 0.089798), (0.000000, 0.000000, 0.000000, 1.000000)
((0.051264, -0.153054, 0.986887, -0.244897), (-0.650262, 0.744894, 0.149302, 0.017541), (-0.757978, -0.649389, -0.061339, 0.090035), (0.000000, 0.000000, 0.000000, 1.000000)
((0.051264, -0.153054, 0.986887, -0.244897), (-0.650262, 0.744894, 0.149302, 0.017541), (-0.757978, -0.649389, -0.061339, 0.090035), (0.000000, 0.000000, 0.000000, 1.000000)
((0.049378, -0.154479, 0.986761, -0.247018), (-0.653509, 0.742132, 0.148884, 0.017469), (-0.755307, -0.652209, -0.064309, 0.092815), (0.000000, 0.000000, 0.000000, 1.000000)
((0.049378, -0.154479, 0.986761, -0.247018), (-0.653509, 0.742132, 0.148884, 0.017469), (-0.755307, -0.652209, -0.064309, 0.092815), (0.000000, 0.000000, 0.000000, 1.000000)
((0.047990, -0.153459, 0.986989, -0.248357), (-0.655197, 0.741004, 0.147071, 0.017714), (-0.753933, -0.653730, -0.064985, 0.094784), (0.000000, 0.000000, 0.000000, 1.000000)
((0.047990, -0.153459, 0.986989, -0.248357), (-0.655197, 0.741004, 0.147071, 0.017714), (-0.753933, -0.653730, -0.064985, 0.094784), (0.000000, 0.000000, 0.000000, 1.000000)
((0.049201, -0.155360, 0.986632, -0.249558), (-0.657161, 0.738853, 0.149115, 0.017388), (-0.752142, -0.655713, -0.065744, 0.096878), (0.000000, 0.000000, 0.000000, 1.000000)
((0.048339, -0.154735, 0.986773, -0.250021), (-0.658688, 0.737727, 0.147950, 0.016939), (-0.750862, -0.657127, -0.066261, 0.097773), (0.000000, 0.000000, 0.000000, 1.000000)
((0.049171, -0.154272, 0.986804, -0.250351), (-0.658257, 0.738064, 0.148185, 0.016492), (-0.751186, -0.656857, -0.065260, 0.098238), (0.000000, 0.000000, 0.000000, 1.000000)
((0.049513, -0.154049, 0.986822, -0.250553), (-0.657987, 0.738289, 0.148265, 0.016119), (-0.751400, -0.656657, -0.064807, 0.098362), (0.000000, 0.000000, 0.000000, 1.000000)
((0.049963, -0.153834, 0.986833, -0.250666), (-0.660104, 0.736406, 0.148217, 0.015897), (-0.749511, -0.658818, -0.064753, 0.098521), (0.000000, 0.000000, 0.000000, 1.000000)
((0.049963, -0.153834, 0.986833, -0.250666), (-0.660104, 0.736406, 0.148217, 0.015897), (-0.749511, -0.658818, -0.064753, 0.098521), (0.000000, 0.000000, 0.000000, 1.000000)
((0.050901, -0.153376, 0.986856, -0.251055), (-0.662056, 0.734631, 0.148324, 0.015587), (-0.747724, -0.660904, -0.064150, 0.098741), (0.000000, 0.000000, 0.000000, 1.000000)
((0.051128, -0.153226, 0.986868, -0.251152), (-0.661876, 0.734782, 0.148377, 0.015509), (-0.747867, -0.660771, -0.063848, 0.098796), (0.000000, 0.000000, 0.000000, 1.000000)
((0.051128, -0.153226, 0.986868, -0.251152), (-0.661876, 0.734782, 0.148377, 0.015509), (-0.747867, -0.660771, -0.063848, 0.098796), (0.000000, 0.000000, 0.000000, 1.000000)
((0.050838, -0.155294, 0.986559, -0.252065), (-0.665001, 0.731737, 0.149450, 0.014595), (-0.745110, -0.663660, -0.066070, 0.099586), (0.000000, 0.000000, 0.000000, 1.000000)
((0.050838, -0.155294, 0.986559, -0.252065), (-0.665001, 0.731737, 0.149450, 0.014595), (-0.745110, -0.663660, -0.066070, 0.099586), (0.000000, 0.000000, 0.000000, 1.000000)
((0.050838, -0.155294, 0.986559, -0.252065), (-0.665001, 0.731737, 0.149450, 0.014595), (-0.745110, -0.663660, -0.066070, 0.099586), (0.000000, 0.000000, 0.000000, 1.000000)
((0.051599, -0.153972, 0.986727, -0.253678), (-0.666340, 0.730639, 0.148856, 0.014153), (-0.743861, -0.665176, -0.064897, 0.101166), (0.000000, 0.000000, 0.000000, 1.000000)
((0.050233, -0.156733, 0.986363, -0.254304), (-0.665829, 0.730862, 0.150043, 0.014051), (-0.744412, -0.664286, -0.067644, 0.101943), (0.000000, 0.000000, 0.000000, 1.000000)
((0.048899, -0.156404, 0.986482, -0.254711), (-0.667692, 0.729425, 0.148745, 0.014176), (-0.742829, -0.665940, -0.068762, 0.102417), (0.000000, 0.000000, 0.000000, 1.000000)
((0.048899, -0.156404, 0.986482, -0.254711), (-0.667692, 0.729425, 0.148745, 0.014176), (-0.742829, -0.665940, -0.068762, 0.102417), (0.000000, 0.000000, 0.000000, 1.000000)
((0.046118, -0.157896, 0.986378, -0.256969), (-0.668544, 0.728812, 0.147924, 0.014500), (-0.742241, -0.666259, -0.071949, 0.104994), (0.000000, 0.000000, 0.000000, 1.000000)
((0.046805, -0.157639, 0.986387, -0.257478), (-0.666439, 0.730643, 0.148390, 0.014546), (-0.744089, -0.664312, -0.070859, 0.105521), (0.000000, 0.000000, 0.000000, 1.000000)
((0.047323, -0.157448, 0.986393, -0.257702), (-0.666479, 0.730567, 0.148588, 0.014608), (-0.744021, -0.664441, -0.070363, 0.105899), (0.000000, 0.000000, 0.000000, 1.000000)
((0.045600, -0.157165, 0.986519, -0.258203), (-0.665952, 0.731309, 0.147289, 0.014581), (-0.744599, -0.663691, -0.071316, 0.106334), (0.000000, 0.000000, 0.000000, 1.000000)
((0.045600, -0.157165, 0.986519, -0.258203), (-0.665952, 0.731309, 0.147289, 0.014581), (-0.744599, -0.663691, -0.071316, 0.106334), (0.000000, 0.000000, 0.000000, 1.000000)
((0.045600, -0.157165, 0.986519, -0.258203), (-0.665952, 0.731309, 0.147289, 0.014581), (-0.744599, -0.663691, -0.071316, 0.106334), (0.000000, 0.000000, 0.000000, 1.000000)
((0.040274, -0.154744, 0.987133, -0.258314), (-0.664345, 0.733787, 0.142133, 0.016833), (-0.746340, -0.661522, -0.073251, 0.106291), (0.000000, 0.000000, 0.000000, 1.000000)
((0.039771, -0.155113, 0.987096, -0.258048), (-0.662725, 0.735231, 0.142236, 0.017289), (-0.747806, -0.659830, -0.073557, 0.106399), (0.000000, 0.000000, 0.000000, 1.000000)
</SampleFrames>
<SampleWeights Num="64">1
1
1
1
1
1
1
1
1
1
1
1
1
1
1
1
1
1
1
1
1
1
1
1
1
1
1
1
1
1
1
1
1
1
1
1
1
1
1
1
1
1
1
1
1
1
1
1
1
1
1
1
1
1
1
1
1
1
1
1
1
1
1
1
</SampleWeights>
</PointSplatMark>
