<PointSplatMark HeadPosAtStart="(0.938099, 0.0403072, 1.37153)" BrushTip="0" BrushInterface="DirectDraw" SuperSamplesPerWidth="20" Draw="0" Width="0.01" Pose="1" LayerIndex="0" Name="fwingdetial" RoomToVirtualScaleAtStart="0.801288" RoomToVirtualFrameAtStart="((0.553722, -0.432018, 0.711866, -0.160544), (0.611115, 0.791526, 0.005009, 0.175718), (-0.565624, 0.432258, 0.702298, -0.146422), (0.000000, 0.000000, 0.000000, 1.000000)" ColorSwatch="0.233111"><SamplePoints Num="123">(-0.0773593, 0.210924, 0.0321604)
(-0.0771147, 0.211198, 0.0321957)
(-0.0768726, 0.211109, 0.0318275)
(-0.0768355, 0.210613, 0.031319)
(-0.0767997, 0.210288, 0.0307392)
(-0.0767228, 0.210013, 0.0302562)
(-0.0766066, 0.209606, 0.0296681)
(-0.0766128, 0.208892, 0.0291331)
(-0.0765077, 0.207422, 0.0278774)
(-0.0765077, 0.207422, 0.0278774)
(-0.0765077, 0.207422, 0.0278774)
(-0.0765077, 0.207422, 0.0278774)
(-0.0763187, 0.202019, 0.0198151)
(-0.076424, 0.200705, 0.0177538)
(-0.0762866, 0.199324, 0.0158668)
(-0.0761878, 0.197568, 0.0142909)
(-0.0759617, 0.196126, 0.0129343)
(-0.0759445, 0.194637, 0.0115674)
(-0.0759445, 0.194637, 0.0115674)
(-0.0757409, 0.19185, 0.00921518)
(-0.0756702, 0.191104, 0.00821355)
(-0.075659, 0.190793, 0.00763057)
(-0.0758313, 0.189476, 0.0060074)
(-0.0758454, 0.188647, 0.00508244)
(-0.0760676, 0.187943, 0.00408219)
(-0.0760722, 0.187291, 0.00336104)
(-0.0760779, 0.18664, 0.0026396)
(-0.0763033, 0.18577, 0.00170508)
(-0.0763033, 0.18577, 0.00170508)
(-0.0763033, 0.18577, 0.00170508)
(-0.0763938, 0.18364, -0.00147883)
(-0.0765316, 0.182561, -0.00280482)
(-0.0765459, 0.181916, -0.00352803)
(-0.0767542, 0.180154, -0.00567559)
(-0.076819, 0.1793, -0.00643147)
(-0.0769664, 0.1787, -0.00724067)
(-0.0770665, 0.178144, -0.00795332)
(-0.0771827, 0.178055, -0.00841659)
(-0.0772488, 0.177841, -0.00871855)
(-0.0773689, 0.177116, -0.00963668)
(-0.0772728, 0.176138, -0.0108617)
(-0.0773362, 0.175162, -0.0119984)
(-0.0773362, 0.175162, -0.0119984)
(-0.0773362, 0.175162, -0.0119984)
(-0.0772035, 0.17283, -0.0163949)
(-0.0772218, 0.171986, -0.0183198)
(-0.0771829, 0.171607, -0.0191857)
(-0.0771562, 0.170683, -0.0213918)
(-0.0771562, 0.170683, -0.0213918)
(-0.0771562, 0.170683, -0.0213918)
(-0.0776552, 0.169479, -0.0258798)
(-0.0778578, 0.168899, -0.0269567)
(-0.0778578, 0.168899, -0.0269567)
(-0.0786577, 0.167006, -0.0303028)
(-0.0789735, 0.166352, -0.0315709)
(-0.0793676, 0.16533, -0.0330787)
(-0.0796037, 0.164263, -0.0342375)
(-0.0796037, 0.164263, -0.0342375)
(-0.0795339, 0.162739, -0.0358302)
(-0.0794037, 0.161951, -0.0363197)
(-0.0794281, 0.161621, -0.0364649)
(-0.0793024, 0.161001, -0.037016)
(-0.0793024, 0.161001, -0.037016)
(-0.0793024, 0.161001, -0.037016)
(-0.0788367, 0.159297, -0.0379323)
(-0.078784, 0.158882, -0.0380932)
(-0.078784, 0.158882, -0.0380932)
(-0.0789664, 0.156068, -0.0413476)
(-0.0788265, 0.155494, -0.0420728)
(-0.0788265, 0.155494, -0.0420728)
(-0.0787372, 0.153739, -0.0439001)
(-0.0787927, 0.152725, -0.0450618)
(-0.0787927, 0.152725, -0.0450618)
(-0.0787927, 0.152725, -0.0450618)
(-0.0795822, 0.149288, -0.0496025)
(-0.0798266, 0.148577, -0.0506225)
(-0.0798266, 0.148577, -0.0506225)
(-0.0800673, 0.147631, -0.052131)
(-0.0802439, 0.147075, -0.052679)
(-0.0802439, 0.147075, -0.052679)
(-0.0803329, 0.145866, -0.0536175)
(-0.0803329, 0.145866, -0.0536175)
(-0.0803329, 0.145866, -0.0536175)
(-0.080145, 0.143825, -0.0547178)
(-0.0801357, 0.143257, -0.0550934)
(-0.0801357, 0.143257, -0.0550934)
(-0.0804608, 0.140666, -0.0575487)
(-0.0804608, 0.140666, -0.0575487)
(-0.0804608, 0.140666, -0.0575487)
(-0.0804608, 0.140666, -0.0575487)
(-0.0803386, 0.136772, -0.0609835)
(-0.080145, 0.136192, -0.0611901)
(-0.080145, 0.136192, -0.0611901)
(-0.079967, 0.134208, -0.0624807)
(-0.0799092, 0.132721, -0.0635844)
(-0.0799092, 0.132721, -0.0635844)
(-0.079708, 0.129378, -0.0658782)
(-0.0795406, 0.12763, -0.0666924)
(-0.0795406, 0.12763, -0.0666924)
(-0.079056, 0.124024, -0.0678257)
(-0.079056, 0.124024, -0.0678257)
(-0.079056, 0.124024, -0.0678257)
(-0.0781098, 0.116606, -0.0682328)
(-0.0778712, 0.11472, -0.0679513)
(-0.0778712, 0.11472, -0.0679513)
(-0.0778712, 0.11472, -0.0679513)
(-0.0778712, 0.11472, -0.0679513)
(-0.0762729, 0.104499, -0.066973)
(-0.0762729, 0.104499, -0.066973)
(-0.0762729, 0.104499, -0.066973)
(-0.0754741, 0.0989538, -0.0677964)
(-0.075415, 0.0984751, -0.0682731)
(-0.075415, 0.0984751, -0.0682731)
(-0.075415, 0.0984751, -0.0682731)
(-0.075415, 0.0984751, -0.0682731)
(-0.075415, 0.0984751, -0.0682731)
(-0.075415, 0.0984751, -0.0682731)
(-0.0717529, 0.0934456, -0.0700429)
(-0.0717529, 0.0934456, -0.0700429)
(-0.0707319, 0.0915094, -0.0699305)
(-0.0699383, 0.0901267, -0.0696756)
(-0.0699383, 0.0901267, -0.0696756)
(-0.0699383, 0.0901267, -0.0696756)
</SamplePoints>
<SampleFrames Num="123">((-0.353265, 0.090894, 0.931097, -0.077359), (0.537848, 0.834074, 0.122641, 0.210924), (-0.765456, 0.544113, -0.343536, 0.032160), (0.000000, 0.000000, 0.000000, 1.000000)
((-0.355350, 0.090666, 0.930326, -0.077115), (0.533014, 0.837265, 0.121995, 0.211198), (-0.767868, 0.539228, -0.345849, 0.032196), (0.000000, 0.000000, 0.000000, 1.000000)
((-0.354712, 0.087605, 0.930862, -0.076873), (0.529611, 0.839301, 0.122825, 0.211109), (-0.770513, 0.536563, -0.344107, 0.031827), (0.000000, 0.000000, 0.000000, 1.000000)
((-0.355138, 0.087160, 0.930742, -0.076835), (0.527507, 0.840664, 0.122553, 0.210613), (-0.771760, 0.534496, -0.344529, 0.031319), (0.000000, 0.000000, 0.000000, 1.000000)
((-0.354014, 0.085705, 0.931305, -0.076800), (0.527315, 0.840708, 0.123078, 0.210288), (-0.772407, 0.534663, -0.342816, 0.030739), (0.000000, 0.000000, 0.000000, 1.000000)
((-0.352426, 0.087077, 0.931780, -0.076723), (0.525332, 0.842397, 0.119972, 0.210013), (-0.774481, 0.531775, -0.342627, 0.030256), (0.000000, 0.000000, 0.000000, 1.000000)
((-0.351447, 0.085649, 0.932282, -0.076607), (0.525053, 0.842491, 0.120532, 0.209606), (-0.775115, 0.531858, -0.341061, 0.029668), (0.000000, 0.000000, 0.000000, 1.000000)
((-0.354399, 0.082784, 0.931423, -0.076613), (0.520477, 0.844979, 0.122936, 0.208892), (-0.776856, 0.528353, -0.342547, 0.029133), (0.000000, 0.000000, 0.000000, 1.000000)
((-0.353628, 0.081401, 0.931838, -0.076508), (0.518659, 0.846100, 0.122917, 0.207422), (-0.778422, 0.526773, -0.341424, 0.027877), (0.000000, 0.000000, 0.000000, 1.000000)
((-0.353628, 0.081401, 0.931838, -0.076508), (0.518659, 0.846100, 0.122917, 0.207422), (-0.778422, 0.526773, -0.341424, 0.027877), (0.000000, 0.000000, 0.000000, 1.000000)
((-0.353628, 0.081401, 0.931838, -0.076508), (0.518659, 0.846100, 0.122917, 0.207422), (-0.778422, 0.526773, -0.341424, 0.027877), (0.000000, 0.000000, 0.000000, 1.000000)
((-0.353628, 0.081401, 0.931838, -0.076508), (0.518659, 0.846100, 0.122917, 0.207422), (-0.778422, 0.526773, -0.341424, 0.027877), (0.000000, 0.000000, 0.000000, 1.000000)
((-0.350824, 0.074713, 0.933456, -0.076319), (0.509182, 0.851797, 0.123190, 0.202019), (-0.785911, 0.518517, -0.336873, 0.019815), (0.000000, 0.000000, 0.000000, 1.000000)
((-0.350720, 0.074592, 0.933505, -0.076424), (0.508029, 0.852550, 0.122744, 0.200705), (-0.786703, 0.517296, -0.336901, 0.017754), (0.000000, 0.000000, 0.000000, 1.000000)
((-0.349065, 0.071956, 0.934332, -0.076287), (0.505743, 0.853844, 0.123187, 0.199324), (-0.788909, 0.515532, -0.334438, 0.015867), (0.000000, 0.000000, 0.000000, 1.000000)
((-0.348502, 0.071349, 0.934589, -0.076188), (0.504358, 0.854715, 0.122821, 0.197568), (-0.790044, 0.514171, -0.333855, 0.014291), (0.000000, 0.000000, 0.000000, 1.000000)
((-0.349603, 0.069368, 0.934327, -0.075962), (0.505053, 0.853903, 0.125582, 0.196126), (-0.789113, 0.515788, -0.333561, 0.012934), (0.000000, 0.000000, 0.000000, 1.000000)
((-0.348985, 0.067330, 0.934706, -0.075945), (0.500800, 0.856447, 0.125288, 0.194637), (-0.792091, 0.511825, -0.332606, 0.011567), (0.000000, 0.000000, 0.000000, 1.000000)
((-0.348985, 0.067330, 0.934706, -0.075945), (0.500800, 0.856447, 0.125288, 0.194637), (-0.792091, 0.511825, -0.332606, 0.011567), (0.000000, 0.000000, 0.000000, 1.000000)
((-0.348682, 0.067134, 0.934834, -0.075741), (0.498116, 0.858175, 0.124162, 0.191850), (-0.793915, 0.508948, -0.332671, 0.009215), (0.000000, 0.000000, 0.000000, 1.000000)
((-0.347704, 0.066492, 0.935244, -0.075670), (0.498383, 0.858002, 0.124288, 0.191104), (-0.794177, 0.509325, -0.331469, 0.008214), (0.000000, 0.000000, 0.000000, 1.000000)
((-0.348242, 0.066070, 0.935073, -0.075659), (0.496138, 0.859335, 0.124054, 0.190793), (-0.795345, 0.507126, -0.332036, 0.007631), (0.000000, 0.000000, 0.000000, 1.000000)
((-0.349736, 0.063468, 0.934696, -0.075831), (0.494461, 0.859928, 0.126622, 0.189476), (-0.795734, 0.506455, -0.332130, 0.006007), (0.000000, 0.000000, 0.000000, 1.000000)
((-0.348428, 0.064093, 0.935142, -0.075845), (0.497653, 0.858086, 0.126610, 0.188647), (-0.794317, 0.509490, -0.330877, 0.005082), (0.000000, 0.000000, 0.000000, 1.000000)
((-0.347269, 0.063459, 0.935616, -0.076068), (0.498010, 0.857872, 0.126658, 0.187943), (-0.794601, 0.509930, -0.329515, 0.004082), (0.000000, 0.000000, 0.000000, 1.000000)
((-0.347778, 0.063534, 0.935422, -0.076072), (0.496262, 0.858957, 0.126164, 0.187291), (-0.795471, 0.508091, -0.330256, 0.003361), (0.000000, 0.000000, 0.000000, 1.000000)
((-0.346566, 0.062743, 0.935925, -0.076078), (0.496484, 0.858813, 0.126271, 0.186640), (-0.795862, 0.508432, -0.328787, 0.002640), (0.000000, 0.000000, 0.000000, 1.000000)
((-0.347255, 0.062223, 0.935704, -0.076303), (0.492526, 0.861199, 0.125516, 0.185770), (-0.798018, 0.504445, -0.329702, 0.001705), (0.000000, 0.000000, 0.000000, 1.000000)
((-0.347255, 0.062223, 0.935704, -0.076303), (0.492526, 0.861199, 0.125516, 0.185770), (-0.798018, 0.504445, -0.329702, 0.001705), (0.000000, 0.000000, 0.000000, 1.000000)
((-0.347255, 0.062223, 0.935704, -0.076303), (0.492526, 0.861199, 0.125516, 0.185770), (-0.798018, 0.504445, -0.329702, 0.001705), (0.000000, 0.000000, 0.000000, 1.000000)
((-0.348246, 0.058415, 0.935581, -0.076394), (0.488637, 0.863047, 0.127996, 0.183640), (-0.799974, 0.501734, -0.329097, -0.001479), (0.000000, 0.000000, 0.000000, 1.000000)
((-0.347410, 0.057392, 0.935955, -0.076532), (0.486828, 0.864110, 0.127715, 0.182561), (-0.801439, 0.500019, -0.328140, -0.002805), (0.000000, 0.000000, 0.000000, 1.000000)
((-0.345928, 0.057560, 0.936494, -0.076546), (0.489627, 0.862508, 0.127849, 0.181916), (-0.800374, 0.502760, -0.326548, -0.003528), (0.000000, 0.000000, 0.000000, 1.000000)
((-0.347651, 0.054669, 0.936029, -0.076754), (0.485915, 0.864284, 0.129995, 0.180154), (-0.801888, 0.500024, -0.327034, -0.005676), (0.000000, 0.000000, 0.000000, 1.000000)
((-0.346267, 0.054087, 0.936575, -0.076819), (0.486365, 0.864043, 0.129919, 0.179300), (-0.802215, 0.500504, -0.325496, -0.006431), (0.000000, 0.000000, 0.000000, 1.000000)
((-0.346811, 0.054327, 0.936360, -0.076966), (0.484739, 0.865041, 0.129349, 0.178700), (-0.802963, 0.498750, -0.326340, -0.007241), (0.000000, 0.000000, 0.000000, 1.000000)
((-0.345477, 0.053428, 0.936905, -0.077067), (0.484826, 0.864978, 0.129450, 0.178144), (-0.803486, 0.498958, -0.324733, -0.007953), (0.000000, 0.000000, 0.000000, 1.000000)
((-0.345985, 0.053009, 0.936741, -0.077183), (0.482562, 0.866278, 0.129212, 0.178055), (-0.804629, 0.496742, -0.325300, -0.008417), (0.000000, 0.000000, 0.000000, 1.000000)
((-0.346293, 0.052420, 0.936661, -0.077249), (0.480248, 0.867595, 0.128998, 0.177841), (-0.805880, 0.494501, -0.325617, -0.008719), (0.000000, 0.000000, 0.000000, 1.000000)
((-0.344995, 0.051701, 0.937179, -0.077369), (0.480472, 0.867468, 0.129016, 0.177116), (-0.806303, 0.494799, -0.324113, -0.009637), (0.000000, 0.000000, 0.000000, 1.000000)
((-0.346122, 0.048225, 0.936949, -0.077273), (0.478014, 0.868394, 0.131889, 0.176138), (-0.807281, 0.493524, -0.323622, -0.010862), (0.000000, 0.000000, 0.000000, 1.000000)
((-0.346804, 0.048960, 0.936659, -0.077336), (0.476790, 0.869186, 0.131102, 0.175162), (-0.807712, 0.492056, -0.324781, -0.011998), (0.000000, 0.000000, 0.000000, 1.000000)
((-0.346804, 0.048960, 0.936659, -0.077336), (0.476790, 0.869186, 0.131102, 0.175162), (-0.807712, 0.492056, -0.324781, -0.011998), (0.000000, 0.000000, 0.000000, 1.000000)
((-0.346804, 0.048960, 0.936659, -0.077336), (0.476790, 0.869186, 0.131102, 0.175162), (-0.807712, 0.492056, -0.324781, -0.011998), (0.000000, 0.000000, 0.000000, 1.000000)
((-0.343143, 0.046120, 0.938150, -0.077204), (0.475054, 0.870154, 0.130981, 0.172830), (-0.810294, 0.490617, -0.320496, -0.016395), (0.000000, 0.000000, 0.000000, 1.000000)
((-0.344947, 0.042222, 0.937672, -0.077222), (0.470130, 0.872417, 0.133666, 0.171986), (-0.812397, 0.486935, -0.320787, -0.018320), (0.000000, 0.000000, 0.000000, 1.000000)
((-0.343707, 0.042474, 0.938116, -0.077183), (0.472776, 0.870968, 0.133782, 0.171607), (-0.811387, 0.489501, -0.319439, -0.019186), (0.000000, 0.000000, 0.000000, 1.000000)
((-0.343987, 0.040242, 0.938112, -0.077156), (0.465693, 0.874860, 0.133232, 0.170683), (-0.815354, 0.482702, -0.319681, -0.021392), (0.000000, 0.000000, 0.000000, 1.000000)
((-0.343987, 0.040242, 0.938112, -0.077156), (0.465693, 0.874860, 0.133232, 0.170683), (-0.815354, 0.482702, -0.319681, -0.021392), (0.000000, 0.000000, 0.000000, 1.000000)
((-0.343987, 0.040242, 0.938112, -0.077156), (0.465693, 0.874860, 0.133232, 0.170683), (-0.815354, 0.482702, -0.319681, -0.021392), (0.000000, 0.000000, 0.000000, 1.000000)
((-0.340484, 0.037483, 0.939503, -0.077655), (0.463533, 0.876035, 0.133038, 0.169479), (-0.818051, 0.480788, -0.315650, -0.025880), (0.000000, 0.000000, 0.000000, 1.000000)
((-0.341383, 0.036997, 0.939196, -0.077858), (0.459303, 0.878365, 0.132348, 0.168899), (-0.820060, 0.476557, -0.316852, -0.026957), (0.000000, 0.000000, 0.000000, 1.000000)
((-0.341383, 0.036997, 0.939196, -0.077858), (0.459303, 0.878365, 0.132348, 0.168899), (-0.820060, 0.476557, -0.316852, -0.026957), (0.000000, 0.000000, 0.000000, 1.000000)
((-0.339930, 0.032243, 0.939898, -0.078658), (0.455249, 0.880154, 0.134455, 0.167006), (-0.822919, 0.473593, -0.313869, -0.030303), (0.000000, 0.000000, 0.000000, 1.000000)
((-0.338954, 0.031262, 0.940283, -0.078974), (0.453165, 0.881289, 0.134057, 0.166352), (-0.824470, 0.471543, -0.312883, -0.031571), (0.000000, 0.000000, 0.000000, 1.000000)
((-0.338017, 0.029565, 0.940675, -0.079368), (0.448670, 0.883678, 0.133449, 0.165330), (-0.827309, 0.467161, -0.311963, -0.033079), (0.000000, 0.000000, 0.000000, 1.000000)
((-0.338467, 0.026240, 0.940612, -0.079604), (0.446507, 0.884385, 0.135998, 0.164263), (-0.828295, 0.466021, -0.311051, -0.034237), (0.000000, 0.000000, 0.000000, 1.000000)
((-0.338467, 0.026240, 0.940612, -0.079604), (0.446507, 0.884385, 0.135998, 0.164263), (-0.828295, 0.466021, -0.311051, -0.034237), (0.000000, 0.000000, 0.000000, 1.000000)
((-0.337592, 0.024895, 0.940963, -0.079534), (0.442271, 0.886630, 0.135217, 0.162739), (-0.830920, 0.461809, -0.310330, -0.035830), (0.000000, 0.000000, 0.000000, 1.000000)
((-0.337658, 0.025557, 0.940922, -0.079404), (0.442915, 0.886362, 0.134869, 0.161951), (-0.830550, 0.462288, -0.310607, -0.036320), (0.000000, 0.000000, 0.000000, 1.000000)
((-0.339416, 0.022427, 0.940369, -0.079428), (0.440246, 0.887249, 0.137742, 0.161621), (-0.831252, 0.460746, -0.311020, -0.036465), (0.000000, 0.000000, 0.000000, 1.000000)
((-0.337819, 0.021568, 0.940964, -0.079302), (0.440193, 0.887282, 0.137697, 0.161001), (-0.831931, 0.460723, -0.309235, -0.037016), (0.000000, 0.000000, 0.000000, 1.000000)
((-0.337819, 0.021568, 0.940964, -0.079302), (0.440193, 0.887282, 0.137697, 0.161001), (-0.831931, 0.460723, -0.309235, -0.037016), (0.000000, 0.000000, 0.000000, 1.000000)
((-0.337819, 0.021568, 0.940964, -0.079302), (0.440193, 0.887282, 0.137697, 0.161001), (-0.831931, 0.460723, -0.309235, -0.037016), (0.000000, 0.000000, 0.000000, 1.000000)
((-0.338154, 0.019706, 0.940884, -0.078837), (0.433105, 0.890871, 0.137000, 0.159297), (-0.835507, 0.453829, -0.309786, -0.037932), (0.000000, 0.000000, 0.000000, 1.000000)
((-0.338233, 0.019140, 0.940868, -0.078784), (0.430813, 0.892023, 0.136727, 0.158882), (-0.836659, 0.451584, -0.309957, -0.038093), (0.000000, 0.000000, 0.000000, 1.000000)
((-0.338233, 0.019140, 0.940868, -0.078784), (0.430813, 0.892023, 0.136727, 0.158882), (-0.836659, 0.451584, -0.309957, -0.038093), (0.000000, 0.000000, 0.000000, 1.000000)
((-0.335819, 0.014078, 0.941821, -0.078966), (0.426460, 0.893809, 0.138699, 0.156068), (-0.839855, 0.448227, -0.306162, -0.041348), (0.000000, 0.000000, 0.000000, 1.000000)
((-0.336467, 0.013105, 0.941604, -0.078827), (0.421720, 0.896129, 0.138223, 0.155494), (-0.841987, 0.443601, -0.307044, -0.042073), (0.000000, 0.000000, 0.000000, 1.000000)
((-0.336467, 0.013105, 0.941604, -0.078827), (0.421720, 0.896129, 0.138223, 0.155494), (-0.841987, 0.443601, -0.307044, -0.042073), (0.000000, 0.000000, 0.000000, 1.000000)
((-0.335510, 0.013053, 0.941946, -0.078737), (0.420379, 0.896900, 0.137305, 0.153739), (-0.843039, 0.442041, -0.306406, -0.043900), (0.000000, 0.000000, 0.000000, 1.000000)
((-0.335793, 0.009549, 0.941888, -0.078793), (0.417962, 0.897627, 0.139908, 0.152725), (-0.844128, 0.440653, -0.305407, -0.045062), (0.000000, 0.000000, 0.000000, 1.000000)
((-0.335793, 0.009549, 0.941888, -0.078793), (0.417962, 0.897627, 0.139908, 0.152725), (-0.844128, 0.440653, -0.305407, -0.045062), (0.000000, 0.000000, 0.000000, 1.000000)
((-0.335793, 0.009549, 0.941888, -0.078793), (0.417962, 0.897627, 0.139908, 0.152725), (-0.844128, 0.440653, -0.305407, -0.045062), (0.000000, 0.000000, 0.000000, 1.000000)
((-0.333921, 0.004624, 0.942590, -0.079582), (0.409736, 0.901283, 0.140731, 0.149288), (-0.848889, 0.433206, -0.302852, -0.049602), (0.000000, 0.000000, 0.000000, 1.000000)
((-0.332540, 0.003655, 0.943082, -0.079827), (0.407540, 0.902360, 0.140205, 0.148577), (-0.850487, 0.430968, -0.301560, -0.050623), (0.000000, 0.000000, 0.000000, 1.000000)
((-0.332540, 0.003655, 0.943082, -0.079827), (0.407540, 0.902360, 0.140205, 0.148577), (-0.850487, 0.430968, -0.301560, -0.050623), (0.000000, 0.000000, 0.000000, 1.000000)
((-0.333004, -0.001457, 0.942924, -0.080067), (0.399759, 0.905463, 0.142579, 0.147631), (-0.853991, 0.424422, -0.300941, -0.052131), (0.000000, 0.000000, 0.000000, 1.000000)
((-0.333162, -0.001684, 0.942868, -0.080244), (0.397708, 0.906434, 0.142149, 0.147075), (-0.854887, 0.422344, -0.301320, -0.052679), (0.000000, 0.000000, 0.000000, 1.000000)
((-0.333162, -0.001684, 0.942868, -0.080244), (0.397708, 0.906434, 0.142149, 0.147075), (-0.854887, 0.422344, -0.301320, -0.052679), (0.000000, 0.000000, 0.000000, 1.000000)
((-0.332929, -0.004120, 0.942943, -0.080333), (0.398305, 0.905785, 0.144589, 0.145866), (-0.854700, 0.423717, -0.299921, -0.053617), (0.000000, 0.000000, 0.000000, 1.000000)
((-0.332929, -0.004120, 0.942943, -0.080333), (0.398305, 0.905785, 0.144589, 0.145866), (-0.854700, 0.423717, -0.299921, -0.053617), (0.000000, 0.000000, 0.000000, 1.000000)
((-0.332929, -0.004120, 0.942943, -0.080333), (0.398305, 0.905785, 0.144589, 0.145866), (-0.854700, 0.423717, -0.299921, -0.053617), (0.000000, 0.000000, 0.000000, 1.000000)
((-0.334470, -0.008904, 0.942364, -0.080145), (0.388734, 0.909618, 0.146566, 0.143825), (-0.858496, 0.415351, -0.300779, -0.054718), (0.000000, 0.000000, 0.000000, 1.000000)
((-0.332432, -0.009898, 0.943075, -0.080136), (0.388479, 0.909740, 0.146486, 0.143257), (-0.859403, 0.415061, -0.298581, -0.055093), (0.000000, 0.000000, 0.000000, 1.000000)
((-0.332432, -0.009898, 0.943075, -0.080136), (0.388479, 0.909740, 0.146486, 0.143257), (-0.859403, 0.415061, -0.298581, -0.055093), (0.000000, 0.000000, 0.000000, 1.000000)
((-0.332810, -0.012160, 0.942915, -0.080461), (0.385431, 0.910825, 0.147788, 0.140666), (-0.860628, 0.412614, -0.298445, -0.057549), (0.000000, 0.000000, 0.000000, 1.000000)
((-0.332810, -0.012160, 0.942915, -0.080461), (0.385431, 0.910825, 0.147788, 0.140666), (-0.860628, 0.412614, -0.298445, -0.057549), (0.000000, 0.000000, 0.000000, 1.000000)
((-0.332810, -0.012160, 0.942915, -0.080461), (0.385431, 0.910825, 0.147788, 0.140666), (-0.860628, 0.412614, -0.298445, -0.057549), (0.000000, 0.000000, 0.000000, 1.000000)
((-0.332810, -0.012160, 0.942915, -0.080461), (0.385431, 0.910825, 0.147788, 0.140666), (-0.860628, 0.412614, -0.298445, -0.057549), (0.000000, 0.000000, 0.000000, 1.000000)
((-0.330543, -0.020184, 0.943575, -0.080339), (0.378446, 0.913041, 0.152104, 0.136772), (-0.864593, 0.407369, -0.294160, -0.060984), (0.000000, 0.000000, 0.000000, 1.000000)
((-0.330527, -0.020728, 0.943569, -0.080145), (0.376094, 0.914059, 0.151824, 0.136192), (-0.865624, 0.405052, -0.294325, -0.061190), (0.000000, 0.000000, 0.000000, 1.000000)
((-0.330527, -0.020728, 0.943569, -0.080145), (0.376094, 0.914059, 0.151824, 0.136192), (-0.865624, 0.405052, -0.294325, -0.061190), (0.000000, 0.000000, 0.000000, 1.000000)
((-0.330762, -0.023818, 0.943414, -0.079967), (0.363728, 0.919229, 0.150731, 0.134208), (-0.870803, 0.393002, -0.295383, -0.062481), (0.000000, 0.000000, 0.000000, 1.000000)
((-0.330851, -0.024259, 0.943371, -0.079909), (0.359654, 0.920980, 0.149818, 0.132721), (-0.872460, 0.388854, -0.295983, -0.063584), (0.000000, 0.000000, 0.000000, 1.000000)
((-0.330851, -0.024259, 0.943371, -0.079909), (0.359654, 0.920980, 0.149818, 0.132721), (-0.872460, 0.388854, -0.295983, -0.063584), (0.000000, 0.000000, 0.000000, 1.000000)
((-0.328475, -0.028349, 0.944087, -0.079708), (0.355449, 0.922358, 0.151368, 0.129378), (-0.875077, 0.385296, -0.292894, -0.065878), (0.000000, 0.000000, 0.000000, 1.000000)
((-0.329500, -0.031432, 0.943632, -0.079541), (0.351345, 0.923585, 0.153448, 0.127630), (-0.876348, 0.382102, -0.293278, -0.066692), (0.000000, 0.000000, 0.000000, 1.000000)
((-0.329500, -0.031432, 0.943632, -0.079541), (0.351345, 0.923585, 0.153448, 0.127630), (-0.876348, 0.382102, -0.293278, -0.066692), (0.000000, 0.000000, 0.000000, 1.000000)
((-0.327830, -0.034275, 0.944115, -0.079056), (0.350247, 0.923718, 0.155153, 0.124024), (-0.877414, 0.381537, -0.290818, -0.067826), (0.000000, 0.000000, 0.000000, 1.000000)
((-0.327830, -0.034275, 0.944115, -0.079056), (0.350247, 0.923718, 0.155153, 0.124024), (-0.877414, 0.381537, -0.290818, -0.067826), (0.000000, 0.000000, 0.000000, 1.000000)
((-0.327830, -0.034275, 0.944115, -0.079056), (0.350247, 0.923718, 0.155153, 0.124024), (-0.877414, 0.381537, -0.290818, -0.067826), (0.000000, 0.000000, 0.000000, 1.000000)
((-0.328819, -0.040482, 0.943525, -0.078110), (0.341045, 0.926570, 0.158609, 0.116606), (-0.880662, 0.373939, -0.290868, -0.068233), (0.000000, 0.000000, 0.000000, 1.000000)
((-0.329725, -0.039708, 0.943242, -0.077871), (0.340075, 0.927046, 0.157905, 0.114720), (-0.880699, 0.372838, -0.292166, -0.067951), (0.000000, 0.000000, 0.000000, 1.000000)
((-0.329725, -0.039708, 0.943242, -0.077871), (0.340075, 0.927046, 0.157905, 0.114720), (-0.880699, 0.372838, -0.292166, -0.067951), (0.000000, 0.000000, 0.000000, 1.000000)
((-0.329725, -0.039708, 0.943242, -0.077871), (0.340075, 0.927046, 0.157905, 0.114720), (-0.880699, 0.372838, -0.292166, -0.067951), (0.000000, 0.000000, 0.000000, 1.000000)
((-0.329725, -0.039708, 0.943242, -0.077871), (0.340075, 0.927046, 0.157905, 0.114720), (-0.880699, 0.372838, -0.292166, -0.067951), (0.000000, 0.000000, 0.000000, 1.000000)
((-0.332868, -0.049771, 0.941659, -0.076273), (0.324257, 0.931668, 0.163865, 0.104499), (-0.885469, 0.359885, -0.293984, -0.066973), (0.000000, 0.000000, 0.000000, 1.000000)
((-0.332868, -0.049771, 0.941659, -0.076273), (0.324257, 0.931668, 0.163865, 0.104499), (-0.885469, 0.359885, -0.293984, -0.066973), (0.000000, 0.000000, 0.000000, 1.000000)
((-0.332868, -0.049771, 0.941659, -0.076273), (0.324257, 0.931668, 0.163865, 0.104499), (-0.885469, 0.359885, -0.293984, -0.066973), (0.000000, 0.000000, 0.000000, 1.000000)
((-0.333806, -0.051908, 0.941211, -0.075474), (0.319889, 0.932994, 0.164905, 0.098954), (-0.886704, 0.356130, -0.294835, -0.067796), (0.000000, 0.000000, 0.000000, 1.000000)
((-0.331895, -0.051704, 0.941898, -0.075415), (0.322441, 0.932136, 0.164785, 0.098475), (-0.886497, 0.358398, -0.292700, -0.068273), (0.000000, 0.000000, 0.000000, 1.000000)
((-0.331895, -0.051704, 0.941898, -0.075415), (0.322441, 0.932136, 0.164785, 0.098475), (-0.886497, 0.358398, -0.292700, -0.068273), (0.000000, 0.000000, 0.000000, 1.000000)
((-0.331895, -0.051704, 0.941898, -0.075415), (0.322441, 0.932136, 0.164785, 0.098475), (-0.886497, 0.358398, -0.292700, -0.068273), (0.000000, 0.000000, 0.000000, 1.000000)
((-0.331895, -0.051704, 0.941898, -0.075415), (0.322441, 0.932136, 0.164785, 0.098475), (-0.886497, 0.358398, -0.292700, -0.068273), (0.000000, 0.000000, 0.000000, 1.000000)
((-0.331895, -0.051704, 0.941898, -0.075415), (0.322441, 0.932136, 0.164785, 0.098475), (-0.886497, 0.358398, -0.292700, -0.068273), (0.000000, 0.000000, 0.000000, 1.000000)
((-0.331895, -0.051704, 0.941898, -0.075415), (0.322441, 0.932136, 0.164785, 0.098475), (-0.886497, 0.358398, -0.292700, -0.068273), (0.000000, 0.000000, 0.000000, 1.000000)
((-0.326694, -0.058809, 0.943299, -0.071753), (0.306704, 0.937453, 0.164666, 0.093446), (-0.893982, 0.343109, -0.288224, -0.070043), (0.000000, 0.000000, 0.000000, 1.000000)
((-0.326694, -0.058809, 0.943299, -0.071753), (0.306704, 0.937453, 0.164666, 0.093446), (-0.893982, 0.343109, -0.288224, -0.070043), (0.000000, 0.000000, 0.000000, 1.000000)
((-0.325587, -0.060015, 0.943605, -0.070732), (0.303941, 0.938372, 0.164555, 0.091509), (-0.895328, 0.340378, -0.287281, -0.069930), (0.000000, 0.000000, 0.000000, 1.000000)
((-0.326784, -0.061034, 0.943126, -0.069938), (0.298951, 0.939998, 0.164415, 0.090127), (-0.896572, 0.335677, -0.288930, -0.069676), (0.000000, 0.000000, 0.000000, 1.000000)
((-0.326784, -0.061034, 0.943126, -0.069938), (0.298951, 0.939998, 0.164415, 0.090127), (-0.896572, 0.335677, -0.288930, -0.069676), (0.000000, 0.000000, 0.000000, 1.000000)
((-0.326784, -0.061034, 0.943126, -0.069938), (0.298951, 0.939998, 0.164415, 0.090127), (-0.896572, 0.335677, -0.288930, -0.069676), (0.000000, 0.000000, 0.000000, 1.000000)
</SampleFrames>
<SampleWeights Num="123">1
1
1
1
1
1
1
1
1
1
1
1
1
1
1
1
1
1
1
1
1
1
1
1
1
1
1
1
1
1
1
1
1
1
1
1
1
1
1
1
1
1
1
1
1
1
1
1
1
1
1
1
1
1
1
1
1
1
1
1
1
1
1
1
1
1
1
1
1
1
1
1
1
1
1
1
1
1
1
1
1
1
1
1
1
1
1
1
1
1
1
1
1
1
1
1
1
1
1
1
1
1
1
1
1
1
1
1
1
1
1
1
1
1
1
1
1
1
1
1
1
1
1
</SampleWeights>
</PointSplatMark>
