<PointSplatMark HeadPosAtStart="(0.349312, 0.57763, 1.75437)" BrushTip="0" BrushInterface="DirectDraw" SuperSamplesPerWidth="20" Draw="0" Width="0.01" Pose="1" LayerIndex="0" Name="fwing" RoomToVirtualScaleAtStart="0.801288" RoomToVirtualFrameAtStart="((0.501535, -0.777172, 0.380088, -0.037409), (0.749579, 0.609723, 0.257623, 0.329192), (-0.431966, 0.155698, 0.888349, -0.003757), (0.000000, 0.000000, 0.000000, 1.000000)" ColorSwatch="0.255893"><SamplePoints Num="112">(-0.00743138, 0.582674, 0.087969)
(-0.00812745, 0.58246, 0.0880401)
(-0.00856865, 0.582362, 0.0881479)
(-0.0100079, 0.582069, 0.0881589)
(-0.0100079, 0.582069, 0.0881589)
(-0.0100079, 0.582069, 0.0881589)
(-0.0135857, 0.579358, 0.0872044)
(-0.0141748, 0.579108, 0.0872966)
(-0.0141748, 0.579108, 0.0872966)
(-0.0141748, 0.579108, 0.0872966)
(-0.0230497, 0.576025, 0.0881011)
(-0.0230497, 0.576025, 0.0881011)
(-0.0230497, 0.576025, 0.0881011)
(-0.0305708, 0.57234, 0.0880478)
(-0.0305708, 0.57234, 0.0880478)
(-0.0305708, 0.57234, 0.0880478)
(-0.0381169, 0.567337, 0.0890901)
(-0.0381169, 0.567337, 0.0890901)
(-0.0381169, 0.567337, 0.0890901)
(-0.0477972, 0.559807, 0.0915957)
(-0.0477972, 0.559807, 0.0915957)
(-0.0477972, 0.559807, 0.0915957)
(-0.057424, 0.55338, 0.0922009)
(-0.057424, 0.55338, 0.0922009)
(-0.057424, 0.55338, 0.0922009)
(-0.057424, 0.55338, 0.0922009)
(-0.057424, 0.55338, 0.0922009)
(-0.0690023, 0.54219, 0.0915397)
(-0.0690023, 0.54219, 0.0915397)
(-0.0690023, 0.54219, 0.0915397)
(-0.07716, 0.530961, 0.0911004)
(-0.0788202, 0.528402, 0.0910123)
(-0.0788202, 0.528402, 0.0910123)
(-0.0788202, 0.528402, 0.0910123)
(-0.0788202, 0.528402, 0.0910123)
(-0.0788202, 0.528402, 0.0910123)
(-0.0911568, 0.508086, 0.0885217)
(-0.0918919, 0.506902, 0.0882084)
(-0.0918919, 0.506902, 0.0882084)
(-0.0989382, 0.496067, 0.0866327)
(-0.0989382, 0.496067, 0.0866327)
(-0.0989382, 0.496067, 0.0866327)
(-0.0989382, 0.496067, 0.0866327)
(-0.109064, 0.478318, 0.0874581)
(-0.110994, 0.473547, 0.0875988)
(-0.112033, 0.471105, 0.0877701)
(-0.116582, 0.458322, 0.0881962)
(-0.118258, 0.453061, 0.0879195)
(-0.120293, 0.445696, 0.0871256)
(-0.122014, 0.439455, 0.0871065)
(-0.123293, 0.434798, 0.0870875)
(-0.124307, 0.430411, 0.0865918)
(-0.124704, 0.42852, 0.0863477)
(-0.124704, 0.42852, 0.0863477)
(-0.127041, 0.418453, 0.0862214)
(-0.127546, 0.415519, 0.086432)
(-0.128111, 0.411201, 0.086633)
(-0.128111, 0.411201, 0.086633)
(-0.129051, 0.402381, 0.0868573)
(-0.129281, 0.398555, 0.0872858)
(-0.129456, 0.396482, 0.0874537)
(-0.129806, 0.388487, 0.0877865)
(-0.129608, 0.382477, 0.0881944)
(-0.129109, 0.376541, 0.0881366)
(-0.129109, 0.376541, 0.0881366)
(-0.128584, 0.366224, 0.0873374)
(-0.128517, 0.362398, 0.087663)
(-0.128517, 0.362398, 0.087663)
(-0.128517, 0.362398, 0.087663)
(-0.127282, 0.351641, 0.0864262)
(-0.126854, 0.349138, 0.0854758)
(-0.126854, 0.349138, 0.0854758)
(-0.125742, 0.344427, 0.0831402)
(-0.125742, 0.344427, 0.0831402)
(-0.123875, 0.335321, 0.0801034)
(-0.123586, 0.334125, 0.0797982)
(-0.123586, 0.334125, 0.0797982)
(-0.123586, 0.334125, 0.0797982)
(-0.121291, 0.324155, 0.0764604)
(-0.120535, 0.321636, 0.0757924)
(-0.120094, 0.320501, 0.0754579)
(-0.120094, 0.320501, 0.0754579)
(-0.120094, 0.320501, 0.0754579)
(-0.11803, 0.313123, 0.0738077)
(-0.11803, 0.313123, 0.0738077)
(-0.11803, 0.313123, 0.0738077)
(-0.116739, 0.307814, 0.0738787)
(-0.116443, 0.306159, 0.073943)
(-0.116443, 0.306159, 0.073943)
(-0.116443, 0.306159, 0.073943)
(-0.115283, 0.302302, 0.0757907)
(-0.114966, 0.300263, 0.0764621)
(-0.114709, 0.298898, 0.0767358)
(-0.11337, 0.293828, 0.078421)
(-0.11337, 0.293828, 0.078421)
(-0.11337, 0.293828, 0.078421)
(-0.11337, 0.293828, 0.078421)
(-0.109635, 0.280347, 0.0834034)
(-0.108703, 0.277267, 0.084601)
(-0.108703, 0.277267, 0.084601)
(-0.10595, 0.268588, 0.0864771)
(-0.10595, 0.268588, 0.0864771)
(-0.103936, 0.262476, 0.0893413)
(-0.103352, 0.260608, 0.0897959)
(-0.103352, 0.260608, 0.0897959)
(-0.101802, 0.255564, 0.0890222)
(-0.10139, 0.254748, 0.0877707)
(-0.10101, 0.254087, 0.086442)
(-0.10101, 0.254087, 0.086442)
(-0.10101, 0.254087, 0.086442)
(-0.10101, 0.254087, 0.086442)
(-0.10101, 0.254087, 0.086442)
</SamplePoints>
<SampleFrames Num="112">((0.062575, -0.037622, 0.997331, -0.007431), (0.028498, 0.998949, 0.035895, 0.582674), (-0.997633, 0.026176, 0.063582, 0.087969), (0.000000, 0.000000, 0.000000, 1.000000)
((0.062889, -0.037211, 0.997327, -0.008127), (0.025849, 0.999030, 0.035644, 0.582460), (-0.997686, 0.023538, 0.063790, 0.088040), (0.000000, 0.000000, 0.000000, 1.000000)
((0.063111, -0.037160, 0.997315, -0.008569), (0.026125, 0.999026, 0.035570, 0.582362), (-0.997665, 0.023810, 0.064020, 0.088148), (0.000000, 0.000000, 0.000000, 1.000000)
((0.063621, -0.036357, 0.997312, -0.010008), (0.020688, 0.999169, 0.035105, 0.582069), (-0.997760, 0.018399, 0.064321, 0.088159), (0.000000, 0.000000, 0.000000, 1.000000)
((0.063621, -0.036357, 0.997312, -0.010008), (0.020688, 0.999169, 0.035105, 0.582069), (-0.997760, 0.018399, 0.064321, 0.088159), (0.000000, 0.000000, 0.000000, 1.000000)
((0.063621, -0.036357, 0.997312, -0.010008), (0.020688, 0.999169, 0.035105, 0.582069), (-0.997760, 0.018399, 0.064321, 0.088159), (0.000000, 0.000000, 0.000000, 1.000000)
((0.068803, -0.037127, 0.996939, -0.013586), (0.017236, 0.999202, 0.036022, 0.579358), (-0.997481, 0.014705, 0.069388, 0.087204), (0.000000, 0.000000, 0.000000, 1.000000)
((0.068997, -0.036911, 0.996934, -0.014175), (0.017724, 0.999203, 0.035769, 0.579108), (-0.997459, 0.015202, 0.069596, 0.087297), (0.000000, 0.000000, 0.000000, 1.000000)
((0.068997, -0.036911, 0.996934, -0.014175), (0.017724, 0.999203, 0.035769, 0.579108), (-0.997459, 0.015202, 0.069596, 0.087297), (0.000000, 0.000000, 0.000000, 1.000000)
((0.068997, -0.036911, 0.996934, -0.014175), (0.017724, 0.999203, 0.035769, 0.579108), (-0.997459, 0.015202, 0.069596, 0.087297), (0.000000, 0.000000, 0.000000, 1.000000)
((0.066080, -0.034707, 0.997211, -0.023050), (0.005488, 0.999392, 0.034420, 0.576025), (-0.997799, 0.003199, 0.066230, 0.088101), (0.000000, 0.000000, 0.000000, 1.000000)
((0.066080, -0.034707, 0.997211, -0.023050), (0.005488, 0.999392, 0.034420, 0.576025), (-0.997799, 0.003199, 0.066230, 0.088101), (0.000000, 0.000000, 0.000000, 1.000000)
((0.066080, -0.034707, 0.997211, -0.023050), (0.005488, 0.999392, 0.034420, 0.576025), (-0.997799, 0.003199, 0.066230, 0.088101), (0.000000, 0.000000, 0.000000, 1.000000)
((0.067241, -0.036018, 0.997086, -0.030571), (0.001627, 0.999351, 0.035990, 0.572340), (-0.997735, -0.000798, 0.067256, 0.088048), (0.000000, 0.000000, 0.000000, 1.000000)
((0.067241, -0.036018, 0.997086, -0.030571), (0.001627, 0.999351, 0.035990, 0.572340), (-0.997735, -0.000798, 0.067256, 0.088048), (0.000000, 0.000000, 0.000000, 1.000000)
((0.067241, -0.036018, 0.997086, -0.030571), (0.001627, 0.999351, 0.035990, 0.572340), (-0.997735, -0.000798, 0.067256, 0.088048), (0.000000, 0.000000, 0.000000, 1.000000)
((0.065844, -0.035939, 0.997182, -0.038117), (-0.009828, 0.999279, 0.036663, 0.567337), (-0.997782, -0.012215, 0.065443, 0.089090), (0.000000, 0.000000, 0.000000, 1.000000)
((0.065844, -0.035939, 0.997182, -0.038117), (-0.009828, 0.999279, 0.036663, 0.567337), (-0.997782, -0.012215, 0.065443, 0.089090), (0.000000, 0.000000, 0.000000, 1.000000)
((0.065844, -0.035939, 0.997182, -0.038117), (-0.009828, 0.999279, 0.036663, 0.567337), (-0.997782, -0.012215, 0.065443, 0.089090), (0.000000, 0.000000, 0.000000, 1.000000)
((0.062084, -0.039181, 0.997302, -0.047797), (-0.017862, 0.999025, 0.040360, 0.559807), (-0.997911, -0.020319, 0.061323, 0.091596), (0.000000, 0.000000, 0.000000, 1.000000)
((0.062084, -0.039181, 0.997302, -0.047797), (-0.017862, 0.999025, 0.040360, 0.559807), (-0.997911, -0.020319, 0.061323, 0.091596), (0.000000, 0.000000, 0.000000, 1.000000)
((0.062084, -0.039181, 0.997302, -0.047797), (-0.017862, 0.999025, 0.040360, 0.559807), (-0.997911, -0.020319, 0.061323, 0.091596), (0.000000, 0.000000, 0.000000, 1.000000)
((0.059733, -0.040949, 0.997374, -0.057424), (-0.030424, 0.998619, 0.042822, 0.553380), (-0.997751, -0.032902, 0.058405, 0.092201), (0.000000, 0.000000, 0.000000, 1.000000)
((0.059733, -0.040949, 0.997374, -0.057424), (-0.030424, 0.998619, 0.042822, 0.553380), (-0.997751, -0.032902, 0.058405, 0.092201), (0.000000, 0.000000, 0.000000, 1.000000)
((0.059733, -0.040949, 0.997374, -0.057424), (-0.030424, 0.998619, 0.042822, 0.553380), (-0.997751, -0.032902, 0.058405, 0.092201), (0.000000, 0.000000, 0.000000, 1.000000)
((0.059733, -0.040949, 0.997374, -0.057424), (-0.030424, 0.998619, 0.042822, 0.553380), (-0.997751, -0.032902, 0.058405, 0.092201), (0.000000, 0.000000, 0.000000, 1.000000)
((0.059733, -0.040949, 0.997374, -0.057424), (-0.030424, 0.998619, 0.042822, 0.553380), (-0.997751, -0.032902, 0.058405, 0.092201), (0.000000, 0.000000, 0.000000, 1.000000)
((0.060481, -0.044009, 0.997199, -0.069002), (-0.044705, 0.997906, 0.046751, 0.542190), (-0.997168, -0.047407, 0.058387, 0.091540), (0.000000, 0.000000, 0.000000, 1.000000)
((0.060481, -0.044009, 0.997199, -0.069002), (-0.044705, 0.997906, 0.046751, 0.542190), (-0.997168, -0.047407, 0.058387, 0.091540), (0.000000, 0.000000, 0.000000, 1.000000)
((0.060481, -0.044009, 0.997199, -0.069002), (-0.044705, 0.997906, 0.046751, 0.542190), (-0.997168, -0.047407, 0.058387, 0.091540), (0.000000, 0.000000, 0.000000, 1.000000)
((0.060341, -0.046956, 0.997073, -0.077160), (-0.056738, 0.997117, 0.050392, 0.530961), (-0.996564, -0.059613, 0.057503, 0.091100), (0.000000, 0.000000, 0.000000, 1.000000)
((0.059850, -0.048656, 0.997021, -0.078820), (-0.056866, 0.997023, 0.052070, 0.528402), (-0.996586, -0.059813, 0.056905, 0.091012), (0.000000, 0.000000, 0.000000, 1.000000)
((0.059850, -0.048656, 0.997021, -0.078820), (-0.056866, 0.997023, 0.052070, 0.528402), (-0.996586, -0.059813, 0.056905, 0.091012), (0.000000, 0.000000, 0.000000, 1.000000)
((0.059850, -0.048656, 0.997021, -0.078820), (-0.056866, 0.997023, 0.052070, 0.528402), (-0.996586, -0.059813, 0.056905, 0.091012), (0.000000, 0.000000, 0.000000, 1.000000)
((0.059850, -0.048656, 0.997021, -0.078820), (-0.056866, 0.997023, 0.052070, 0.528402), (-0.996586, -0.059813, 0.056905, 0.091012), (0.000000, 0.000000, 0.000000, 1.000000)
((0.059850, -0.048656, 0.997021, -0.078820), (-0.056866, 0.997023, 0.052070, 0.528402), (-0.996586, -0.059813, 0.056905, 0.091012), (0.000000, 0.000000, 0.000000, 1.000000)
((0.057644, -0.055519, 0.996792, -0.091157), (-0.071030, 0.995694, 0.059566, 0.508086), (-0.995807, -0.074236, 0.053452, 0.088522), (0.000000, 0.000000, 0.000000, 1.000000)
((0.056278, -0.057493, 0.996758, -0.091892), (-0.072908, 0.995439, 0.061534, 0.506902), (-0.995750, -0.076135, 0.051830, 0.088208), (0.000000, 0.000000, 0.000000, 1.000000)
((0.056278, -0.057493, 0.996758, -0.091892), (-0.072908, 0.995439, 0.061534, 0.506902), (-0.995750, -0.076135, 0.051830, 0.088208), (0.000000, 0.000000, 0.000000, 1.000000)
((0.055575, -0.059664, 0.996670, -0.098938), (-0.081494, 0.994611, 0.064085, 0.496067), (-0.995123, -0.084784, 0.050413, 0.086633), (0.000000, 0.000000, 0.000000, 1.000000)
((0.055575, -0.059664, 0.996670, -0.098938), (-0.081494, 0.994611, 0.064085, 0.496067), (-0.995123, -0.084784, 0.050413, 0.086633), (0.000000, 0.000000, 0.000000, 1.000000)
((0.055575, -0.059664, 0.996670, -0.098938), (-0.081494, 0.994611, 0.064085, 0.496067), (-0.995123, -0.084784, 0.050413, 0.086633), (0.000000, 0.000000, 0.000000, 1.000000)
((0.055575, -0.059664, 0.996670, -0.098938), (-0.081494, 0.994611, 0.064085, 0.496067), (-0.995123, -0.084784, 0.050413, 0.086633), (0.000000, 0.000000, 0.000000, 1.000000)
((0.052792, -0.064020, 0.996551, -0.109064), (-0.096454, 0.992950, 0.068898, 0.478318), (-0.993936, -0.099759, 0.046245, 0.087458), (0.000000, 0.000000, 0.000000, 1.000000)
((0.051505, -0.066970, 0.996425, -0.110994), (-0.096969, 0.992699, 0.071732, 0.473547), (-0.993954, -0.100317, 0.044635, 0.087599), (0.000000, 0.000000, 0.000000, 1.000000)
((0.051393, -0.068364, 0.996336, -0.112033), (-0.100295, 0.992257, 0.073258, 0.471105), (-0.993630, -0.103693, 0.044138, 0.087770), (0.000000, 0.000000, 0.000000, 1.000000)
((0.050426, -0.072115, 0.996121, -0.116582), (-0.106497, 0.991315, 0.077159, 0.458322), (-0.993034, -0.109974, 0.042308, 0.088196), (0.000000, 0.000000, 0.000000, 1.000000)
((0.050515, -0.075517, 0.995864, -0.118258), (-0.109810, 0.990672, 0.080693, 0.453061), (-0.992668, -0.113432, 0.041751, 0.087920), (0.000000, 0.000000, 0.000000, 1.000000)
((0.050247, -0.077334, 0.995738, -0.120293), (-0.113580, 0.990087, 0.082627, 0.445696), (-0.992257, -0.117248, 0.040965, 0.087126), (0.000000, 0.000000, 0.000000, 1.000000)
((0.049820, -0.079350, 0.995601, -0.122014), (-0.118401, 0.989340, 0.084776, 0.439455), (-0.991715, -0.122103, 0.039894, 0.087107), (0.000000, 0.000000, 0.000000, 1.000000)
((0.050062, -0.079087, 0.995610, -0.123293), (-0.124971, 0.988529, 0.084808, 0.434798), (-0.990897, -0.128668, 0.039604, 0.087088), (0.000000, 0.000000, 0.000000, 1.000000)
((0.050807, -0.079779, 0.995517, -0.124307), (-0.129115, 0.987914, 0.085759, 0.430411), (-0.990327, -0.132893, 0.039892, 0.086592), (0.000000, 0.000000, 0.000000, 1.000000)
((0.050384, -0.081791, 0.995375, -0.124704), (-0.130115, 0.987609, 0.087739, 0.428520), (-0.990218, -0.133934, 0.039118, 0.086348), (0.000000, 0.000000, 0.000000, 1.000000)
((0.050384, -0.081791, 0.995375, -0.124704), (-0.130115, 0.987609, 0.087739, 0.428520), (-0.990218, -0.133934, 0.039118, 0.086348), (0.000000, 0.000000, 0.000000, 1.000000)
((0.051841, -0.082027, 0.995281, -0.127041), (-0.136514, 0.986683, 0.088429, 0.418453), (-0.989281, -0.140454, 0.039953, 0.086221), (0.000000, 0.000000, 0.000000, 1.000000)
((0.051063, -0.086185, 0.994970, -0.127546), (-0.139296, 0.985916, 0.092549, 0.415519), (-0.988933, -0.143321, 0.038339, 0.086432), (0.000000, 0.000000, 0.000000, 1.000000)
((0.051549, -0.086571, 0.994911, -0.128111), (-0.143401, 0.985270, 0.093162, 0.411201), (-0.988321, -0.147474, 0.038376, 0.086633), (0.000000, 0.000000, 0.000000, 1.000000)
((0.051549, -0.086571, 0.994911, -0.128111), (-0.143401, 0.985270, 0.093162, 0.411201), (-0.988321, -0.147474, 0.038376, 0.086633), (0.000000, 0.000000, 0.000000, 1.000000)
((0.050768, -0.090274, 0.994622, -0.129051), (-0.148417, 0.984166, 0.096900, 0.402381), (-0.987621, -0.152538, 0.036566, 0.086857), (0.000000, 0.000000, 0.000000, 1.000000)
((0.051326, -0.091228, 0.994506, -0.129281), (-0.150108, 0.983801, 0.097993, 0.398555), (-0.987337, -0.154313, 0.036801, 0.087286), (0.000000, 0.000000, 0.000000, 1.000000)
((0.051508, -0.089983, 0.994610, -0.129456), (-0.150763, 0.983818, 0.096814, 0.396482), (-0.987227, -0.154937, 0.037108, 0.087454), (0.000000, 0.000000, 0.000000, 1.000000)
((0.052920, -0.091360, 0.994411, -0.129806), (-0.159862, 0.982188, 0.098744, 0.388487), (-0.985720, -0.164195, 0.037373, 0.087787), (0.000000, 0.000000, 0.000000, 1.000000)
((0.052041, -0.093892, 0.994221, -0.129608), (-0.162128, 0.981568, 0.101183, 0.382477), (-0.985397, -0.166456, 0.035860, 0.088194), (0.000000, 0.000000, 0.000000, 1.000000)
((0.052498, -0.097140, 0.993885, -0.129109), (-0.165048, 0.980726, 0.104572, 0.376541), (-0.984887, -0.169529, 0.035453, 0.088137), (0.000000, 0.000000, 0.000000, 1.000000)
((0.052498, -0.097140, 0.993885, -0.129109), (-0.165048, 0.980726, 0.104572, 0.376541), (-0.984887, -0.169529, 0.035453, 0.088137), (0.000000, 0.000000, 0.000000, 1.000000)
((0.055591, -0.098142, 0.993619, -0.128584), (-0.175136, 0.978770, 0.106474, 0.366224), (-0.982974, -0.179937, 0.037223, 0.087337), (0.000000, 0.000000, 0.000000, 1.000000)
((0.054696, -0.098700, 0.993613, -0.128517), (-0.176535, 0.978471, 0.106914, 0.362398), (-0.982773, -0.181255, 0.036095, 0.087663), (0.000000, 0.000000, 0.000000, 1.000000)
((0.054696, -0.098700, 0.993613, -0.128517), (-0.176535, 0.978471, 0.106914, 0.362398), (-0.982773, -0.181255, 0.036095, 0.087663), (0.000000, 0.000000, 0.000000, 1.000000)
((0.054696, -0.098700, 0.993613, -0.128517), (-0.176535, 0.978471, 0.106914, 0.362398), (-0.982773, -0.181255, 0.036095, 0.087663), (0.000000, 0.000000, 0.000000, 1.000000)
((0.056632, -0.102462, 0.993124, -0.127282), (-0.186240, 0.976176, 0.111333, 0.351641), (-0.980871, -0.191265, 0.036200, 0.086426), (0.000000, 0.000000, 0.000000, 1.000000)
((0.056815, -0.101073, 0.993255, -0.126854), (-0.189457, 0.975694, 0.110123, 0.349138), (-0.980244, -0.194436, 0.036285, 0.085476), (0.000000, 0.000000, 0.000000, 1.000000)
((0.056815, -0.101073, 0.993255, -0.126854), (-0.189457, 0.975694, 0.110123, 0.349138), (-0.980244, -0.194436, 0.036285, 0.085476), (0.000000, 0.000000, 0.000000, 1.000000)
((0.058852, -0.102458, 0.992995, -0.125742), (-0.194134, 0.974553, 0.112061, 0.344427), (-0.979208, -0.199369, 0.037464, 0.083140), (0.000000, 0.000000, 0.000000, 1.000000)
((0.058852, -0.102458, 0.992995, -0.125742), (-0.194134, 0.974553, 0.112061, 0.344427), (-0.979208, -0.199369, 0.037464, 0.083140), (0.000000, 0.000000, 0.000000, 1.000000)
((0.060914, -0.104199, 0.992689, -0.123875), (-0.202796, 0.972501, 0.114524, 0.335321), (-0.977325, -0.208290, 0.038108, 0.080103), (0.000000, 0.000000, 0.000000, 1.000000)
((0.060359, -0.103376, 0.992809, -0.123586), (-0.204359, 0.972275, 0.113662, 0.334125), (-0.977033, -0.209750, 0.037560, 0.079798), (0.000000, 0.000000, 0.000000, 1.000000)
((0.060359, -0.103376, 0.992809, -0.123586), (-0.204359, 0.972275, 0.113662, 0.334125), (-0.977033, -0.209750, 0.037560, 0.079798), (0.000000, 0.000000, 0.000000, 1.000000)
((0.060359, -0.103376, 0.992809, -0.123586), (-0.204359, 0.972275, 0.113662, 0.334125), (-0.977033, -0.209750, 0.037560, 0.079798), (0.000000, 0.000000, 0.000000, 1.000000)
((0.063912, -0.104839, 0.992433, -0.121291), (-0.212330, 0.970268, 0.116172, 0.324155), (-0.975106, -0.218148, 0.039751, 0.076460), (0.000000, 0.000000, 0.000000, 1.000000)
((0.066065, -0.103899, 0.992391, -0.120535), (-0.213056, 0.970159, 0.115755, 0.321636), (-0.974804, -0.219082, 0.041958, 0.075792), (0.000000, 0.000000, 0.000000, 1.000000)
((0.065015, -0.106165, 0.992221, -0.120094), (-0.214670, 0.969556, 0.117806, 0.320501), (-0.974520, -0.220659, 0.040245, 0.075458), (0.000000, 0.000000, 0.000000, 1.000000)
((0.065015, -0.106165, 0.992221, -0.120094), (-0.214670, 0.969556, 0.117806, 0.320501), (-0.974520, -0.220659, 0.040245, 0.075458), (0.000000, 0.000000, 0.000000, 1.000000)
((0.065015, -0.106165, 0.992221, -0.120094), (-0.214670, 0.969556, 0.117806, 0.320501), (-0.974520, -0.220659, 0.040245, 0.075458), (0.000000, 0.000000, 0.000000, 1.000000)
((0.068023, -0.105984, 0.992038, -0.118030), (-0.216544, 0.969069, 0.118379, 0.313123), (-0.973900, -0.222873, 0.042968, 0.073808), (0.000000, 0.000000, 0.000000, 1.000000)
((0.068023, -0.105984, 0.992038, -0.118030), (-0.216544, 0.969069, 0.118379, 0.313123), (-0.973900, -0.222873, 0.042968, 0.073808), (0.000000, 0.000000, 0.000000, 1.000000)
((0.068023, -0.105984, 0.992038, -0.118030), (-0.216544, 0.969069, 0.118379, 0.313123), (-0.973900, -0.222873, 0.042968, 0.073808), (0.000000, 0.000000, 0.000000, 1.000000)
((0.067924, -0.105570, 0.992089, -0.116739), (-0.225571, 0.967012, 0.118345, 0.307814), (-0.971856, -0.231825, 0.041870, 0.073879), (0.000000, 0.000000, 0.000000, 1.000000)
((0.067661, -0.104622, 0.992208, -0.116443), (-0.226713, 0.966859, 0.117409, 0.306159), (-0.971609, -0.232890, 0.041699, 0.073943), (0.000000, 0.000000, 0.000000, 1.000000)
((0.067661, -0.104622, 0.992208, -0.116443), (-0.226713, 0.966859, 0.117409, 0.306159), (-0.971609, -0.232890, 0.041699, 0.073943), (0.000000, 0.000000, 0.000000, 1.000000)
((0.067661, -0.104622, 0.992208, -0.116443), (-0.226713, 0.966859, 0.117409, 0.306159), (-0.971609, -0.232890, 0.041699, 0.073943), (0.000000, 0.000000, 0.000000, 1.000000)
((0.067851, -0.105643, 0.992087, -0.115283), (-0.228665, 0.966262, 0.118532, 0.302302), (-0.971138, -0.234898, 0.041405, 0.075791), (0.000000, 0.000000, 0.000000, 1.000000)
((0.067409, -0.104055, 0.992285, -0.114966), (-0.235349, 0.964823, 0.117163, 0.300263), (-0.969570, -0.241431, 0.040549, 0.076462), (0.000000, 0.000000, 0.000000, 1.000000)
((0.067353, -0.106616, 0.992016, -0.114709), (-0.234006, 0.964853, 0.119585, 0.298898), (-0.969899, -0.240192, 0.040037, 0.076736), (0.000000, 0.000000, 0.000000, 1.000000)
((0.068959, -0.107325, 0.991830, -0.113370), (-0.235046, 0.964460, 0.120705, 0.293828), (-0.969535, -0.241449, 0.041282, 0.078421), (0.000000, 0.000000, 0.000000, 1.000000)
((0.068959, -0.107325, 0.991830, -0.113370), (-0.235046, 0.964460, 0.120705, 0.293828), (-0.969535, -0.241449, 0.041282, 0.078421), (0.000000, 0.000000, 0.000000, 1.000000)
((0.068959, -0.107325, 0.991830, -0.113370), (-0.235046, 0.964460, 0.120705, 0.293828), (-0.969535, -0.241449, 0.041282, 0.078421), (0.000000, 0.000000, 0.000000, 1.000000)
((0.068959, -0.107325, 0.991830, -0.113370), (-0.235046, 0.964460, 0.120705, 0.293828), (-0.969535, -0.241449, 0.041282, 0.078421), (0.000000, 0.000000, 0.000000, 1.000000)
((0.068433, -0.112773, 0.991261, -0.109635), (-0.242165, 0.961998, 0.126162, 0.280347), (-0.967819, -0.248682, 0.038523, 0.083403), (0.000000, 0.000000, 0.000000, 1.000000)
((0.069792, -0.114586, 0.990959, -0.108703), (-0.242496, 0.961635, 0.128275, 0.277267), (-0.967639, -0.249256, 0.039328, 0.084601), (0.000000, 0.000000, 0.000000, 1.000000)
((0.069792, -0.114586, 0.990959, -0.108703), (-0.242496, 0.961635, 0.128275, 0.277267), (-0.967639, -0.249256, 0.039328, 0.084601), (0.000000, 0.000000, 0.000000, 1.000000)
((0.071853, -0.116537, 0.990584, -0.105950), (-0.249192, 0.959558, 0.130963, 0.268588), (-0.965785, -0.256256, 0.039907, 0.086477), (0.000000, 0.000000, 0.000000, 1.000000)
((0.071853, -0.116537, 0.990584, -0.105950), (-0.249192, 0.959558, 0.130963, 0.268588), (-0.965785, -0.256256, 0.039907, 0.086477), (0.000000, 0.000000, 0.000000, 1.000000)
((0.071931, -0.116480, 0.990585, -0.103936), (-0.255226, 0.957942, 0.131175, 0.262476), (-0.964202, -0.262259, 0.039177, 0.089341), (0.000000, 0.000000, 0.000000, 1.000000)
((0.071015, -0.115249, 0.990795, -0.103352), (-0.258946, 0.957118, 0.129892, 0.260608), (-0.963278, -0.265786, 0.038127, 0.089796), (0.000000, 0.000000, 0.000000, 1.000000)
((0.071015, -0.115249, 0.990795, -0.103352), (-0.258946, 0.957118, 0.129892, 0.260608), (-0.963278, -0.265786, 0.038127, 0.089796), (0.000000, 0.000000, 0.000000, 1.000000)
((0.073936, -0.118907, 0.990149, -0.101802), (-0.266394, 0.954432, 0.134510, 0.255564), (-0.961024, -0.273715, 0.038890, 0.089022), (0.000000, 0.000000, 0.000000, 1.000000)
((0.075003, -0.114790, 0.990554, -0.101390), (-0.274280, 0.952662, 0.131167, 0.254748), (-0.958721, -0.281527, 0.039968, 0.087771), (0.000000, 0.000000, 0.000000, 1.000000)
((0.077293, -0.110970, 0.990813, -0.101010), (-0.279740, 0.951453, 0.128384, 0.254087), (-0.956959, -0.287094, 0.042498, 0.086442), (0.000000, 0.000000, 0.000000, 1.000000)
((0.077293, -0.110970, 0.990813, -0.101010), (-0.279740, 0.951453, 0.128384, 0.254087), (-0.956959, -0.287094, 0.042498, 0.086442), (0.000000, 0.000000, 0.000000, 1.000000)
((0.077293, -0.110970, 0.990813, -0.101010), (-0.279740, 0.951453, 0.128384, 0.254087), (-0.956959, -0.287094, 0.042498, 0.086442), (0.000000, 0.000000, 0.000000, 1.000000)
((0.077293, -0.110970, 0.990813, -0.101010), (-0.279740, 0.951453, 0.128384, 0.254087), (-0.956959, -0.287094, 0.042498, 0.086442), (0.000000, 0.000000, 0.000000, 1.000000)
((0.077293, -0.110970, 0.990813, -0.101010), (-0.279740, 0.951453, 0.128384, 0.254087), (-0.956959, -0.287094, 0.042498, 0.086442), (0.000000, 0.000000, 0.000000, 1.000000)
</SampleFrames>
<SampleWeights Num="112">1
1
1
1
1
1
1
1
1
1
1
1
1
1
1
1
1
1
1
1
1
1
1
1
1
1
1
1
1
1
1
1
1
1
1
1
1
1
1
1
1
1
1
1
1
1
1
1
1
1
1
1
1
1
1
1
1
1
1
1
1
1
1
1
1
1
1
1
1
1
1
1
1
1
1
1
1
1
1
1
1
1
1
1
1
1
1
1
1
1
1
1
1
1
1
1
1
1
1
1
1
1
1
1
1
1
1
1
1
1
1
1
</SampleWeights>
</PointSplatMark>
