<PointSplatMark HeadPosAtStart="(-0.164251, 0.093689, 1.65184)" BrushTip="0" BrushInterface="DirectDraw" SuperSamplesPerWidth="20" Draw="0" Width="0.01" Pose="1" LayerIndex="0" Name="fwing" RoomToVirtualScaleAtStart="0.801288" RoomToVirtualFrameAtStart="((0.454942, -0.890221, 0.023132, 0.053818), (0.890456, 0.455070, 0.000315, 0.276294), (-0.010807, 0.020454, 0.999732, -0.202874), (0.000000, 0.000000, 0.000000, 1.000000)" ColorSwatch="0.255893"><SamplePoints Num="84">(0.228692, 0.126998, -0.150533)
(0.228108, 0.126621, -0.15053)
(0.22634, 0.125769, -0.150415)
(0.224963, 0.125121, -0.150419)
(0.224397, 0.124734, -0.150535)
(0.222426, 0.123849, -0.150779)
(0.221039, 0.123342, -0.151025)
(0.22037, 0.123009, -0.151148)
(0.22037, 0.123009, -0.151148)
(0.216806, 0.119841, -0.151889)
(0.215177, 0.118653, -0.15204)
(0.214241, 0.118055, -0.152178)
(0.210818, 0.11617, -0.152397)
(0.208695, 0.114832, -0.152475)
(0.206339, 0.113341, -0.152457)
(0.204108, 0.111791, -0.152561)
(0.202138, 0.110241, -0.152664)
(0.199983, 0.108792, -0.152901)
(0.197622, 0.107037, -0.152934)
(0.195844, 0.105655, -0.152939)
(0.193979, 0.104055, -0.153077)
(0.192005, 0.102243, -0.153236)
(0.190135, 0.100378, -0.1534)
(0.187981, 0.0985182, -0.153479)
(0.187981, 0.0985182, -0.153479)
(0.183331, 0.0955008, -0.153449)
(0.181312, 0.0936983, -0.153436)
(0.179445, 0.0916821, -0.153428)
(0.177498, 0.0897165, -0.153554)
(0.175738, 0.0880686, -0.153776)
(0.173385, 0.0864288, -0.153716)
(0.170881, 0.084845, -0.153448)
(0.168606, 0.0831509, -0.153291)
(0.166893, 0.0811853, -0.153333)
(0.165076, 0.0791139, -0.153169)
(0.163344, 0.0774141, -0.153103)
(0.161483, 0.0757672, -0.15294)
(0.159533, 0.0738011, -0.153166)
(0.157892, 0.0716741, -0.153377)
(0.156689, 0.0693331, -0.153677)
(0.156689, 0.0693331, -0.153677)
(0.154316, 0.0649235, -0.1544)
(0.154316, 0.0649235, -0.1544)
(0.152328, 0.061263, -0.155053)
(0.150777, 0.0596176, -0.155154)
(0.149206, 0.0582353, -0.155126)
(0.147628, 0.0566849, -0.154886)
(0.14626, 0.0551924, -0.154854)
(0.144975, 0.0538096, -0.154923)
(0.143709, 0.0522619, -0.154892)
(0.142333, 0.0505012, -0.154904)
(0.142333, 0.0505012, -0.154904)
(0.142333, 0.0505012, -0.154904)
(0.138293, 0.0454469, -0.154242)
(0.137797, 0.0445862, -0.154171)
(0.137797, 0.0445862, -0.154171)
(0.137797, 0.0445862, -0.154171)
(0.137797, 0.0445862, -0.154171)
(0.137797, 0.0445862, -0.154171)
(0.137797, 0.0445862, -0.154171)
(0.130565, 0.0389317, -0.153566)
(0.130565, 0.0389317, -0.153566)
(0.130565, 0.0389317, -0.153566)
(0.126551, 0.0388184, -0.152358)
(0.126551, 0.0388184, -0.152358)
(0.12326, 0.0374465, -0.150952)
(0.123174, 0.0373331, -0.150862)
(0.123174, 0.0373331, -0.150862)
(0.1219, 0.0353333, -0.150843)
(0.1219, 0.0353333, -0.150843)
(0.1219, 0.0353333, -0.150843)
(0.1219, 0.0353333, -0.150843)
(0.1219, 0.0353333, -0.150843)
(0.1219, 0.0353333, -0.150843)
(0.1219, 0.0353333, -0.150843)
(0.116214, 0.0299484, -0.14802)
(0.116214, 0.0299484, -0.14802)
(0.116214, 0.0299484, -0.14802)
(0.113632, 0.0291662, -0.14611)
(0.113632, 0.0291662, -0.14611)
(0.113632, 0.0291662, -0.14611)
(0.113024, 0.0278283, -0.145682)
(0.11299, 0.0278207, -0.145571)
(0.11299, 0.0278207, -0.145571)
</SamplePoints>
<SampleFrames Num="84">((0.604911, 0.099171, 0.790093, 0.228692), (-0.383139, 0.906060, 0.179612, 0.126998), (-0.698059, -0.411365, 0.586082, -0.150533), (0.000000, 0.000000, 0.000000, 1.000000)
((0.605971, 0.097866, 0.789443, 0.228108), (-0.384508, 0.904805, 0.182978, 0.126621), (-0.696385, -0.414426, 0.585917, -0.150530), (0.000000, 0.000000, 0.000000, 1.000000)
((0.603821, 0.097866, 0.791090, 0.226340), (-0.382868, 0.906068, 0.180145, 0.125769), (-0.699151, -0.411658, 0.584573, -0.150415), (0.000000, 0.000000, 0.000000, 1.000000)
((0.603307, 0.098276, 0.791430, 0.224963), (-0.384112, 0.905497, 0.180369, 0.125121), (-0.698912, -0.412816, 0.584042, -0.150419), (0.000000, 0.000000, 0.000000, 1.000000)
((0.604287, 0.096920, 0.790850, 0.224397), (-0.385304, 0.904344, 0.183581, 0.124734), (-0.697408, -0.415653, 0.583827, -0.150535), (0.000000, 0.000000, 0.000000, 1.000000)
((0.603903, 0.095347, 0.791334, 0.222426), (-0.383063, 0.905364, 0.183247, 0.123849), (-0.698973, -0.413794, 0.583276, -0.150779), (0.000000, 0.000000, 0.000000, 1.000000)
((0.604088, 0.095491, 0.791175, 0.221039), (-0.382047, 0.905972, 0.182359, 0.123342), (-0.699369, -0.412427, 0.583769, -0.151025), (0.000000, 0.000000, 0.000000, 1.000000)
((0.603383, 0.093697, 0.791928, 0.220370), (-0.380751, 0.906417, 0.182857, 0.123009), (-0.700684, -0.411860, 0.582592, -0.151148), (0.000000, 0.000000, 0.000000, 1.000000)
((0.603383, 0.093697, 0.791928, 0.220370), (-0.380751, 0.906417, 0.182857, 0.123009), (-0.700684, -0.411860, 0.582592, -0.151148), (0.000000, 0.000000, 0.000000, 1.000000)
((0.603592, 0.089198, 0.792288, 0.216806), (-0.377037, 0.907520, 0.185068, 0.119841), (-0.702510, -0.410427, 0.581402, -0.151889), (0.000000, 0.000000, 0.000000, 1.000000)
((0.601938, 0.089617, 0.793498, 0.215177), (-0.379760, 0.906249, 0.185731, 0.118653), (-0.702462, -0.413137, 0.579539, -0.152040), (0.000000, 0.000000, 0.000000, 1.000000)
((0.602537, 0.087943, 0.793231, 0.214241), (-0.375953, 0.908002, 0.184907, 0.118055), (-0.703994, -0.409631, 0.580168, -0.152178), (0.000000, 0.000000, 0.000000, 1.000000)
((0.602524, 0.085325, 0.793527, 0.210818), (-0.376523, 0.907056, 0.188361, 0.116170), (-0.703701, -0.412274, 0.578649, -0.152397), (0.000000, 0.000000, 0.000000, 1.000000)
((0.602592, 0.084050, 0.793611, 0.208695), (-0.373956, 0.908242, 0.187757, 0.114832), (-0.705010, -0.409917, 0.578730, -0.152475), (0.000000, 0.000000, 0.000000, 1.000000)
((0.601682, 0.082881, 0.794424, 0.206339), (-0.373521, 0.908344, 0.188132, 0.113341), (-0.706017, -0.409930, 0.577492, -0.152457), (0.000000, 0.000000, 0.000000, 1.000000)
((0.600634, 0.081633, 0.795346, 0.204108), (-0.373015, 0.908486, 0.188450, 0.111791), (-0.707177, -0.409865, 0.576118, -0.152561), (0.000000, 0.000000, 0.000000, 1.000000)
((0.601524, 0.078856, 0.794953, 0.202138), (-0.372141, 0.908206, 0.191501, 0.110241), (-0.706880, -0.411027, 0.575654, -0.152664), (0.000000, 0.000000, 0.000000, 1.000000)
((0.600271, 0.077483, 0.796035, 0.199983), (-0.371673, 0.908323, 0.191857, 0.108792), (-0.708191, -0.411031, 0.574038, -0.152901), (0.000000, 0.000000, 0.000000, 1.000000)
((0.601437, 0.074882, 0.795403, 0.197622), (-0.370529, 0.908191, 0.194672, 0.107037), (-0.707801, -0.411803, 0.573966, -0.152934), (0.000000, 0.000000, 0.000000, 1.000000)
((0.600312, 0.073599, 0.796372, 0.195844), (-0.370430, 0.908095, 0.195309, 0.105655), (-0.708807, -0.412246, 0.572404, -0.152939), (0.000000, 0.000000, 0.000000, 1.000000)
((0.599164, 0.072308, 0.797355, 0.193979), (-0.370034, 0.908172, 0.195701, 0.104055), (-0.709984, -0.412305, 0.570900, -0.153077), (0.000000, 0.000000, 0.000000, 1.000000)
((0.599885, 0.071448, 0.796890, 0.192005), (-0.371773, 0.906841, 0.198558, 0.102243), (-0.708466, -0.415374, 0.570562, -0.153236), (0.000000, 0.000000, 0.000000, 1.000000)
((0.598779, 0.070186, 0.797833, 0.190135), (-0.371264, 0.906985, 0.198848, 0.100378), (-0.709666, -0.415273, 0.569142, -0.153400), (0.000000, 0.000000, 0.000000, 1.000000)
((0.599947, 0.067590, 0.797179, 0.187981), (-0.369996, 0.906905, 0.201561, 0.098518), (-0.709342, -0.415879, 0.569103, -0.153479), (0.000000, 0.000000, 0.000000, 1.000000)
((0.599947, 0.067590, 0.797179, 0.187981), (-0.369996, 0.906905, 0.201561, 0.098518), (-0.709342, -0.415879, 0.569103, -0.153479), (0.000000, 0.000000, 0.000000, 1.000000)
((0.598000, 0.067300, 0.798666, 0.183331), (-0.372129, 0.905867, 0.202298, 0.095501), (-0.709870, -0.418181, 0.566753, -0.153449), (0.000000, 0.000000, 0.000000, 1.000000)
((0.597179, 0.066257, 0.799367, 0.181312), (-0.371661, 0.906001, 0.202560, 0.093698), (-0.710806, -0.418058, 0.565670, -0.153436), (0.000000, 0.000000, 0.000000, 1.000000)
((0.598377, 0.063698, 0.798679, 0.179445), (-0.370579, 0.905805, 0.205399, 0.091682), (-0.710364, -0.418880, 0.565617, -0.153428), (0.000000, 0.000000, 0.000000, 1.000000)
((0.597466, 0.062601, 0.799447, 0.177498), (-0.369924, 0.906046, 0.205514, 0.089717), (-0.711471, -0.418522, 0.564490, -0.153554), (0.000000, 0.000000, 0.000000, 1.000000)
((0.598209, 0.059731, 0.799111, 0.175738), (-0.369020, 0.905722, 0.208546, 0.088069), (-0.711316, -0.419642, 0.563853, -0.153776), (0.000000, 0.000000, 0.000000, 1.000000)
((0.597474, 0.056774, 0.799876, 0.173385), (-0.365821, 0.906942, 0.208879, 0.086429), (-0.713582, -0.417411, 0.562644, -0.153716), (0.000000, 0.000000, 0.000000, 1.000000)
((0.596991, 0.058030, 0.800146, 0.170881), (-0.368409, 0.905825, 0.209176, 0.084845), (-0.712654, -0.419658, 0.562148, -0.153448), (0.000000, 0.000000, 0.000000, 1.000000)
((0.595052, 0.057081, 0.801657, 0.168606), (-0.370517, 0.904632, 0.210613, 0.083151), (-0.713183, -0.422353, 0.559453, -0.153291), (0.000000, 0.000000, 0.000000, 1.000000)
((0.594222, 0.056095, 0.802342, 0.166893), (-0.369947, 0.904839, 0.210726, 0.081185), (-0.714170, -0.422042, 0.558428, -0.153333), (0.000000, 0.000000, 0.000000, 1.000000)
((0.595618, 0.051733, 0.801600, 0.165076), (-0.366102, 0.905735, 0.213573, 0.079114), (-0.714988, -0.420676, 0.558412, -0.153169), (0.000000, 0.000000, 0.000000, 1.000000)
((0.594683, 0.052702, 0.802231, 0.163344), (-0.368880, 0.904501, 0.214025, 0.077414), (-0.714339, -0.423203, 0.557332, -0.153103), (0.000000, 0.000000, 0.000000, 1.000000)
((0.593613, 0.053574, 0.802965, 0.161483), (-0.371575, 0.903301, 0.214428, 0.075767), (-0.713832, -0.425649, 0.556118, -0.152940), (0.000000, 0.000000, 0.000000, 1.000000)
((0.592582, 0.054461, 0.803667, 0.159533), (-0.373849, 0.902343, 0.214509, 0.073801), (-0.713501, -0.427564, 0.555072, -0.153166), (0.000000, 0.000000, 0.000000, 1.000000)
((0.593524, 0.051764, 0.803150, 0.157892), (-0.372685, 0.902165, 0.217267, 0.071674), (-0.713327, -0.428274, 0.554749, -0.153377), (0.000000, 0.000000, 0.000000, 1.000000)
((0.594326, 0.048956, 0.802733, 0.156689), (-0.371433, 0.902021, 0.219989, 0.069333), (-0.713312, -0.428906, 0.554279, -0.153677), (0.000000, 0.000000, 0.000000, 1.000000)
((0.594326, 0.048956, 0.802733, 0.156689), (-0.371433, 0.902021, 0.219989, 0.069333), (-0.713312, -0.428906, 0.554279, -0.153677), (0.000000, 0.000000, 0.000000, 1.000000)
((0.593431, 0.048493, 0.803423, 0.154316), (-0.375249, 0.899733, 0.222863, 0.064924), (-0.712059, -0.433737, 0.552126, -0.154400), (0.000000, 0.000000, 0.000000, 1.000000)
((0.593431, 0.048493, 0.803423, 0.154316), (-0.375249, 0.899733, 0.222863, 0.064924), (-0.712059, -0.433737, 0.552126, -0.154400), (0.000000, 0.000000, 0.000000, 1.000000)
((0.593548, 0.045963, 0.803485, 0.152328), (-0.374723, 0.899329, 0.225368, 0.061263), (-0.712238, -0.434851, 0.551019, -0.155053), (0.000000, 0.000000, 0.000000, 1.000000)
((0.594323, 0.043173, 0.803066, 0.150777), (-0.374070, 0.898806, 0.228517, 0.059618), (-0.711935, -0.436216, 0.550331, -0.155154), (0.000000, 0.000000, 0.000000, 1.000000)
((0.594322, 0.044017, 0.803021, 0.149206), (-0.374811, 0.898592, 0.228145, 0.058235), (-0.711546, -0.436572, 0.550551, -0.155126), (0.000000, 0.000000, 0.000000, 1.000000)
((0.593471, 0.043149, 0.803698, 0.147628), (-0.375072, 0.898333, 0.228733, 0.056685), (-0.712119, -0.437191, 0.549318, -0.154886), (0.000000, 0.000000, 0.000000, 1.000000)
((0.592439, 0.040172, 0.804613, 0.146260), (-0.372455, 0.899266, 0.229342, 0.055192), (-0.714348, -0.435553, 0.547722, -0.154854), (0.000000, 0.000000, 0.000000, 1.000000)
((0.592252, 0.040876, 0.804715, 0.144975), (-0.373225, 0.899029, 0.229019, 0.053810), (-0.714101, -0.435977, 0.547708, -0.154923), (0.000000, 0.000000, 0.000000, 1.000000)
((0.592855, 0.039967, 0.804317, 0.143709), (-0.375709, 0.897137, 0.232353, 0.052262), (-0.712296, -0.439941, 0.546888, -0.154892), (0.000000, 0.000000, 0.000000, 1.000000)
((0.591784, 0.038935, 0.805156, 0.142333), (-0.375696, 0.897038, 0.232756, 0.050501), (-0.713193, -0.440235, 0.545480, -0.154904), (0.000000, 0.000000, 0.000000, 1.000000)
((0.591784, 0.038935, 0.805156, 0.142333), (-0.375696, 0.897038, 0.232756, 0.050501), (-0.713193, -0.440235, 0.545480, -0.154904), (0.000000, 0.000000, 0.000000, 1.000000)
((0.591784, 0.038935, 0.805156, 0.142333), (-0.375696, 0.897038, 0.232756, 0.050501), (-0.713193, -0.440235, 0.545480, -0.154904), (0.000000, 0.000000, 0.000000, 1.000000)
((0.590954, 0.034739, 0.805957, 0.138293), (-0.375986, 0.895785, 0.237074, 0.045447), (-0.713729, -0.443128, 0.542429, -0.154242), (0.000000, 0.000000, 0.000000, 1.000000)
((0.591652, 0.035281, 0.805421, 0.137797), (-0.375261, 0.896267, 0.236401, 0.044586), (-0.713532, -0.442110, 0.543517, -0.154171), (0.000000, 0.000000, 0.000000, 1.000000)
((0.591652, 0.035281, 0.805421, 0.137797), (-0.375261, 0.896267, 0.236401, 0.044586), (-0.713532, -0.442110, 0.543517, -0.154171), (0.000000, 0.000000, 0.000000, 1.000000)
((0.591652, 0.035281, 0.805421, 0.137797), (-0.375261, 0.896267, 0.236401, 0.044586), (-0.713532, -0.442110, 0.543517, -0.154171), (0.000000, 0.000000, 0.000000, 1.000000)
((0.591652, 0.035281, 0.805421, 0.137797), (-0.375261, 0.896267, 0.236401, 0.044586), (-0.713532, -0.442110, 0.543517, -0.154171), (0.000000, 0.000000, 0.000000, 1.000000)
((0.591652, 0.035281, 0.805421, 0.137797), (-0.375261, 0.896267, 0.236401, 0.044586), (-0.713532, -0.442110, 0.543517, -0.154171), (0.000000, 0.000000, 0.000000, 1.000000)
((0.591652, 0.035281, 0.805421, 0.137797), (-0.375261, 0.896267, 0.236401, 0.044586), (-0.713532, -0.442110, 0.543517, -0.154171), (0.000000, 0.000000, 0.000000, 1.000000)
((0.589775, 0.028421, 0.807067, 0.130565), (-0.373184, 0.895866, 0.241161, 0.038932), (-0.716170, -0.443415, 0.538966, -0.153566), (0.000000, 0.000000, 0.000000, 1.000000)
((0.589775, 0.028421, 0.807067, 0.130565), (-0.373184, 0.895866, 0.241161, 0.038932), (-0.716170, -0.443415, 0.538966, -0.153566), (0.000000, 0.000000, 0.000000, 1.000000)
((0.589775, 0.028421, 0.807067, 0.130565), (-0.373184, 0.895866, 0.241161, 0.038932), (-0.716170, -0.443415, 0.538966, -0.153566), (0.000000, 0.000000, 0.000000, 1.000000)
((0.586896, 0.028599, 0.809157, 0.126551), (-0.374747, 0.895482, 0.240160, 0.038818), (-0.717718, -0.444178, 0.536272, -0.152358), (0.000000, 0.000000, 0.000000, 1.000000)
((0.586896, 0.028599, 0.809157, 0.126551), (-0.374747, 0.895482, 0.240160, 0.038818), (-0.717718, -0.444178, 0.536272, -0.152358), (0.000000, 0.000000, 0.000000, 1.000000)
((0.585125, 0.025597, 0.810539, 0.123260), (-0.374884, 0.894829, 0.242368, 0.037446), (-0.719091, -0.445674, 0.533183, -0.150952), (0.000000, 0.000000, 0.000000, 1.000000)
((0.585125, 0.025597, 0.810539, 0.123174), (-0.374884, 0.894829, 0.242368, 0.037333), (-0.719091, -0.445674, 0.533183, -0.150862), (0.000000, 0.000000, 0.000000, 1.000000)
((0.585125, 0.025597, 0.810539, 0.123174), (-0.374884, 0.894829, 0.242368, 0.037333), (-0.719091, -0.445674, 0.533183, -0.150862), (0.000000, 0.000000, 0.000000, 1.000000)
((0.584281, 0.024969, 0.811167, 0.121900), (-0.374870, 0.894807, 0.242474, 0.035333), (-0.719783, -0.445755, 0.532179, -0.150843), (0.000000, 0.000000, 0.000000, 1.000000)
((0.584281, 0.024969, 0.811167, 0.121900), (-0.374870, 0.894807, 0.242474, 0.035333), (-0.719783, -0.445755, 0.532179, -0.150843), (0.000000, 0.000000, 0.000000, 1.000000)
((0.584281, 0.024969, 0.811167, 0.121900), (-0.374870, 0.894807, 0.242474, 0.035333), (-0.719783, -0.445755, 0.532179, -0.150843), (0.000000, 0.000000, 0.000000, 1.000000)
((0.584281, 0.024969, 0.811167, 0.121900), (-0.374870, 0.894807, 0.242474, 0.035333), (-0.719783, -0.445755, 0.532179, -0.150843), (0.000000, 0.000000, 0.000000, 1.000000)
((0.584281, 0.024969, 0.811167, 0.121900), (-0.374870, 0.894807, 0.242474, 0.035333), (-0.719783, -0.445755, 0.532179, -0.150843), (0.000000, 0.000000, 0.000000, 1.000000)
((0.584281, 0.024969, 0.811167, 0.121900), (-0.374870, 0.894807, 0.242474, 0.035333), (-0.719783, -0.445755, 0.532179, -0.150843), (0.000000, 0.000000, 0.000000, 1.000000)
((0.584281, 0.024969, 0.811167, 0.121900), (-0.374870, 0.894807, 0.242474, 0.035333), (-0.719783, -0.445755, 0.532179, -0.150843), (0.000000, 0.000000, 0.000000, 1.000000)
((0.583304, 0.018109, 0.812052, 0.116214), (-0.373096, 0.894016, 0.248061, 0.029948), (-0.721495, -0.447669, 0.528240, -0.148020), (0.000000, 0.000000, 0.000000, 1.000000)
((0.583304, 0.018109, 0.812052, 0.116214), (-0.373096, 0.894016, 0.248061, 0.029948), (-0.721495, -0.447669, 0.528240, -0.148020), (0.000000, 0.000000, 0.000000, 1.000000)
((0.583304, 0.018109, 0.812052, 0.116214), (-0.373096, 0.894016, 0.248061, 0.029948), (-0.721495, -0.447669, 0.528240, -0.148020), (0.000000, 0.000000, 0.000000, 1.000000)
((0.580828, 0.019152, 0.813801, 0.113632), (-0.375656, 0.893212, 0.247093, 0.029166), (-0.722165, -0.449227, 0.525997, -0.146110), (0.000000, 0.000000, 0.000000, 1.000000)
((0.580828, 0.019152, 0.813801, 0.113632), (-0.375656, 0.893212, 0.247093, 0.029166), (-0.722165, -0.449227, 0.525997, -0.146110), (0.000000, 0.000000, 0.000000, 1.000000)
((0.580828, 0.019152, 0.813801, 0.113632), (-0.375656, 0.893212, 0.247093, 0.029166), (-0.722165, -0.449227, 0.525997, -0.146110), (0.000000, 0.000000, 0.000000, 1.000000)
((0.582662, 0.016606, 0.812545, 0.113024), (-0.373924, 0.893163, 0.249881, 0.027828), (-0.721586, -0.449426, 0.526622, -0.145682), (0.000000, 0.000000, 0.000000, 1.000000)
((0.580984, 0.018543, 0.813703, 0.112990), (-0.374565, 0.893675, 0.247074, 0.027821), (-0.722605, -0.448331, 0.526157, -0.145571), (0.000000, 0.000000, 0.000000, 1.000000)
((0.580984, 0.018543, 0.813703, 0.112990), (-0.374565, 0.893675, 0.247074, 0.027821), (-0.722605, -0.448331, 0.526157, -0.145571), (0.000000, 0.000000, 0.000000, 1.000000)
</SampleFrames>
<SampleWeights Num="84">1
1
1
1
1
1
1
1
1
1
1
1
1
1
1
1
1
1
1
1
1
1
1
1
1
1
1
1
1
1
1
1
1
1
1
1
1
1
1
1
1
1
1
1
1
1
1
1
1
1
1
1
1
1
1
1
1
1
1
1
1
1
1
1
1
1
1
1
1
1
1
1
1
1
1
1
1
1
1
1
1
1
1
1
</SampleWeights>
</PointSplatMark>
