<PointSplatMark HeadPosAtStart="(0.372879, 0.772085, 1.562)" BrushTip="0" BrushInterface="DirectDraw" SuperSamplesPerWidth="20" Draw="0" Width="0.01" Pose="1" LayerIndex="0" Name="fwing" RoomToVirtualScaleAtStart="0.801288" RoomToVirtualFrameAtStart="((0.715551, -0.547968, 0.433263, -0.010280), (0.363454, 0.821701, 0.438985, 0.034007), (-0.596563, -0.156645, 0.787131, -0.066429), (0.000000, 0.000000, 0.000000, 1.000000)" ColorSwatch="0.255893"><SamplePoints Num="75">(-0.097436, 0.248476, 0.0771706)
(-0.097436, 0.248476, 0.0771706)
(-0.10079, 0.247334, 0.0785084)
(-0.10079, 0.247334, 0.0785084)
(-0.10079, 0.247334, 0.0785084)
(-0.10627, 0.244961, 0.081444)
(-0.110235, 0.243594, 0.0833876)
(-0.110235, 0.243594, 0.0833876)
(-0.11626, 0.240825, 0.0868942)
(-0.11626, 0.240825, 0.0868942)
(-0.11626, 0.240825, 0.0868942)
(-0.127716, 0.235215, 0.0941351)
(-0.131051, 0.233476, 0.0958234)
(-0.134614, 0.231608, 0.0976349)
(-0.14204, 0.22756, 0.100784)
(-0.14204, 0.22756, 0.100784)
(-0.14204, 0.22756, 0.100784)
(-0.14204, 0.22756, 0.100784)
(-0.14204, 0.22756, 0.100784)
(-0.158586, 0.218876, 0.104437)
(-0.160178, 0.218354, 0.104732)
(-0.160178, 0.218354, 0.104732)
(-0.169905, 0.211249, 0.104815)
(-0.172628, 0.208561, 0.104829)
(-0.175615, 0.206049, 0.1055)
(-0.177149, 0.204885, 0.106174)
(-0.181671, 0.201634, 0.108239)
(-0.185096, 0.198801, 0.109721)
(-0.18896, 0.195614, 0.111346)
(-0.192847, 0.192906, 0.113079)
(-0.196036, 0.190799, 0.114717)
(-0.197594, 0.18971, 0.115392)
(-0.205462, 0.182289, 0.117363)
(-0.205462, 0.182289, 0.117363)
(-0.205462, 0.182289, 0.117363)
(-0.205462, 0.182289, 0.117363)
(-0.21889, 0.170951, 0.12134)
(-0.221805, 0.168366, 0.122108)
(-0.22529, 0.165448, 0.123112)
(-0.226965, 0.164276, 0.123735)
(-0.226965, 0.164276, 0.123735)
(-0.226965, 0.164276, 0.123735)
(-0.241825, 0.154781, 0.129131)
(-0.245295, 0.152433, 0.13003)
(-0.248822, 0.150435, 0.13085)
(-0.252356, 0.148339, 0.131927)
(-0.255553, 0.146145, 0.13282)
(-0.258801, 0.143822, 0.133816)
(-0.261699, 0.141998, 0.134688)
(-0.264482, 0.140238, 0.135501)
(-0.267313, 0.13815, 0.136114)
(-0.267313, 0.13815, 0.136114)
(-0.267313, 0.13815, 0.136114)
(-0.276016, 0.131073, 0.138302)
(-0.278262, 0.12963, 0.139188)
(-0.280504, 0.127693, 0.13972)
(-0.283444, 0.124739, 0.139894)
(-0.283444, 0.124739, 0.139894)
(-0.283444, 0.124739, 0.139894)
(-0.29041, 0.118266, 0.140423)
(-0.29041, 0.118266, 0.140423)
(-0.29041, 0.118266, 0.140423)
(-0.29041, 0.118266, 0.140423)
(-0.301059, 0.110722, 0.14314)
(-0.303165, 0.109535, 0.143841)
(-0.303165, 0.109535, 0.143841)
(-0.309679, 0.104967, 0.145481)
(-0.309679, 0.104967, 0.145481)
(-0.309679, 0.104967, 0.145481)
(-0.317384, 0.0999406, 0.147238)
(-0.319439, 0.0986773, 0.147958)
(-0.321381, 0.0971907, 0.148593)
(-0.323352, 0.0952898, 0.148772)
(-0.325004, 0.0939753, 0.14898)
(-0.325004, 0.0939753, 0.14898)
</SamplePoints>
<SampleFrames Num="75">((0.000378, 0.227157, 0.973858, -0.097436), (-0.525456, 0.828624, -0.193077, 0.248476), (-0.850821, -0.511647, 0.119674, 0.077171), (0.000000, 0.000000, 0.000000, 1.000000)
((0.000378, 0.227157, 0.973858, -0.097436), (-0.525456, 0.828624, -0.193077, 0.248476), (-0.850821, -0.511647, 0.119674, 0.077171), (0.000000, 0.000000, 0.000000, 1.000000)
((-0.001129, 0.227256, 0.973834, -0.100790), (-0.527159, 0.827397, -0.193694, 0.247334), (-0.849766, -0.513585, 0.118866, 0.078508), (0.000000, 0.000000, 0.000000, 1.000000)
((-0.001129, 0.227256, 0.973834, -0.100790), (-0.527159, 0.827397, -0.193694, 0.247334), (-0.849766, -0.513585, 0.118866, 0.078508), (0.000000, 0.000000, 0.000000, 1.000000)
((-0.001129, 0.227256, 0.973834, -0.100790), (-0.527159, 0.827397, -0.193694, 0.247334), (-0.849766, -0.513585, 0.118866, 0.078508), (0.000000, 0.000000, 0.000000, 1.000000)
((-0.006045, 0.224692, 0.974411, -0.106270), (-0.530817, 0.825088, -0.193552, 0.244961), (-0.847465, -0.518404, 0.114282, 0.081444), (0.000000, 0.000000, 0.000000, 1.000000)
((-0.005471, 0.225016, 0.974340, -0.110235), (-0.529716, 0.825766, -0.193678, 0.243594), (-0.848158, -0.517183, 0.114677, 0.083388), (0.000000, 0.000000, 0.000000, 1.000000)
((-0.005471, 0.225016, 0.974340, -0.110235), (-0.529716, 0.825766, -0.193678, 0.243594), (-0.848158, -0.517183, 0.114677, 0.083388), (0.000000, 0.000000, 0.000000, 1.000000)
((-0.009404, 0.222687, 0.974845, -0.116260), (-0.532958, 0.823762, -0.193316, 0.240825), (-0.846089, -0.521370, 0.110937, 0.086894), (0.000000, 0.000000, 0.000000, 1.000000)
((-0.009404, 0.222687, 0.974845, -0.116260), (-0.532958, 0.823762, -0.193316, 0.240825), (-0.846089, -0.521370, 0.110937, 0.086894), (0.000000, 0.000000, 0.000000, 1.000000)
((-0.009404, 0.222687, 0.974845, -0.116260), (-0.532958, 0.823762, -0.193316, 0.240825), (-0.846089, -0.521370, 0.110937, 0.086894), (0.000000, 0.000000, 0.000000, 1.000000)
((-0.013643, 0.213016, 0.976954, -0.127716), (-0.531010, 0.826340, -0.187591, 0.235215), (-0.847256, -0.521331, 0.101840, 0.094135), (0.000000, 0.000000, 0.000000, 1.000000)
((-0.014436, 0.213219, 0.976898, -0.131051), (-0.532445, 0.825322, -0.188004, 0.233476), (-0.846341, -0.522859, 0.101613, 0.095823), (0.000000, 0.000000, 0.000000, 1.000000)
((-0.017695, 0.211078, 0.977309, -0.134614), (-0.535666, 0.823344, -0.187524, 0.231608), (-0.844244, -0.526830, 0.098498, 0.097635), (0.000000, 0.000000, 0.000000, 1.000000)
((-0.019327, 0.204605, 0.978654, -0.142040), (-0.535886, 0.824240, -0.182905, 0.227560), (-0.844069, -0.527982, 0.093715, 0.100784), (0.000000, 0.000000, 0.000000, 1.000000)
((-0.019327, 0.204605, 0.978654, -0.142040), (-0.535886, 0.824240, -0.182905, 0.227560), (-0.844069, -0.527982, 0.093715, 0.100784), (0.000000, 0.000000, 0.000000, 1.000000)
((-0.019327, 0.204605, 0.978654, -0.142040), (-0.535886, 0.824240, -0.182905, 0.227560), (-0.844069, -0.527982, 0.093715, 0.100784), (0.000000, 0.000000, 0.000000, 1.000000)
((-0.019327, 0.204605, 0.978654, -0.142040), (-0.535886, 0.824240, -0.182905, 0.227560), (-0.844069, -0.527982, 0.093715, 0.100784), (0.000000, 0.000000, 0.000000, 1.000000)
((-0.019327, 0.204605, 0.978654, -0.142040), (-0.535886, 0.824240, -0.182905, 0.227560), (-0.844069, -0.527982, 0.093715, 0.100784), (0.000000, 0.000000, 0.000000, 1.000000)
((-0.022689, 0.198158, 0.979907, -0.158586), (-0.539006, 0.823078, -0.178924, 0.218876), (-0.841996, -0.532236, 0.088134, 0.104437), (0.000000, 0.000000, 0.000000, 1.000000)
((-0.023585, 0.199959, 0.979520, -0.160178), (-0.539400, 0.822395, -0.180871, 0.218354), (-0.841719, -0.532619, 0.088461, 0.104732), (0.000000, 0.000000, 0.000000, 1.000000)
((-0.023585, 0.199959, 0.979520, -0.160178), (-0.539400, 0.822395, -0.180871, 0.218354), (-0.841719, -0.532619, 0.088461, 0.104732), (0.000000, 0.000000, 0.000000, 1.000000)
((-0.026404, 0.195824, 0.980283, -0.169905), (-0.545868, 0.818691, -0.178247, 0.211249), (-0.837455, -0.539812, 0.085277, 0.104815), (0.000000, 0.000000, 0.000000, 1.000000)
((-0.025774, 0.193786, 0.980705, -0.172628), (-0.544933, 0.819736, -0.176300, 0.208561), (-0.838083, -0.538963, 0.084473, 0.104829), (0.000000, 0.000000, 0.000000, 1.000000)
((-0.024783, 0.191637, 0.981153, -0.175615), (-0.547123, 0.818820, -0.173750, 0.206049), (-0.836685, -0.541118, 0.084556, 0.105500), (0.000000, 0.000000, 0.000000, 1.000000)
((-0.027225, 0.190913, 0.981229, -0.177149), (-0.546883, 0.818824, -0.174488, 0.204885), (-0.836766, -0.541368, 0.082115, 0.106174), (0.000000, 0.000000, 0.000000, 1.000000)
((-0.029683, 0.188995, 0.981529, -0.181671), (-0.551190, 0.816077, -0.173805, 0.201634), (-0.833852, -0.546168, 0.079949, 0.108239), (0.000000, 0.000000, 0.000000, 1.000000)
((-0.029753, 0.188142, 0.981691, -0.185096), (-0.554704, 0.813907, -0.172798, 0.198801), (-0.831515, -0.549689, 0.080147, 0.109721), (0.000000, 0.000000, 0.000000, 1.000000)
((-0.032363, 0.186042, 0.982009, -0.188960), (-0.556472, 0.812799, -0.172324, 0.195614), (-0.830236, -0.552037, 0.077222, 0.111346), (0.000000, 0.000000, 0.000000, 1.000000)
((-0.031003, 0.185286, 0.982195, -0.192847), (-0.557832, 0.812184, -0.170822, 0.192906), (-0.829374, -0.553197, 0.078178, 0.113079), (0.000000, 0.000000, 0.000000, 1.000000)
((-0.035503, 0.183647, 0.982351, -0.196036), (-0.560151, 0.810392, -0.171744, 0.190799), (-0.827629, -0.556362, 0.074099, 0.114717), (0.000000, 0.000000, 0.000000, 1.000000)
((-0.035792, 0.181791, 0.982686, -0.197594), (-0.560930, 0.810156, -0.170304, 0.189710), (-0.827089, -0.557314, 0.072974, 0.115392), (0.000000, 0.000000, 0.000000, 1.000000)
((-0.035370, 0.180602, 0.982920, -0.205462), (-0.563184, 0.808888, -0.168891, 0.182289), (-0.825574, -0.559538, 0.073101, 0.117363), (0.000000, 0.000000, 0.000000, 1.000000)
((-0.035370, 0.180602, 0.982920, -0.205462), (-0.563184, 0.808888, -0.168891, 0.182289), (-0.825574, -0.559538, 0.073101, 0.117363), (0.000000, 0.000000, 0.000000, 1.000000)
((-0.035370, 0.180602, 0.982920, -0.205462), (-0.563184, 0.808888, -0.168891, 0.182289), (-0.825574, -0.559538, 0.073101, 0.117363), (0.000000, 0.000000, 0.000000, 1.000000)
((-0.035370, 0.180602, 0.982920, -0.205462), (-0.563184, 0.808888, -0.168891, 0.182289), (-0.825574, -0.559538, 0.073101, 0.117363), (0.000000, 0.000000, 0.000000, 1.000000)
((-0.043319, 0.174087, 0.983777, -0.218890), (-0.571039, 0.803682, -0.167363, 0.170951), (-0.819779, -0.569025, 0.064596, 0.121340), (0.000000, 0.000000, 0.000000, 1.000000)
((-0.043098, 0.172866, 0.984002, -0.221805), (-0.572325, 0.803021, -0.166139, 0.168366), (-0.818894, -0.570329, 0.064327, 0.122108), (0.000000, 0.000000, 0.000000, 1.000000)
((-0.043821, 0.169126, 0.984620, -0.225290), (-0.572919, 0.803148, -0.163453, 0.165448), (-0.818440, -0.571270, 0.061700, 0.123112), (0.000000, 0.000000, 0.000000, 1.000000)
((-0.042141, 0.170004, 0.984542, -0.226965), (-0.571515, 0.804175, -0.163322, 0.164276), (-0.819509, -0.569563, 0.063271, 0.123735), (0.000000, 0.000000, 0.000000, 1.000000)
((-0.042141, 0.170004, 0.984542, -0.226965), (-0.571515, 0.804175, -0.163322, 0.164276), (-0.819509, -0.569563, 0.063271, 0.123735), (0.000000, 0.000000, 0.000000, 1.000000)
((-0.042141, 0.170004, 0.984542, -0.226965), (-0.571515, 0.804175, -0.163322, 0.164276), (-0.819509, -0.569563, 0.063271, 0.123735), (0.000000, 0.000000, 0.000000, 1.000000)
((-0.049633, 0.162698, 0.985427, -0.241825), (-0.577408, 0.800378, -0.161228, 0.154781), (-0.814946, -0.576996, 0.054218, 0.129131), (0.000000, 0.000000, 0.000000, 1.000000)
((-0.051900, 0.159698, 0.985801, -0.245295), (-0.577782, 0.800340, -0.160073, 0.152433), (-0.814539, -0.577886, 0.050733, 0.130030), (0.000000, 0.000000, 0.000000, 1.000000)
((-0.050249, 0.158566, 0.986069, -0.248822), (-0.577209, 0.801118, -0.158239, 0.150435), (-0.815049, -0.577119, 0.051270, 0.130850), (0.000000, 0.000000, 0.000000, 1.000000)
((-0.051975, 0.155604, 0.986451, -0.252356), (-0.577936, 0.800880, -0.156783, 0.148339), (-0.814425, -0.578255, 0.048304, 0.131927), (0.000000, 0.000000, 0.000000, 1.000000)
((-0.053248, 0.155132, 0.986458, -0.255553), (-0.581395, 0.798343, -0.156932, 0.146145), (-0.811877, -0.581878, 0.047682, 0.132820), (0.000000, 0.000000, 0.000000, 1.000000)
((-0.052977, 0.151162, 0.987088, -0.258801), (-0.580487, 0.799649, -0.153612, 0.143822), (-0.812544, -0.581130, 0.045384, 0.133816), (0.000000, 0.000000, 0.000000, 1.000000)
((-0.053895, 0.150711, 0.987108, -0.261699), (-0.581729, 0.798727, -0.153711, 0.141998), (-0.811595, -0.582513, 0.044626, 0.134688), (0.000000, 0.000000, 0.000000, 1.000000)
((-0.054963, 0.150132, 0.987137, -0.264482), (-0.583265, 0.797593, -0.153781, 0.140238), (-0.810421, -0.584214, 0.043728, 0.135501), (0.000000, 0.000000, 0.000000, 1.000000)
((-0.056378, 0.149572, 0.987142, -0.267313), (-0.584138, 0.796890, -0.154106, 0.138150), (-0.809694, -0.585316, 0.042444, 0.136114), (0.000000, 0.000000, 0.000000, 1.000000)
((-0.056378, 0.149572, 0.987142, -0.267313), (-0.584138, 0.796890, -0.154106, 0.138150), (-0.809694, -0.585316, 0.042444, 0.136114), (0.000000, 0.000000, 0.000000, 1.000000)
((-0.056378, 0.149572, 0.987142, -0.267313), (-0.584138, 0.796890, -0.154106, 0.138150), (-0.809694, -0.585316, 0.042444, 0.136114), (0.000000, 0.000000, 0.000000, 1.000000)
((-0.054353, 0.142498, 0.988302, -0.276016), (-0.584657, 0.797817, -0.147187, 0.131073), (-0.809458, -0.585817, 0.039948, 0.138302), (0.000000, 0.000000, 0.000000, 1.000000)
((-0.055927, 0.141615, 0.988341, -0.278262), (-0.586493, 0.796446, -0.147307, 0.129630), (-0.808021, -0.587893, 0.038514, 0.139188), (0.000000, 0.000000, 0.000000, 1.000000)
((-0.058161, 0.140562, 0.988362, -0.280504), (-0.590307, 0.793570, -0.147596, 0.127693), (-0.805081, -0.592021, 0.036820, 0.139720), (0.000000, 0.000000, 0.000000, 1.000000)
((-0.057860, 0.138989, 0.988602, -0.283444), (-0.591206, 0.793174, -0.146115, 0.124739), (-0.804442, -0.592922, 0.036278, 0.139894), (0.000000, 0.000000, 0.000000, 1.000000)
((-0.057860, 0.138989, 0.988602, -0.283444), (-0.591206, 0.793174, -0.146115, 0.124739), (-0.804442, -0.592922, 0.036278, 0.139894), (0.000000, 0.000000, 0.000000, 1.000000)
((-0.057860, 0.138989, 0.988602, -0.283444), (-0.591206, 0.793174, -0.146115, 0.124739), (-0.804442, -0.592922, 0.036278, 0.139894), (0.000000, 0.000000, 0.000000, 1.000000)
((-0.058249, 0.130671, 0.989713, -0.290410), (-0.591763, 0.793923, -0.139648, 0.118266), (-0.804004, -0.593810, 0.031081, 0.140423), (0.000000, 0.000000, 0.000000, 1.000000)
((-0.058249, 0.130671, 0.989713, -0.290410), (-0.591763, 0.793923, -0.139648, 0.118266), (-0.804004, -0.593810, 0.031081, 0.140423), (0.000000, 0.000000, 0.000000, 1.000000)
((-0.058249, 0.130671, 0.989713, -0.290410), (-0.591763, 0.793923, -0.139648, 0.118266), (-0.804004, -0.593810, 0.031081, 0.140423), (0.000000, 0.000000, 0.000000, 1.000000)
((-0.058249, 0.130671, 0.989713, -0.290410), (-0.591763, 0.793923, -0.139648, 0.118266), (-0.804004, -0.593810, 0.031081, 0.140423), (0.000000, 0.000000, 0.000000, 1.000000)
((-0.060489, 0.126773, 0.990086, -0.301059), (-0.595870, 0.791186, -0.137709, 0.110722), (-0.800800, -0.598292, 0.027682, 0.143140), (0.000000, 0.000000, 0.000000, 1.000000)
((-0.061618, 0.125882, 0.990130, -0.303165), (-0.595619, 0.791380, -0.137680, 0.109535), (-0.800900, -0.598224, 0.026215, 0.143841), (0.000000, 0.000000, 0.000000, 1.000000)
((-0.061618, 0.125882, 0.990130, -0.303165), (-0.595619, 0.791380, -0.137680, 0.109535), (-0.800900, -0.598224, 0.026215, 0.143841), (0.000000, 0.000000, 0.000000, 1.000000)
((-0.061023, 0.121310, 0.990737, -0.309679), (-0.596068, 0.791731, -0.133657, 0.104967), (-0.800612, -0.598703, 0.023995, 0.145481), (0.000000, 0.000000, 0.000000, 1.000000)
((-0.061023, 0.121310, 0.990737, -0.309679), (-0.596068, 0.791731, -0.133657, 0.104967), (-0.800612, -0.598703, 0.023995, 0.145481), (0.000000, 0.000000, 0.000000, 1.000000)
((-0.061023, 0.121310, 0.990737, -0.309679), (-0.596068, 0.791731, -0.133657, 0.104967), (-0.800612, -0.598703, 0.023995, 0.145481), (0.000000, 0.000000, 0.000000, 1.000000)
((-0.063424, 0.114796, 0.991362, -0.317384), (-0.601924, 0.787942, -0.129749, 0.099941), (-0.796031, -0.604954, 0.019124, 0.147238), (0.000000, 0.000000, 0.000000, 1.000000)
((-0.062656, 0.112721, 0.991649, -0.319439), (-0.605486, 0.785567, -0.127553, 0.098677), (-0.793385, -0.608422, 0.019031, 0.147958), (0.000000, 0.000000, 0.000000, 1.000000)
((-0.064380, 0.113868, 0.991408, -0.321381), (-0.614894, 0.777941, -0.129280, 0.097191), (-0.785977, -0.617934, 0.019933, 0.148593), (0.000000, 0.000000, 0.000000, 1.000000)
((-0.065515, 0.110874, 0.991673, -0.323352), (-0.627205, 0.768373, -0.127345, 0.095290), (-0.776094, -0.630325, 0.019200, 0.148772), (0.000000, 0.000000, 0.000000, 1.000000)
((-0.065369, 0.111003, 0.991668, -0.325004), (-0.635144, 0.761857, -0.127146, 0.093975), (-0.769623, -0.638164, 0.020701, 0.148980), (0.000000, 0.000000, 0.000000, 1.000000)
((-0.065369, 0.111003, 0.991668, -0.325004), (-0.635144, 0.761857, -0.127146, 0.093975), (-0.769623, -0.638164, 0.020701, 0.148980), (0.000000, 0.000000, 0.000000, 1.000000)
</SampleFrames>
<SampleWeights Num="75">1
1
1
1
1
1
1
1
1
1
1
1
1
1
1
1
1
1
1
1
1
1
1
1
1
1
1
1
1
1
1
1
1
1
1
1
1
1
1
1
1
1
1
1
1
1
1
1
1
1
1
1
1
1
1
1
1
1
1
1
1
1
1
1
1
1
1
1
1
1
1
1
1
1
1
</SampleWeights>
</PointSplatMark>
