<PointSplatMark HeadPosAtStart="(0.0207546, 0.658956, 1.60873)" BrushTip="0" BrushInterface="DirectDraw" SuperSamplesPerWidth="20" Draw="0" Width="0.01" Pose="1" LayerIndex="0" Name="fwing" RoomToVirtualScaleAtStart="0.801288" RoomToVirtualFrameAtStart="((0.995196, -0.056474, 0.079968, 0.128642), (0.045590, 0.990210, 0.131927, 0.295758), (-0.086636, -0.127648, 0.988029, -0.337399), (0.000000, 0.000000, 0.000000, 1.000000)" ColorSwatch="0.00863503"><SamplePoints Num="43">(0.110837, 0.451437, -0.137641)
(0.110829, 0.45161, -0.137638)
(0.110975, 0.451616, -0.137651)
(0.110975, 0.451616, -0.137651)
(0.110975, 0.451616, -0.137651)
(0.110975, 0.451616, -0.137651)
(0.112385, 0.452031, -0.138095)
(0.112806, 0.451709, -0.138454)
(0.112806, 0.451709, -0.138454)
(0.113383, 0.45165, -0.138589)
(0.113383, 0.45165, -0.138589)
(0.113383, 0.45165, -0.138589)
(0.113383, 0.45165, -0.138589)
(0.113383, 0.45165, -0.138589)
(0.118996, 0.453022, -0.139222)
(0.118996, 0.453022, -0.139222)
(0.118996, 0.453022, -0.139222)
(0.126098, 0.454533, -0.139671)
(0.126098, 0.454533, -0.139671)
(0.126098, 0.454533, -0.139671)
(0.132934, 0.454731, -0.140399)
(0.132934, 0.454731, -0.140399)
(0.132934, 0.454731, -0.140399)
(0.132934, 0.454731, -0.140399)
(0.132934, 0.454731, -0.140399)
(0.132934, 0.454731, -0.140399)
(0.132934, 0.454731, -0.140399)
(0.157108, 0.455829, -0.141829)
(0.157108, 0.455829, -0.141829)
(0.157108, 0.455829, -0.141829)
(0.164701, 0.455052, -0.141929)
(0.165916, 0.454917, -0.141813)
(0.165916, 0.454917, -0.141813)
(0.17272, 0.454699, -0.141305)
(0.17272, 0.454699, -0.141305)
(0.17272, 0.454699, -0.141305)
(0.17272, 0.454699, -0.141305)
(0.17272, 0.454699, -0.141305)
(0.17272, 0.454699, -0.141305)
(0.183639, 0.453885, -0.139887)
(0.183639, 0.453885, -0.139887)
(0.183639, 0.453885, -0.139887)
(0.183639, 0.453885, -0.139887)
</SamplePoints>
<SampleFrames Num="43">((-0.122642, 0.854926, 0.504044, 0.110837), (-0.546174, 0.365911, -0.753527, 0.451437), (-0.828645, -0.367709, 0.422062, -0.137641), (0.000000, 0.000000, 0.000000, 1.000000)
((-0.119936, 0.855304, 0.504055, 0.110829), (-0.545198, 0.367565, -0.753428, 0.451610), (-0.829683, -0.365173, 0.422226, -0.137638), (0.000000, 0.000000, 0.000000, 1.000000)
((-0.120097, 0.855247, 0.504113, 0.110975), (-0.545204, 0.367542, -0.753436, 0.451616), (-0.829656, -0.365330, 0.422143, -0.137651), (0.000000, 0.000000, 0.000000, 1.000000)
((-0.120097, 0.855247, 0.504113, 0.110975), (-0.545204, 0.367542, -0.753436, 0.451616), (-0.829656, -0.365330, 0.422143, -0.137651), (0.000000, 0.000000, 0.000000, 1.000000)
((-0.120097, 0.855247, 0.504113, 0.110975), (-0.545204, 0.367542, -0.753436, 0.451616), (-0.829656, -0.365330, 0.422143, -0.137651), (0.000000, 0.000000, 0.000000, 1.000000)
((-0.120097, 0.855247, 0.504113, 0.110975), (-0.545204, 0.367542, -0.753436, 0.451616), (-0.829656, -0.365330, 0.422143, -0.137651), (0.000000, 0.000000, 0.000000, 1.000000)
((-0.119349, 0.855496, 0.503868, 0.112385), (-0.542935, 0.368657, -0.754529, 0.452031), (-0.831250, -0.363620, 0.420480, -0.138095), (0.000000, 0.000000, 0.000000, 1.000000)
((-0.119117, 0.856710, 0.501856, 0.112806), (-0.543432, 0.366769, -0.755091, 0.451709), (-0.830959, -0.362669, 0.421875, -0.138454), (0.000000, 0.000000, 0.000000, 1.000000)
((-0.119117, 0.856710, 0.501856, 0.112806), (-0.543432, 0.366769, -0.755091, 0.451709), (-0.830959, -0.362669, 0.421875, -0.138454), (0.000000, 0.000000, 0.000000, 1.000000)
((-0.122795, 0.856545, 0.501250, 0.113383), (-0.543265, 0.364663, -0.756230, 0.451650), (-0.830533, -0.365173, 0.420552, -0.138589), (0.000000, 0.000000, 0.000000, 1.000000)
((-0.122795, 0.856545, 0.501250, 0.113383), (-0.543265, 0.364663, -0.756230, 0.451650), (-0.830533, -0.365173, 0.420552, -0.138589), (0.000000, 0.000000, 0.000000, 1.000000)
((-0.122795, 0.856545, 0.501250, 0.113383), (-0.543265, 0.364663, -0.756230, 0.451650), (-0.830533, -0.365173, 0.420552, -0.138589), (0.000000, 0.000000, 0.000000, 1.000000)
((-0.122795, 0.856545, 0.501250, 0.113383), (-0.543265, 0.364663, -0.756230, 0.451650), (-0.830533, -0.365173, 0.420552, -0.138589), (0.000000, 0.000000, 0.000000, 1.000000)
((-0.122795, 0.856545, 0.501250, 0.113383), (-0.543265, 0.364663, -0.756230, 0.451650), (-0.830533, -0.365173, 0.420552, -0.138589), (0.000000, 0.000000, 0.000000, 1.000000)
((-0.116357, 0.863433, 0.490862, 0.118996), (-0.539179, 0.360141, -0.761304, 0.453022), (-0.834114, -0.353245, 0.423640, -0.139222), (0.000000, 0.000000, 0.000000, 1.000000)
((-0.116357, 0.863433, 0.490862, 0.118996), (-0.539179, 0.360141, -0.761304, 0.453022), (-0.834114, -0.353245, 0.423640, -0.139222), (0.000000, 0.000000, 0.000000, 1.000000)
((-0.116357, 0.863433, 0.490862, 0.118996), (-0.539179, 0.360141, -0.761304, 0.453022), (-0.834114, -0.353245, 0.423640, -0.139222), (0.000000, 0.000000, 0.000000, 1.000000)
((-0.117931, 0.867936, 0.482472, 0.126098), (-0.536059, 0.353345, -0.766673, 0.454533), (-0.835903, -0.349048, 0.423595, -0.139671), (0.000000, 0.000000, 0.000000, 1.000000)
((-0.117931, 0.867936, 0.482472, 0.126098), (-0.536059, 0.353345, -0.766673, 0.454533), (-0.835903, -0.349048, 0.423595, -0.139671), (0.000000, 0.000000, 0.000000, 1.000000)
((-0.117931, 0.867936, 0.482472, 0.126098), (-0.536059, 0.353345, -0.766673, 0.454533), (-0.835903, -0.349048, 0.423595, -0.139671), (0.000000, 0.000000, 0.000000, 1.000000)
((-0.117816, 0.872869, 0.473518, 0.132934), (-0.535217, 0.345838, -0.770674, 0.454731), (-0.836458, -0.344232, 0.426429, -0.140399), (0.000000, 0.000000, 0.000000, 1.000000)
((-0.117816, 0.872869, 0.473518, 0.132934), (-0.535217, 0.345838, -0.770674, 0.454731), (-0.836458, -0.344232, 0.426429, -0.140399), (0.000000, 0.000000, 0.000000, 1.000000)
((-0.117816, 0.872869, 0.473518, 0.132934), (-0.535217, 0.345838, -0.770674, 0.454731), (-0.836458, -0.344232, 0.426429, -0.140399), (0.000000, 0.000000, 0.000000, 1.000000)
((-0.117816, 0.872869, 0.473518, 0.132934), (-0.535217, 0.345838, -0.770674, 0.454731), (-0.836458, -0.344232, 0.426429, -0.140399), (0.000000, 0.000000, 0.000000, 1.000000)
((-0.117816, 0.872869, 0.473518, 0.132934), (-0.535217, 0.345838, -0.770674, 0.454731), (-0.836458, -0.344232, 0.426429, -0.140399), (0.000000, 0.000000, 0.000000, 1.000000)
((-0.117816, 0.872869, 0.473518, 0.132934), (-0.535217, 0.345838, -0.770674, 0.454731), (-0.836458, -0.344232, 0.426429, -0.140399), (0.000000, 0.000000, 0.000000, 1.000000)
((-0.117816, 0.872869, 0.473518, 0.132934), (-0.535217, 0.345838, -0.770674, 0.454731), (-0.836458, -0.344232, 0.426429, -0.140399), (0.000000, 0.000000, 0.000000, 1.000000)
((-0.123519, 0.885796, 0.447335, 0.157108), (-0.536564, 0.319592, -0.780999, 0.455829), (-0.834771, -0.336492, 0.435811, -0.141829), (0.000000, 0.000000, 0.000000, 1.000000)
((-0.123519, 0.885796, 0.447335, 0.157108), (-0.536564, 0.319592, -0.780999, 0.455829), (-0.834771, -0.336492, 0.435811, -0.141829), (0.000000, 0.000000, 0.000000, 1.000000)
((-0.123519, 0.885796, 0.447335, 0.157108), (-0.536564, 0.319592, -0.780999, 0.455829), (-0.834771, -0.336492, 0.435811, -0.141829), (0.000000, 0.000000, 0.000000, 1.000000)
((-0.124184, 0.887939, 0.442879, 0.164701), (-0.537567, 0.314954, -0.782193, 0.455052), (-0.834026, -0.335213, 0.438215, -0.141929), (0.000000, 0.000000, 0.000000, 1.000000)
((-0.119850, 0.888271, 0.443409, 0.165916), (-0.535980, 0.318056, -0.782026, 0.454917), (-0.835680, -0.331384, 0.437977, -0.141813), (0.000000, 0.000000, 0.000000, 1.000000)
((-0.119850, 0.888271, 0.443409, 0.165916), (-0.535980, 0.318056, -0.782026, 0.454917), (-0.835680, -0.331384, 0.437977, -0.141813), (0.000000, 0.000000, 0.000000, 1.000000)
((-0.119513, 0.891876, 0.436203, 0.172720), (-0.535955, 0.311881, -0.784527, 0.454699), (-0.835745, -0.327546, 0.440732, -0.141305), (0.000000, 0.000000, 0.000000, 1.000000)
((-0.119513, 0.891876, 0.436203, 0.172720), (-0.535955, 0.311881, -0.784527, 0.454699), (-0.835745, -0.327546, 0.440732, -0.141305), (0.000000, 0.000000, 0.000000, 1.000000)
((-0.119513, 0.891876, 0.436203, 0.172720), (-0.535955, 0.311881, -0.784527, 0.454699), (-0.835745, -0.327546, 0.440732, -0.141305), (0.000000, 0.000000, 0.000000, 1.000000)
((-0.119513, 0.891876, 0.436203, 0.172720), (-0.535955, 0.311881, -0.784527, 0.454699), (-0.835745, -0.327546, 0.440732, -0.141305), (0.000000, 0.000000, 0.000000, 1.000000)
((-0.119513, 0.891876, 0.436203, 0.172720), (-0.535955, 0.311881, -0.784527, 0.454699), (-0.835745, -0.327546, 0.440732, -0.141305), (0.000000, 0.000000, 0.000000, 1.000000)
((-0.119513, 0.891876, 0.436203, 0.172720), (-0.535955, 0.311881, -0.784527, 0.454699), (-0.835745, -0.327546, 0.440732, -0.141305), (0.000000, 0.000000, 0.000000, 1.000000)
((-0.120171, 0.896414, 0.426615, 0.183639), (-0.536078, 0.303096, -0.787879, 0.453885), (-0.835571, -0.323379, 0.444125, -0.139887), (0.000000, 0.000000, 0.000000, 1.000000)
((-0.120171, 0.896414, 0.426615, 0.183639), (-0.536078, 0.303096, -0.787879, 0.453885), (-0.835571, -0.323379, 0.444125, -0.139887), (0.000000, 0.000000, 0.000000, 1.000000)
((-0.120171, 0.896414, 0.426615, 0.183639), (-0.536078, 0.303096, -0.787879, 0.453885), (-0.835571, -0.323379, 0.444125, -0.139887), (0.000000, 0.000000, 0.000000, 1.000000)
((-0.120171, 0.896414, 0.426615, 0.183639), (-0.536078, 0.303096, -0.787879, 0.453885), (-0.835571, -0.323379, 0.444125, -0.139887), (0.000000, 0.000000, 0.000000, 1.000000)
</SampleFrames>
<SampleWeights Num="43">1
1
1
1
1
1
1
1
1
1
1
1
1
1
1
1
1
1
1
1
1
1
1
1
1
1
1
1
1
1
1
1
1
1
1
1
1
1
1
1
1
1
1
</SampleWeights>
</PointSplatMark>
