<PointSplatMark HeadPosAtStart="(0.735267, 1.83401, -0.194581)" BrushTip="0" BrushInterface="DirectDraw" SuperSamplesPerWidth="20" Draw="0" Width="0.01" Pose="1" LayerIndex="0" Name="fwing" RoomToVirtualScaleAtStart="0.801288" RoomToVirtualFrameAtStart="((0.784351, 0.475700, 0.398123, 0.134439), (-0.378454, -0.141549, 0.914733, -0.029310), (0.491493, -0.868143, 0.069007, -0.033358), (0.000000, 0.000000, 0.000000, 1.000000)" ColorSwatch="0.00863503"><SamplePoints Num="31">(0.120011, 0.198173, -0.187335)
(0.120481, 0.197955, -0.187287)
(0.120879, 0.197844, -0.187383)
(0.122965, 0.197636, -0.187881)
(0.124537, 0.197384, -0.188149)
(0.125404, 0.197051, -0.188197)
(0.127949, 0.195466, -0.187876)
(0.129981, 0.194155, -0.187514)
(0.129981, 0.194155, -0.187514)
(0.134215, 0.192062, -0.187175)
(0.134215, 0.192062, -0.187175)
(0.134215, 0.192062, -0.187175)
(0.144852, 0.186436, -0.185897)
(0.144852, 0.186436, -0.185897)
(0.144852, 0.186436, -0.185897)
(0.144852, 0.186436, -0.185897)
(0.156298, 0.179815, -0.181947)
(0.156298, 0.179815, -0.181947)
(0.156298, 0.179815, -0.181947)
(0.165474, 0.175482, -0.179064)
(0.165474, 0.175482, -0.179064)
(0.174457, 0.170871, -0.176389)
(0.175507, 0.17046, -0.176195)
(0.175507, 0.17046, -0.176195)
(0.179584, 0.169023, -0.174174)
(0.179584, 0.169023, -0.174174)
(0.179584, 0.169023, -0.174174)
(0.183149, 0.168319, -0.172744)
(0.183149, 0.168319, -0.172744)
(0.183149, 0.168319, -0.172744)
(0.183149, 0.168319, -0.172744)
</SamplePoints>
<SampleFrames Num="31">((-0.360426, 0.849775, 0.384676, 0.120011), (-0.864005, -0.459562, 0.205666, 0.198173), (0.351553, -0.258235, 0.899848, -0.187335), (0.000000, 0.000000, 0.000000, 1.000000)
((-0.363288, 0.849294, 0.383044, 0.120481), (-0.863433, -0.461359, 0.204037, 0.197955), (0.350008, -0.256608, 0.900914, -0.187287), (0.000000, 0.000000, 0.000000, 1.000000)
((-0.363796, 0.849036, 0.383132, 0.120879), (-0.863252, -0.461828, 0.203744, 0.197844), (0.349927, -0.256618, 0.900943, -0.187383), (0.000000, 0.000000, 0.000000, 1.000000)
((-0.362320, 0.851029, 0.380098, 0.122965), (-0.864394, -0.459348, 0.204503, 0.197636), (0.348636, -0.254459, 0.902055, -0.187881), (0.000000, 0.000000, 0.000000, 1.000000)
((-0.365963, 0.850848, 0.377000, 0.124537), (-0.862762, -0.462054, 0.205301, 0.197384), (0.348874, -0.250128, 0.903174, -0.188149), (0.000000, 0.000000, 0.000000, 1.000000)
((-0.366233, 0.851515, 0.375227, 0.125404), (-0.862235, -0.462168, 0.207246, 0.197051), (0.349891, -0.247634, 0.903468, -0.188197), (0.000000, 0.000000, 0.000000, 1.000000)
((-0.372397, 0.851320, 0.369559, 0.127949), (-0.858245, -0.467433, 0.211948, 0.195466), (0.353179, -0.238243, 0.904712, -0.187876), (0.000000, 0.000000, 0.000000, 1.000000)
((-0.376208, 0.850487, 0.367612, 0.129981), (-0.856417, -0.470605, 0.212323, 0.194155), (0.353578, -0.234951, 0.905417, -0.187514), (0.000000, 0.000000, 0.000000, 1.000000)
((-0.376208, 0.850487, 0.367612, 0.129981), (-0.856417, -0.470605, 0.212323, 0.194155), (0.353578, -0.234951, 0.905417, -0.187514), (0.000000, 0.000000, 0.000000, 1.000000)
((-0.383328, 0.851109, 0.358710, 0.134215), (-0.852403, -0.475542, 0.217412, 0.192062), (0.355623, -0.222426, 0.907777, -0.187175), (0.000000, 0.000000, 0.000000, 1.000000)
((-0.383328, 0.851109, 0.358710, 0.134215), (-0.852403, -0.475542, 0.217412, 0.192062), (0.355623, -0.222426, 0.907777, -0.187175), (0.000000, 0.000000, 0.000000, 1.000000)
((-0.383328, 0.851109, 0.358710, 0.134215), (-0.852403, -0.475542, 0.217412, 0.192062), (0.355623, -0.222426, 0.907777, -0.187175), (0.000000, 0.000000, 0.000000, 1.000000)
((-0.405098, 0.848302, 0.340998, 0.144852), (-0.840870, -0.492115, 0.225302, 0.186436), (0.358934, -0.195466, 0.912666, -0.185897), (0.000000, 0.000000, 0.000000, 1.000000)
((-0.405098, 0.848302, 0.340998, 0.144852), (-0.840870, -0.492115, 0.225302, 0.186436), (0.358934, -0.195466, 0.912666, -0.185897), (0.000000, 0.000000, 0.000000, 1.000000)
((-0.405098, 0.848302, 0.340998, 0.144852), (-0.840870, -0.492115, 0.225302, 0.186436), (0.358934, -0.195466, 0.912666, -0.185897), (0.000000, 0.000000, 0.000000, 1.000000)
((-0.405098, 0.848302, 0.340998, 0.144852), (-0.840870, -0.492115, 0.225302, 0.186436), (0.358934, -0.195466, 0.912666, -0.185897), (0.000000, 0.000000, 0.000000, 1.000000)
((-0.415415, 0.847952, 0.329254, 0.156298), (-0.833732, -0.499684, 0.234963, 0.179815), (0.363761, -0.176902, 0.914540, -0.181947), (0.000000, 0.000000, 0.000000, 1.000000)
((-0.415415, 0.847952, 0.329254, 0.156298), (-0.833732, -0.499684, 0.234963, 0.179815), (0.363761, -0.176902, 0.914540, -0.181947), (0.000000, 0.000000, 0.000000, 1.000000)
((-0.415415, 0.847952, 0.329254, 0.156298), (-0.833732, -0.499684, 0.234963, 0.179815), (0.363761, -0.176902, 0.914540, -0.181947), (0.000000, 0.000000, 0.000000, 1.000000)
((-0.428211, 0.843572, 0.324070, 0.165474), (-0.826355, -0.510668, 0.237393, 0.175482), (0.365750, -0.166142, 0.915764, -0.179064), (0.000000, 0.000000, 0.000000, 1.000000)
((-0.428211, 0.843572, 0.324070, 0.165474), (-0.826355, -0.510668, 0.237393, 0.175482), (0.365750, -0.166142, 0.915764, -0.179064), (0.000000, 0.000000, 0.000000, 1.000000)
((-0.432158, 0.844957, 0.315099, 0.174457), (-0.823179, -0.512305, 0.244787, 0.170871), (0.368261, -0.153596, 0.916947, -0.176389), (0.000000, 0.000000, 0.000000, 1.000000)
((-0.435705, 0.843070, 0.315267, 0.175507), (-0.821236, -0.515719, 0.244143, 0.170460), (0.368419, -0.152534, 0.917061, -0.176195), (0.000000, 0.000000, 0.000000, 1.000000)
((-0.435705, 0.843070, 0.315267, 0.175507), (-0.821236, -0.515719, 0.244143, 0.170460), (0.368419, -0.152534, 0.917061, -0.176195), (0.000000, 0.000000, 0.000000, 1.000000)
((-0.426464, 0.847700, 0.315490, 0.179584), (-0.826845, -0.506766, 0.243958, 0.169023), (0.366682, -0.156822, 0.917034, -0.174174), (0.000000, 0.000000, 0.000000, 1.000000)
((-0.426464, 0.847700, 0.315490, 0.179584), (-0.826845, -0.506766, 0.243958, 0.169023), (0.366682, -0.156822, 0.917034, -0.174174), (0.000000, 0.000000, 0.000000, 1.000000)
((-0.426464, 0.847700, 0.315490, 0.179584), (-0.826845, -0.506766, 0.243958, 0.169023), (0.366682, -0.156822, 0.917034, -0.174174), (0.000000, 0.000000, 0.000000, 1.000000)
((-0.427123, 0.848421, 0.312647, 0.183149), (-0.826190, -0.506697, 0.246310, 0.168319), (0.367392, -0.153101, 0.917378, -0.172744), (0.000000, 0.000000, 0.000000, 1.000000)
((-0.427123, 0.848421, 0.312647, 0.183149), (-0.826190, -0.506697, 0.246310, 0.168319), (0.367392, -0.153101, 0.917378, -0.172744), (0.000000, 0.000000, 0.000000, 1.000000)
((-0.427123, 0.848421, 0.312647, 0.183149), (-0.826190, -0.506697, 0.246310, 0.168319), (0.367392, -0.153101, 0.917378, -0.172744), (0.000000, 0.000000, 0.000000, 1.000000)
((-0.427123, 0.848421, 0.312647, 0.183149), (-0.826190, -0.506697, 0.246310, 0.168319), (0.367392, -0.153101, 0.917378, -0.172744), (0.000000, 0.000000, 0.000000, 1.000000)
</SampleFrames>
<SampleWeights Num="31">1
1
1
1
1
1
1
1
1
1
1
1
1
1
1
1
1
1
1
1
1
1
1
1
1
1
1
1
1
1
1
</SampleWeights>
</PointSplatMark>
