<PointSplatMark HeadPosAtStart="(0.0088353, 0.954284, 1.64762)" BrushTip="0" BrushInterface="DirectDraw" SuperSamplesPerWidth="20" Draw="0" Width="0.01" Pose="1" LayerIndex="0" Name="fwing" RoomToVirtualScaleAtStart="0.801288" RoomToVirtualFrameAtStart="((0.853088, -0.461817, 0.242828, -0.118892), (0.288766, 0.805509, 0.517464, 0.026333), (-0.434574, -0.371322, 0.820528, 0.056502), (0.000000, 0.000000, 0.000000, 1.000000)" ColorSwatch="0.233111"><SamplePoints Num="73">(-0.191428, -0.285347, 0.0807961)
(-0.192066, -0.285704, 0.0811518)
(-0.192679, -0.285884, 0.0815568)
(-0.193307, -0.285983, 0.0821785)
(-0.193944, -0.286041, 0.0829079)
(-0.194914, -0.286119, 0.084379)
(-0.196336, -0.286439, 0.0865482)
(-0.197562, -0.286983, 0.0885783)
(-0.198515, -0.287522, 0.0902474)
(-0.199073, -0.287726, 0.0911704)
(-0.200678, -0.288559, 0.0936551)
(-0.201623, -0.289374, 0.0953068)
(-0.202393, -0.290554, 0.0968768)
(-0.203125, -0.29164, 0.0982778)
(-0.203609, -0.292669, 0.0991692)
(-0.20393, -0.293419, 0.0998312)
(-0.204151, -0.293754, 0.100328)
(-0.204589, -0.293864, 0.100958)
(-0.205105, -0.293798, 0.101757)
(-0.205371, -0.293817, 0.102368)
(-0.206137, -0.294268, 0.103607)
(-0.206331, -0.294878, 0.104092)
(-0.206518, -0.295679, 0.104784)
(-0.206698, -0.296671, 0.10568)
(-0.207121, -0.297621, 0.106652)
(-0.207826, -0.298403, 0.108024)
(-0.208712, -0.299542, 0.110398)
(-0.208712, -0.299542, 0.110398)
(-0.208712, -0.299542, 0.110398)
(-0.208712, -0.299542, 0.110398)
(-0.210167, -0.3056, 0.117145)
(-0.210167, -0.3056, 0.117145)
(-0.210167, -0.3056, 0.117145)
(-0.212156, -0.310444, 0.125118)
(-0.212156, -0.310444, 0.125118)
(-0.212156, -0.310444, 0.125118)
(-0.212697, -0.316073, 0.130587)
(-0.212697, -0.316073, 0.130587)
(-0.212697, -0.316073, 0.130587)
(-0.211715, -0.324636, 0.135411)
(-0.211715, -0.324636, 0.135411)
(-0.211715, -0.324636, 0.135411)
(-0.211715, -0.324636, 0.135411)
(-0.210359, -0.335308, 0.14137)
(-0.21021, -0.33638, 0.141965)
(-0.21021, -0.33638, 0.141965)
(-0.21021, -0.33638, 0.141965)
(-0.210155, -0.342241, 0.147271)
(-0.210179, -0.343593, 0.148634)
(-0.210092, -0.34474, 0.149703)
(-0.209931, -0.345829, 0.150518)
(-0.209839, -0.346814, 0.151051)
(-0.209693, -0.348096, 0.151792)
(-0.209693, -0.348096, 0.151792)
(-0.20913, -0.350913, 0.153601)
(-0.208769, -0.352351, 0.154635)
(-0.208499, -0.353842, 0.155667)
(-0.208229, -0.355334, 0.156692)
(-0.208015, -0.356729, 0.15768)
(-0.207823, -0.358082, 0.158768)
(-0.207823, -0.358082, 0.158768)
(-0.207539, -0.360604, 0.161107)
(-0.20687, -0.362969, 0.16331)
(-0.205987, -0.365141, 0.164287)
(-0.204841, -0.367357, 0.165171)
(-0.204841, -0.367357, 0.165171)
(-0.204841, -0.367357, 0.165171)
(-0.203358, -0.37274, 0.170785)
(-0.203081, -0.373787, 0.172798)
(-0.202611, -0.375384, 0.175172)
(-0.202022, -0.377595, 0.178367)
(-0.201469, -0.37996, 0.181795)
(-0.201469, -0.37996, 0.181795)
</SamplePoints>
<SampleFrames Num="73">((0.322391, -0.044882, 0.945542, -0.191428), (-0.807899, 0.507513, 0.299550, -0.285347), (-0.493319, -0.860474, 0.127358, 0.080796), (0.000000, 0.000000, 0.000000, 1.000000)
((0.323534, -0.044013, 0.945193, -0.192066), (-0.807564, 0.507740, 0.300067, -0.285704), (-0.493119, -0.860385, 0.128728, 0.081152), (0.000000, 0.000000, 0.000000, 1.000000)
((0.322491, -0.044840, 0.945510, -0.192679), (-0.808438, 0.506528, 0.299761, -0.285884), (-0.492369, -0.861057, 0.127101, 0.081557), (0.000000, 0.000000, 0.000000, 1.000000)
((0.323708, -0.043850, 0.945140, -0.193307), (-0.808419, 0.506201, 0.300366, -0.285983), (-0.491602, -0.861300, 0.128412, 0.082178), (0.000000, 0.000000, 0.000000, 1.000000)
((0.322737, -0.044553, 0.945439, -0.193944), (-0.809607, 0.504433, 0.300140, -0.286041), (-0.490283, -0.862301, 0.126729, 0.082908), (0.000000, 0.000000, 0.000000, 1.000000)
((0.322916, -0.044277, 0.945391, -0.194914), (-0.810920, 0.502104, 0.300500, -0.286119), (-0.487990, -0.863673, 0.126232, 0.084379), (0.000000, 0.000000, 0.000000, 1.000000)
((0.319423, -0.048602, 0.946365, -0.196336), (-0.811225, 0.502151, 0.299599, -0.286439), (-0.489779, -0.863413, 0.120971, 0.086548), (0.000000, 0.000000, 0.000000, 1.000000)
((0.317928, -0.050400, 0.946774, -0.197562), (-0.812183, 0.500726, 0.299388, -0.286983), (-0.489163, -0.864138, 0.118260, 0.088578), (0.000000, 0.000000, 0.000000, 1.000000)
((0.319990, -0.053240, 0.945924, -0.198515), (-0.811255, 0.500303, 0.302592, -0.287522), (-0.489359, -0.864212, 0.116901, 0.090247), (0.000000, 0.000000, 0.000000, 1.000000)
((0.321261, -0.052158, 0.945553, -0.199073), (-0.811324, 0.499809, 0.303225, -0.287726), (-0.488411, -0.864564, 0.118252, 0.091170), (0.000000, 0.000000, 0.000000, 1.000000)
((0.318809, -0.053693, 0.946297, -0.200678), (-0.814744, 0.494625, 0.302554, -0.288559), (-0.484307, -0.867446, 0.113945, 0.093655), (0.000000, 0.000000, 0.000000, 1.000000)
((0.318824, -0.054325, 0.946256, -0.201623), (-0.814369, 0.495085, 0.302810, -0.289374), (-0.484927, -0.867144, 0.113604, 0.095307), (0.000000, 0.000000, 0.000000, 1.000000)
((0.318999, -0.054002, 0.946215, -0.202393), (-0.815321, 0.493381, 0.303028, -0.290554), (-0.483209, -0.868135, 0.113359, 0.096877), (0.000000, 0.000000, 0.000000, 1.000000)
((0.318764, -0.057744, 0.946073, -0.203125), (-0.816691, 0.489846, 0.305069, -0.291640), (-0.481047, -0.869894, 0.108986, 0.098278), (0.000000, 0.000000, 0.000000, 1.000000)
((0.320389, -0.056411, 0.945605, -0.203609), (-0.816347, 0.489950, 0.305822, -0.292669), (-0.480551, -0.869923, 0.110924, 0.099169), (0.000000, 0.000000, 0.000000, 1.000000)
((0.321111, -0.059526, 0.945169, -0.203930), (-0.816662, 0.487942, 0.308182, -0.293419), (-0.479533, -0.870844, 0.108071, 0.099831), (0.000000, 0.000000, 0.000000, 1.000000)
((0.322104, -0.057816, 0.944937, -0.204151), (-0.818132, 0.485228, 0.308569, -0.293754), (-0.476350, -0.872474, 0.108993, 0.100328), (0.000000, 0.000000, 0.000000, 1.000000)
((0.322912, -0.057056, 0.944708, -0.204589), (-0.818299, 0.484686, 0.308977, -0.293864), (-0.475515, -0.872826, 0.109822, 0.100958), (0.000000, 0.000000, 0.000000, 1.000000)
((0.322125, -0.056601, 0.945004, -0.205105), (-0.821080, 0.480174, 0.308643, -0.293798), (-0.471235, -0.875345, 0.108202, 0.101757), (0.000000, 0.000000, 0.000000, 1.000000)
((0.320601, -0.057676, 0.945457, -0.205371), (-0.822278, 0.478519, 0.308023, -0.293817), (-0.470184, -0.876181, 0.105988, 0.102368), (0.000000, 0.000000, 0.000000, 1.000000)
((0.322197, -0.059933, 0.944773, -0.206137), (-0.822819, 0.475793, 0.310789, -0.294268), (-0.468144, -0.877513, 0.103985, 0.103607), (0.000000, 0.000000, 0.000000, 1.000000)
((0.323181, -0.058206, 0.944545, -0.206331), (-0.824249, 0.473059, 0.311172, -0.294878), (-0.464938, -0.879106, 0.104908, 0.104092), (0.000000, 0.000000, 0.000000, 1.000000)
((0.326240, -0.058600, 0.943469, -0.206518), (-0.824960, 0.469653, 0.314432, -0.295679), (-0.461529, -0.880904, 0.104877, 0.104784), (0.000000, 0.000000, 0.000000, 1.000000)
((0.325335, -0.058350, 0.943797, -0.206698), (-0.827293, 0.465838, 0.313976, -0.296671), (-0.457977, -0.882944, 0.103281, 0.105680), (0.000000, 0.000000, 0.000000, 1.000000)
((0.326637, -0.060910, 0.943185, -0.207121), (-0.827615, 0.463520, 0.316547, -0.297621), (-0.456466, -0.883991, 0.100993, 0.106652), (0.000000, 0.000000, 0.000000, 1.000000)
((0.326456, -0.059887, 0.943313, -0.207826), (-0.830217, 0.458909, 0.316451, -0.298403), (-0.451847, -0.886463, 0.100094, 0.108024), (0.000000, 0.000000, 0.000000, 1.000000)
((0.325287, -0.059411, 0.943747, -0.208712), (-0.834017, 0.452324, 0.315940, -0.299542), (-0.445650, -0.889873, 0.097585, 0.110398), (0.000000, 0.000000, 0.000000, 1.000000)
((0.325287, -0.059411, 0.943747, -0.208712), (-0.834017, 0.452324, 0.315940, -0.299542), (-0.445650, -0.889873, 0.097585, 0.110398), (0.000000, 0.000000, 0.000000, 1.000000)
((0.325287, -0.059411, 0.943747, -0.208712), (-0.834017, 0.452324, 0.315940, -0.299542), (-0.445650, -0.889873, 0.097585, 0.110398), (0.000000, 0.000000, 0.000000, 1.000000)
((0.325287, -0.059411, 0.943747, -0.208712), (-0.834017, 0.452324, 0.315940, -0.299542), (-0.445650, -0.889873, 0.097585, 0.110398), (0.000000, 0.000000, 0.000000, 1.000000)
((0.330609, -0.067263, 0.941368, -0.210167), (-0.839213, 0.435373, 0.325841, -0.305600), (-0.431763, -0.897734, 0.087490, 0.117145), (0.000000, 0.000000, 0.000000, 1.000000)
((0.330609, -0.067263, 0.941368, -0.210167), (-0.839213, 0.435373, 0.325841, -0.305600), (-0.431763, -0.897734, 0.087490, 0.117145), (0.000000, 0.000000, 0.000000, 1.000000)
((0.330609, -0.067263, 0.941368, -0.210167), (-0.839213, 0.435373, 0.325841, -0.305600), (-0.431763, -0.897734, 0.087490, 0.117145), (0.000000, 0.000000, 0.000000, 1.000000)
((0.333972, -0.077638, 0.939380, -0.212156), (-0.843793, 0.419541, 0.334663, -0.310444), (-0.420091, -0.904410, 0.074605, 0.125118), (0.000000, 0.000000, 0.000000, 1.000000)
((0.333972, -0.077638, 0.939380, -0.212156), (-0.843793, 0.419541, 0.334663, -0.310444), (-0.420091, -0.904410, 0.074605, 0.125118), (0.000000, 0.000000, 0.000000, 1.000000)
((0.333972, -0.077638, 0.939380, -0.212156), (-0.843793, 0.419541, 0.334663, -0.310444), (-0.420091, -0.904410, 0.074605, 0.125118), (0.000000, 0.000000, 0.000000, 1.000000)
((0.337066, -0.085146, 0.937623, -0.212697), (-0.845890, 0.409854, 0.341308, -0.316073), (-0.413349, -0.908169, 0.066124, 0.130587), (0.000000, 0.000000, 0.000000, 1.000000)
((0.337066, -0.085146, 0.937623, -0.212697), (-0.845890, 0.409854, 0.341308, -0.316073), (-0.413349, -0.908169, 0.066124, 0.130587), (0.000000, 0.000000, 0.000000, 1.000000)
((0.337066, -0.085146, 0.937623, -0.212697), (-0.845890, 0.409854, 0.341308, -0.316073), (-0.413349, -0.908169, 0.066124, 0.130587), (0.000000, 0.000000, 0.000000, 1.000000)
((0.346569, -0.088302, 0.933859, -0.211715), (-0.849008, 0.393778, 0.352314, -0.324636), (-0.398843, -0.914954, 0.061502, 0.135411), (0.000000, 0.000000, 0.000000, 1.000000)
((0.346569, -0.088302, 0.933859, -0.211715), (-0.849008, 0.393778, 0.352314, -0.324636), (-0.398843, -0.914954, 0.061502, 0.135411), (0.000000, 0.000000, 0.000000, 1.000000)
((0.346569, -0.088302, 0.933859, -0.211715), (-0.849008, 0.393778, 0.352314, -0.324636), (-0.398843, -0.914954, 0.061502, 0.135411), (0.000000, 0.000000, 0.000000, 1.000000)
((0.346569, -0.088302, 0.933859, -0.211715), (-0.849008, 0.393778, 0.352314, -0.324636), (-0.398843, -0.914954, 0.061502, 0.135411), (0.000000, 0.000000, 0.000000, 1.000000)
((0.357200, -0.093795, 0.929307, -0.210359), (-0.851988, 0.375031, 0.365333, -0.335308), (-0.382785, -0.922255, 0.054048, 0.141370), (0.000000, 0.000000, 0.000000, 1.000000)
((0.359921, -0.095086, 0.928125, -0.210210), (-0.851114, 0.374037, 0.368377, -0.336380), (-0.382180, -0.922527, 0.053695, 0.141965), (0.000000, 0.000000, 0.000000, 1.000000)
((0.359921, -0.095086, 0.928125, -0.210210), (-0.851114, 0.374037, 0.368377, -0.336380), (-0.382180, -0.922527, 0.053695, 0.141965), (0.000000, 0.000000, 0.000000, 1.000000)
((0.359921, -0.095086, 0.928125, -0.210210), (-0.851114, 0.374037, 0.368377, -0.336380), (-0.382180, -0.922527, 0.053695, 0.141965), (0.000000, 0.000000, 0.000000, 1.000000)
((0.363242, -0.095627, 0.926774, -0.210155), (-0.856309, 0.357706, 0.372533, -0.342241), (-0.367137, -0.928925, 0.048048, 0.147271), (0.000000, 0.000000, 0.000000, 1.000000)
((0.364387, -0.098037, 0.926073, -0.210179), (-0.856617, 0.354781, 0.374616, -0.343593), (-0.365279, -0.929795, 0.045297, 0.148634), (0.000000, 0.000000, 0.000000, 1.000000)
((0.365643, -0.099593, 0.925412, -0.210092), (-0.857948, 0.349433, 0.376593, -0.344740), (-0.360876, -0.931653, 0.042323, 0.149703), (0.000000, 0.000000, 0.000000, 1.000000)
((0.366565, -0.097621, 0.925257, -0.209931), (-0.859077, 0.346329, 0.376886, -0.345829), (-0.357236, -0.933020, 0.043088, 0.150518), (0.000000, 0.000000, 0.000000, 1.000000)
((0.369440, -0.097892, 0.924084, -0.209839), (-0.859231, 0.342725, 0.379819, -0.346814), (-0.353888, -0.934322, 0.042505, 0.151051), (0.000000, 0.000000, 0.000000, 1.000000)
((0.368007, -0.099027, 0.924535, -0.209693), (-0.860187, 0.341286, 0.378949, -0.348096), (-0.353057, -0.934729, 0.040414, 0.151792), (0.000000, 0.000000, 0.000000, 1.000000)
((0.368007, -0.099027, 0.924535, -0.209693), (-0.860187, 0.341286, 0.378949, -0.348096), (-0.353057, -0.934729, 0.040414, 0.151792), (0.000000, 0.000000, 0.000000, 1.000000)
((0.374152, -0.098911, 0.922077, -0.209130), (-0.860564, 0.333510, 0.384968, -0.350913), (-0.345600, -0.937543, 0.039664, 0.153601), (0.000000, 0.000000, 0.000000, 1.000000)
((0.375180, -0.100731, 0.921462, -0.208769), (-0.861813, 0.328163, 0.386767, -0.352351), (-0.341349, -0.939235, 0.036309, 0.154635), (0.000000, 0.000000, 0.000000, 1.000000)
((0.375921, -0.099685, 0.921274, -0.208499), (-0.861846, 0.327651, 0.387125, -0.353842), (-0.340447, -0.939525, 0.037258, 0.155667), (0.000000, 0.000000, 0.000000, 1.000000)
((0.376595, -0.102773, 0.920659, -0.208229), (-0.861986, 0.325180, 0.388894, -0.355334), (-0.339348, -0.940051, 0.033873, 0.156692), (0.000000, 0.000000, 0.000000, 1.000000)
((0.379860, -0.102352, 0.919364, -0.208015), (-0.862164, 0.320996, 0.391962, -0.356729), (-0.335230, -0.941534, 0.033690, 0.157680), (0.000000, 0.000000, 0.000000, 1.000000)
((0.380285, -0.106438, 0.918724, -0.207823), (-0.861401, 0.320878, 0.393732, -0.358082), (-0.336707, -0.941121, 0.030339, 0.158768), (0.000000, 0.000000, 0.000000, 1.000000)
((0.380285, -0.106438, 0.918724, -0.207823), (-0.861401, 0.320878, 0.393732, -0.358082), (-0.336707, -0.941121, 0.030339, 0.158768), (0.000000, 0.000000, 0.000000, 1.000000)
((0.382322, -0.106673, 0.917851, -0.207539), (-0.862793, 0.314377, 0.395924, -0.360604), (-0.330785, -0.943286, 0.028156, 0.161107), (0.000000, 0.000000, 0.000000, 1.000000)
((0.386362, -0.108227, 0.915976, -0.206870), (-0.864248, 0.304412, 0.400510, -0.362969), (-0.322180, -0.946372, 0.024078, 0.163310), (0.000000, 0.000000, 0.000000, 1.000000)
((0.389130, -0.108387, 0.914784, -0.205987), (-0.864412, 0.300262, 0.403279, -0.365141), (-0.318385, -0.947679, 0.023150, 0.164287), (0.000000, 0.000000, 0.000000, 1.000000)
((0.393549, -0.111941, 0.912463, -0.204841), (-0.862583, 0.298285, 0.408629, -0.367357), (-0.317916, -0.947890, 0.020832, 0.165171), (0.000000, 0.000000, 0.000000, 1.000000)
((0.393549, -0.111941, 0.912463, -0.204841), (-0.862583, 0.298285, 0.408629, -0.367357), (-0.317916, -0.947890, 0.020832, 0.165171), (0.000000, 0.000000, 0.000000, 1.000000)
((0.393549, -0.111941, 0.912463, -0.204841), (-0.862583, 0.298285, 0.408629, -0.367357), (-0.317916, -0.947890, 0.020832, 0.165171), (0.000000, 0.000000, 0.000000, 1.000000)
((0.399316, -0.114216, 0.909671, -0.203358), (-0.864760, 0.282649, 0.415090, -0.372740), (-0.304528, -0.952399, 0.014097, 0.170785), (0.000000, 0.000000, 0.000000, 1.000000)
((0.401019, -0.113798, 0.908974, -0.203081), (-0.867172, 0.272693, 0.416716, -0.373787), (-0.295292, -0.955347, 0.010672, 0.172798), (0.000000, 0.000000, 0.000000, 1.000000)
((0.401144, -0.109842, 0.909405, -0.202611), (-0.871315, 0.260589, 0.415817, -0.375384), (-0.282655, -0.959181, 0.008827, 0.175172), (0.000000, 0.000000, 0.000000, 1.000000)
((0.405149, -0.111426, 0.907435, -0.202022), (-0.871975, 0.251235, 0.420167, -0.377595), (-0.274797, -0.961491, 0.004627, 0.178367), (0.000000, 0.000000, 0.000000, 1.000000)
((0.408220, -0.116502, 0.905419, -0.201469), (-0.870280, 0.249792, 0.424519, -0.379960), (-0.275624, -0.961265, 0.000581, 0.181795), (0.000000, 0.000000, 0.000000, 1.000000)
((0.408220, -0.116502, 0.905419, -0.201469), (-0.870280, 0.249792, 0.424519, -0.379960), (-0.275624, -0.961265, 0.000581, 0.181795), (0.000000, 0.000000, 0.000000, 1.000000)
</SampleFrames>
<SampleWeights Num="73">1
1
1
1
1
1
1
1
1
1
1
1
1
1
1
1
1
1
1
1
1
1
1
1
1
1
1
1
1
1
1
1
1
1
1
1
1
1
1
1
1
1
1
1
1
1
1
1
1
1
1
1
1
1
1
1
1
1
1
1
1
1
1
1
1
1
1
1
1
1
1
1
1
</SampleWeights>
</PointSplatMark>
