<PointSplatMark HeadPosAtStart="(0.300847, 0.440308, 1.69442)" BrushTip="0" BrushInterface="DirectDraw" SuperSamplesPerWidth="20" Draw="0" Width="0.01" Pose="1" LayerIndex="0" Name="fwing" RoomToVirtualScaleAtStart="0.801288" RoomToVirtualFrameAtStart="((0.892453, -0.288107, 0.347163, 0.022824), (0.290073, 0.955823, 0.047537, 0.364621), (-0.345522, 0.058279, 0.936599, -0.286563), (0.000000, 0.000000, 0.000000, 1.000000)" ColorSwatch="0.00863503"><SamplePoints Num="46">(-0.0249175, 0.476966, 0.0404813)
(-0.0249175, 0.476966, 0.0404813)
(-0.0249175, 0.476966, 0.0404813)
(-0.024916, 0.479675, 0.0416491)
(-0.024916, 0.479675, 0.0416491)
(-0.024916, 0.479675, 0.0416491)
(-0.024916, 0.479675, 0.0416491)
(-0.0248256, 0.485348, 0.0433229)
(-0.0248256, 0.485348, 0.0433229)
(-0.0248256, 0.485348, 0.0433229)
(-0.0252122, 0.489876, 0.0445264)
(-0.0252122, 0.489876, 0.0445264)
(-0.0252122, 0.489876, 0.0445264)
(-0.0246698, 0.495974, 0.045739)
(-0.0246698, 0.495974, 0.045739)
(-0.0246698, 0.495974, 0.045739)
(-0.022654, 0.503422, 0.0461174)
(-0.022265, 0.504524, 0.0462051)
(-0.022265, 0.504524, 0.0462051)
(-0.0202562, 0.510798, 0.0470574)
(-0.020019, 0.511855, 0.0471804)
(-0.020019, 0.511855, 0.0471804)
(-0.020019, 0.511855, 0.0471804)
(-0.020019, 0.511855, 0.0471804)
(-0.020019, 0.511855, 0.0471804)
(-0.0161618, 0.522755, 0.0506037)
(-0.0161618, 0.522755, 0.0506037)
(-0.0161618, 0.522755, 0.0506037)
(-0.0161618, 0.522755, 0.0506037)
(-0.0141891, 0.527107, 0.0509644)
(-0.0141891, 0.527107, 0.0509644)
(-0.0118758, 0.532215, 0.0525694)
(-0.00971157, 0.536178, 0.0542129)
(-0.00872706, 0.537614, 0.0547369)
(-0.00813152, 0.538536, 0.0552374)
(-0.00813152, 0.538536, 0.0552374)
(-0.00813152, 0.538536, 0.0552374)
(-0.00771498, 0.539232, 0.0555206)
(-0.00771498, 0.539232, 0.0555206)
(-0.00766232, 0.539045, 0.0554983)
(-0.00776741, 0.538902, 0.0555965)
(-0.00766862, 0.539137, 0.0555699)
(-0.0075172, 0.539186, 0.055521)
(-0.00752346, 0.539277, 0.0555925)
(-0.00763486, 0.539226, 0.0557624)
(-0.00767904, 0.539351, 0.0563166)
</SamplePoints>
<SampleFrames Num="46">((0.099617, 0.286038, 0.953026, -0.024917), (0.056849, 0.954590, -0.292450, 0.476966), (-0.993401, 0.083312, 0.078833, 0.040481), (0.000000, 0.000000, 0.000000, 1.000000)
((0.099617, 0.286038, 0.953026, -0.024917), (0.056849, 0.954590, -0.292450, 0.476966), (-0.993401, 0.083312, 0.078833, 0.040481), (0.000000, 0.000000, 0.000000, 1.000000)
((0.099617, 0.286038, 0.953026, -0.024917), (0.056849, 0.954590, -0.292450, 0.476966), (-0.993401, 0.083312, 0.078833, 0.040481), (0.000000, 0.000000, 0.000000, 1.000000)
((0.099433, 0.288311, 0.952360, -0.024916), (0.058880, 0.953721, -0.294870, 0.479675), (-0.993301, 0.085395, 0.077855, 0.041649), (0.000000, 0.000000, 0.000000, 1.000000)
((0.099433, 0.288311, 0.952360, -0.024916), (0.058880, 0.953721, -0.294870, 0.479675), (-0.993301, 0.085395, 0.077855, 0.041649), (0.000000, 0.000000, 0.000000, 1.000000)
((0.099433, 0.288311, 0.952360, -0.024916), (0.058880, 0.953721, -0.294870, 0.479675), (-0.993301, 0.085395, 0.077855, 0.041649), (0.000000, 0.000000, 0.000000, 1.000000)
((0.099433, 0.288311, 0.952360, -0.024916), (0.058880, 0.953721, -0.294870, 0.479675), (-0.993301, 0.085395, 0.077855, 0.041649), (0.000000, 0.000000, 0.000000, 1.000000)
((0.096966, 0.293767, 0.950946, -0.024826), (0.057630, 0.952188, -0.300028, 0.485348), (-0.993618, 0.083896, 0.075400, 0.043323), (0.000000, 0.000000, 0.000000, 1.000000)
((0.096966, 0.293767, 0.950946, -0.024826), (0.057630, 0.952188, -0.300028, 0.485348), (-0.993618, 0.083896, 0.075400, 0.043323), (0.000000, 0.000000, 0.000000, 1.000000)
((0.096966, 0.293767, 0.950946, -0.024826), (0.057630, 0.952188, -0.300028, 0.485348), (-0.993618, 0.083896, 0.075400, 0.043323), (0.000000, 0.000000, 0.000000, 1.000000)
((0.096149, 0.301536, 0.948594, -0.025212), (0.054148, 0.950014, -0.307476, 0.489876), (-0.993893, 0.080928, 0.075016, 0.044526), (0.000000, 0.000000, 0.000000, 1.000000)
((0.096149, 0.301536, 0.948594, -0.025212), (0.054148, 0.950014, -0.307476, 0.489876), (-0.993893, 0.080928, 0.075016, 0.044526), (0.000000, 0.000000, 0.000000, 1.000000)
((0.096149, 0.301536, 0.948594, -0.025212), (0.054148, 0.950014, -0.307476, 0.489876), (-0.993893, 0.080928, 0.075016, 0.044526), (0.000000, 0.000000, 0.000000, 1.000000)
((0.094198, 0.308492, 0.946551, -0.024670), (0.060278, 0.947267, -0.314724, 0.495974), (-0.993727, 0.086702, 0.070635, 0.045739), (0.000000, 0.000000, 0.000000, 1.000000)
((0.094198, 0.308492, 0.946551, -0.024670), (0.060278, 0.947267, -0.314724, 0.495974), (-0.993727, 0.086702, 0.070635, 0.045739), (0.000000, 0.000000, 0.000000, 1.000000)
((0.094198, 0.308492, 0.946551, -0.024670), (0.060278, 0.947267, -0.314724, 0.495974), (-0.993727, 0.086702, 0.070635, 0.045739), (0.000000, 0.000000, 0.000000, 1.000000)
((0.098489, 0.315769, 0.943711, -0.022654), (0.068168, 0.943953, -0.322964, 0.503422), (-0.992801, 0.096139, 0.071444, 0.046117), (0.000000, 0.000000, 0.000000, 1.000000)
((0.097623, 0.317382, 0.943259, -0.022265), (0.068405, 0.943405, -0.324511, 0.504524), (-0.992870, 0.096204, 0.070387, 0.046205), (0.000000, 0.000000, 0.000000, 1.000000)
((0.097623, 0.317382, 0.943259, -0.022265), (0.068405, 0.943405, -0.324511, 0.504524), (-0.992870, 0.096204, 0.070387, 0.046205), (0.000000, 0.000000, 0.000000, 1.000000)
((0.099723, 0.321638, 0.941597, -0.020256), (0.073093, 0.941389, -0.329308, 0.510798), (-0.992327, 0.101664, 0.070369, 0.047057), (0.000000, 0.000000, 0.000000, 1.000000)
((0.098795, 0.323207, 0.941157, -0.020019), (0.073076, 0.940874, -0.330781, 0.511855), (-0.992421, 0.101456, 0.069335, 0.047180), (0.000000, 0.000000, 0.000000, 1.000000)
((0.098795, 0.323207, 0.941157, -0.020019), (0.073076, 0.940874, -0.330781, 0.511855), (-0.992421, 0.101456, 0.069335, 0.047180), (0.000000, 0.000000, 0.000000, 1.000000)
((0.098795, 0.323207, 0.941157, -0.020019), (0.073076, 0.940874, -0.330781, 0.511855), (-0.992421, 0.101456, 0.069335, 0.047180), (0.000000, 0.000000, 0.000000, 1.000000)
((0.098795, 0.323207, 0.941157, -0.020019), (0.073076, 0.940874, -0.330781, 0.511855), (-0.992421, 0.101456, 0.069335, 0.047180), (0.000000, 0.000000, 0.000000, 1.000000)
((0.098795, 0.323207, 0.941157, -0.020019), (0.073076, 0.940874, -0.330781, 0.511855), (-0.992421, 0.101456, 0.069335, 0.047180), (0.000000, 0.000000, 0.000000, 1.000000)
((0.096243, 0.331501, 0.938533, -0.016162), (0.075630, 0.937749, -0.338980, 0.522755), (-0.992480, 0.103605, 0.065181, 0.050604), (0.000000, 0.000000, 0.000000, 1.000000)
((0.096243, 0.331501, 0.938533, -0.016162), (0.075630, 0.937749, -0.338980, 0.522755), (-0.992480, 0.103605, 0.065181, 0.050604), (0.000000, 0.000000, 0.000000, 1.000000)
((0.096243, 0.331501, 0.938533, -0.016162), (0.075630, 0.937749, -0.338980, 0.522755), (-0.992480, 0.103605, 0.065181, 0.050604), (0.000000, 0.000000, 0.000000, 1.000000)
((0.096243, 0.331501, 0.938533, -0.016162), (0.075630, 0.937749, -0.338980, 0.522755), (-0.992480, 0.103605, 0.065181, 0.050604), (0.000000, 0.000000, 0.000000, 1.000000)
((0.094163, 0.335783, 0.937221, -0.014189), (0.077465, 0.936078, -0.343156, 0.527107), (-0.992538, 0.104915, 0.062133, 0.050964), (0.000000, 0.000000, 0.000000, 1.000000)
((0.094163, 0.335783, 0.937221, -0.014189), (0.077465, 0.936078, -0.343156, 0.527107), (-0.992538, 0.104915, 0.062133, 0.050964), (0.000000, 0.000000, 0.000000, 1.000000)
((0.093589, 0.338874, 0.936165, -0.011876), (0.079275, 0.934770, -0.346294, 0.532215), (-0.992450, 0.106624, 0.060620, 0.052569), (0.000000, 0.000000, 0.000000, 1.000000)
((0.092416, 0.342625, 0.934916, -0.009712), (0.079437, 0.933404, -0.349924, 0.536178), (-0.992547, 0.106606, 0.059045, 0.054213), (0.000000, 0.000000, 0.000000, 1.000000)
((0.092692, 0.343649, 0.934513, -0.008727), (0.081282, 0.932809, -0.351084, 0.537614), (-0.992372, 0.108502, 0.058531, 0.054737), (0.000000, 0.000000, 0.000000, 1.000000)
((0.093415, 0.342821, 0.934745, -0.008132), (0.082293, 0.932979, -0.350397, 0.538536), (-0.992220, 0.109656, 0.058942, 0.055237), (0.000000, 0.000000, 0.000000, 1.000000)
((0.093415, 0.342821, 0.934745, -0.008132), (0.082293, 0.932979, -0.350397, 0.538536), (-0.992220, 0.109656, 0.058942, 0.055237), (0.000000, 0.000000, 0.000000, 1.000000)
((0.093415, 0.342821, 0.934745, -0.008132), (0.082293, 0.932979, -0.350397, 0.538536), (-0.992220, 0.109656, 0.058942, 0.055237), (0.000000, 0.000000, 0.000000, 1.000000)
((0.093235, 0.342459, 0.934895, -0.007715), (0.081031, 0.933260, -0.349942, 0.539232), (-0.992341, 0.108382, 0.059263, 0.055521), (0.000000, 0.000000, 0.000000, 1.000000)
((0.093235, 0.342459, 0.934895, -0.007715), (0.081031, 0.933260, -0.349942, 0.539232), (-0.992341, 0.108382, 0.059263, 0.055521), (0.000000, 0.000000, 0.000000, 1.000000)
((0.093179, 0.342524, 0.934877, -0.007662), (0.081216, 0.933218, -0.350011, 0.539045), (-0.992331, 0.108541, 0.059138, 0.055498), (0.000000, 0.000000, 0.000000, 1.000000)
((0.093351, 0.342515, 0.934863, -0.007767), (0.081266, 0.933209, -0.350024, 0.538902), (-0.992311, 0.108648, 0.059281, 0.055597), (0.000000, 0.000000, 0.000000, 1.000000)
((0.091898, 0.344779, 0.934174, -0.007669), (0.079587, 0.932600, -0.352027, 0.539137), (-0.992583, 0.106699, 0.058264, 0.055570), (0.000000, 0.000000, 0.000000, 1.000000)
((0.091553, 0.344797, 0.934202, -0.007517), (0.079486, 0.932618, -0.352002, 0.539186), (-0.992623, 0.106482, 0.057978, 0.055521), (0.000000, 0.000000, 0.000000, 1.000000)
((0.091609, 0.344732, 0.934220, -0.007523), (0.079300, 0.932660, -0.351932, 0.539277), (-0.992632, 0.106324, 0.058103, 0.055593), (0.000000, 0.000000, 0.000000, 1.000000)
((0.090755, 0.344946, 0.934225, -0.007635), (0.076235, 0.932937, -0.351876, 0.539226), (-0.992951, 0.103155, 0.058371, 0.055762), (0.000000, 0.000000, 0.000000, 1.000000)
((0.090779, 0.346653, 0.933590, -0.007679), (0.076798, 0.932232, -0.353617, 0.539351), (-0.992905, 0.103799, 0.058005, 0.056317), (0.000000, 0.000000, 0.000000, 1.000000)
</SampleFrames>
<SampleWeights Num="46">1
1
1
1
1
1
1
1
1
1
1
1
1
1
1
1
1
1
1
1
1
1
1
1
1
1
1
1
1
1
1
1
1
1
1
1
1
1
1
1
1
1
1
1
1
1
</SampleWeights>
</PointSplatMark>
