<PointSplatMark HeadPosAtStart="(0.242876, 0.950979, 1.44527)" BrushTip="0" BrushInterface="DirectDraw" SuperSamplesPerWidth="20" Draw="0" Width="0.01" Pose="1" LayerIndex="0" Name="fwing" RoomToVirtualScaleAtStart="0.801288" RoomToVirtualFrameAtStart="((0.349008, -0.912303, 0.214233, 0.124902), (0.767863, 0.409447, 0.492686, 0.316227), (-0.537196, -0.007449, 0.843424, -0.205612), (0.000000, 0.000000, 0.000000, 1.000000)" ColorSwatch="0.255893"><SamplePoints Num="151">(0.228907, 0.44508, -0.113068)
(0.22837, 0.445424, -0.113192)
(0.227493, 0.445815, -0.113635)
(0.227493, 0.445815, -0.113635)
(0.227493, 0.445815, -0.113635)
(0.227493, 0.445815, -0.113635)
(0.227493, 0.445815, -0.113635)
(0.227493, 0.445815, -0.113635)
(0.227493, 0.445815, -0.113635)
(0.218399, 0.450022, -0.113157)
(0.218399, 0.450022, -0.113157)
(0.214046, 0.452005, -0.112732)
(0.21298, 0.452766, -0.112472)
(0.21298, 0.452766, -0.112472)
(0.210369, 0.453148, -0.112807)
(0.209089, 0.453178, -0.112899)
(0.20798, 0.453463, -0.113109)
(0.204481, 0.454511, -0.113632)
(0.20192, 0.455472, -0.113832)
(0.200825, 0.455932, -0.114087)
(0.200825, 0.455932, -0.114087)
(0.200825, 0.455932, -0.114087)
(0.200825, 0.455932, -0.114087)
(0.200825, 0.455932, -0.114087)
(0.200825, 0.455932, -0.114087)
(0.189394, 0.45951, -0.114785)
(0.18846, 0.459616, -0.114873)
(0.187314, 0.459906, -0.115312)
(0.186032, 0.460358, -0.115439)
(0.184927, 0.46066, -0.115416)
(0.184482, 0.46076, -0.115514)
(0.182927, 0.461106, -0.115861)
(0.181645, 0.461551, -0.115995)
(0.181029, 0.461848, -0.11598)
(0.178898, 0.462502, -0.115853)
(0.17748, 0.462646, -0.115684)
(0.17581, 0.462923, -0.115498)
(0.17581, 0.462923, -0.115498)
(0.17581, 0.462923, -0.115498)
(0.171661, 0.462236, -0.113852)
(0.170258, 0.462071, -0.112891)
(0.169397, 0.462141, -0.112332)
(0.167144, 0.462225, -0.11085)
(0.165607, 0.462347, -0.109884)
(0.164132, 0.462293, -0.109061)
(0.162155, 0.462091, -0.107947)
(0.16086, 0.46248, -0.107267)
(0.160053, 0.462827, -0.106849)
(0.154991, 0.465019, -0.104989)
(0.153971, 0.465591, -0.104666)
(0.153971, 0.465591, -0.104666)
(0.153971, 0.465591, -0.104666)
(0.147208, 0.46933, -0.102484)
(0.145293, 0.470111, -0.102134)
(0.143574, 0.470474, -0.101664)
(0.140509, 0.470635, -0.100445)
(0.138666, 0.470822, -0.0999819)
(0.138666, 0.470822, -0.0999819)
(0.133202, 0.47213, -0.0982663)
(0.132112, 0.472392, -0.0978319)
(0.132112, 0.472392, -0.0978319)
(0.126635, 0.47319, -0.0948335)
(0.124648, 0.473525, -0.0936106)
(0.124648, 0.473525, -0.0936106)
(0.12117, 0.47375, -0.0911526)
(0.119301, 0.473832, -0.089672)
(0.117484, 0.474199, -0.0883266)
(0.117484, 0.474199, -0.0883266)
(0.112469, 0.475521, -0.084985)
(0.109508, 0.476573, -0.0832317)
(0.108582, 0.476859, -0.0826838)
(0.105632, 0.47804, -0.0812453)
(0.103622, 0.478707, -0.0801225)
(0.102602, 0.478968, -0.0794102)
(0.0995974, 0.479625, -0.0771436)
(0.0976829, 0.480262, -0.0759965)
(0.0967925, 0.480642, -0.0755589)
(0.0943495, 0.481519, -0.0739438)
(0.0927239, 0.481956, -0.0723945)
(0.0906987, 0.482567, -0.0706134)
(0.0906987, 0.482567, -0.0706134)
(0.0867757, 0.484283, -0.0673945)
(0.085, 0.485145, -0.065684)
(0.0840846, 0.485521, -0.06478)
(0.081116, 0.487054, -0.0622108)
(0.0789656, 0.488375, -0.0604143)
(0.0769584, 0.489592, -0.0586538)
(0.0749407, 0.490805, -0.0568981)
(0.0749407, 0.490805, -0.0568981)
(0.0749407, 0.490805, -0.0568981)
(0.0693384, 0.494847, -0.052155)
(0.0673676, 0.496303, -0.0508249)
(0.0664018, 0.496892, -0.0501777)
(0.0639662, 0.498361, -0.0483269)
(0.0639662, 0.498361, -0.0483269)
(0.0639662, 0.498361, -0.0483269)
(0.0639662, 0.498361, -0.0483269)
(0.0582004, 0.501764, -0.0435618)
(0.0579014, 0.502067, -0.0431341)
(0.0579014, 0.502067, -0.0431341)
(0.0540104, 0.503817, -0.0374654)
(0.0540104, 0.503817, -0.0374654)
(0.0493322, 0.50634, -0.0302719)
(0.0493322, 0.50634, -0.0302719)
(0.0493322, 0.50634, -0.0302719)
(0.0446363, 0.509073, -0.0235263)
(0.0439398, 0.509544, -0.0225878)
(0.0406366, 0.511953, -0.0182391)
(0.03844, 0.513573, -0.0152181)
(0.0375535, 0.514277, -0.0141017)
(0.0375535, 0.514277, -0.0141017)
(0.0319059, 0.519028, -0.00667201)
(0.0319059, 0.519028, -0.00667201)
(0.0319059, 0.519028, -0.00667201)
(0.025597, 0.523937, 0.00200008)
(0.0244729, 0.524604, 0.00351049)
(0.0244729, 0.524604, 0.00351049)
(0.0184825, 0.52949, 0.011647)
(0.0169967, 0.53073, 0.0133848)
(0.0169967, 0.53073, 0.0133848)
(0.01203, 0.535942, 0.0203717)
(0.0115897, 0.536632, 0.021219)
(0.0115897, 0.536632, 0.021219)
(0.0115897, 0.536632, 0.021219)
(0.00887099, 0.543302, 0.0281352)
(0.00879025, 0.544054, 0.0289736)
(0.00879025, 0.544054, 0.0289736)
(0.00822565, 0.549141, 0.0337986)
(0.00849465, 0.550022, 0.0352539)
(0.00874691, 0.5511, 0.0366509)
(0.00911466, 0.552349, 0.0383106)
(0.00961053, 0.553116, 0.039193)
(0.0102932, 0.553978, 0.0402856)
(0.010531, 0.554326, 0.0408199)
(0.0112717, 0.555892, 0.0422022)
(0.0116279, 0.556994, 0.0433978)
(0.0118211, 0.558178, 0.0448841)
(0.0120331, 0.559614, 0.0463925)
(0.0120692, 0.560252, 0.0468729)
(0.0126699, 0.560857, 0.0473315)
(0.013022, 0.561054, 0.0474654)
(0.013022, 0.561054, 0.0474654)
(0.0131819, 0.56319, 0.0494729)
(0.012603, 0.564565, 0.0504839)
(0.0122523, 0.565695, 0.0516142)
(0.0122921, 0.56641, 0.05304)
(0.0123126, 0.567507, 0.0546175)
(0.0122398, 0.567769, 0.0548834)
(0.0122965, 0.568635, 0.0556373)
(0.0125134, 0.569145, 0.056348)
(0.0125134, 0.569145, 0.056348)
</SamplePoints>
<SampleFrames Num="151">((0.644146, -0.434877, 0.629252, 0.228907), (-0.435646, 0.467611, 0.769124, 0.445080), (-0.628720, -0.769560, 0.111757, -0.113068), (0.000000, 0.000000, 0.000000, 1.000000)
((0.644250, -0.434895, 0.629133, 0.228370), (-0.435696, 0.467372, 0.769241, 0.445424), (-0.628579, -0.769694, 0.111622, -0.113192), (0.000000, 0.000000, 0.000000, 1.000000)
((0.644005, -0.435046, 0.629280, 0.227493), (-0.435960, 0.467232, 0.769177, 0.445815), (-0.628647, -0.769694, 0.111237, -0.113635), (0.000000, 0.000000, 0.000000, 1.000000)
((0.644005, -0.435046, 0.629280, 0.227493), (-0.435960, 0.467232, 0.769177, 0.445815), (-0.628647, -0.769694, 0.111237, -0.113635), (0.000000, 0.000000, 0.000000, 1.000000)
((0.644005, -0.435046, 0.629280, 0.227493), (-0.435960, 0.467232, 0.769177, 0.445815), (-0.628647, -0.769694, 0.111237, -0.113635), (0.000000, 0.000000, 0.000000, 1.000000)
((0.644005, -0.435046, 0.629280, 0.227493), (-0.435960, 0.467232, 0.769177, 0.445815), (-0.628647, -0.769694, 0.111237, -0.113635), (0.000000, 0.000000, 0.000000, 1.000000)
((0.644005, -0.435046, 0.629280, 0.227493), (-0.435960, 0.467232, 0.769177, 0.445815), (-0.628647, -0.769694, 0.111237, -0.113635), (0.000000, 0.000000, 0.000000, 1.000000)
((0.644005, -0.435046, 0.629280, 0.227493), (-0.435960, 0.467232, 0.769177, 0.445815), (-0.628647, -0.769694, 0.111237, -0.113635), (0.000000, 0.000000, 0.000000, 1.000000)
((0.644005, -0.435046, 0.629280, 0.227493), (-0.435960, 0.467232, 0.769177, 0.445815), (-0.628647, -0.769694, 0.111237, -0.113635), (0.000000, 0.000000, 0.000000, 1.000000)
((0.632148, -0.441825, 0.636537, 0.218399), (-0.432005, 0.481003, 0.762894, 0.450022), (-0.643242, -0.757249, 0.113194, -0.113157), (0.000000, 0.000000, 0.000000, 1.000000)
((0.632148, -0.441825, 0.636537, 0.218399), (-0.432005, 0.481003, 0.762894, 0.450022), (-0.643242, -0.757249, 0.113194, -0.113157), (0.000000, 0.000000, 0.000000, 1.000000)
((0.624202, -0.445093, 0.642078, 0.214046), (-0.429137, 0.491429, 0.757852, 0.452005), (-0.652850, -0.748592, 0.115745, -0.112732), (0.000000, 0.000000, 0.000000, 1.000000)
((0.623567, -0.446896, 0.641442, 0.212980), (-0.427342, 0.492210, 0.758359, 0.452766), (-0.654632, -0.747003, 0.115949, -0.112472), (0.000000, 0.000000, 0.000000, 1.000000)
((0.623567, -0.446896, 0.641442, 0.212980), (-0.427342, 0.492210, 0.758359, 0.452766), (-0.654632, -0.747003, 0.115949, -0.112472), (0.000000, 0.000000, 0.000000, 1.000000)
((0.618773, -0.450765, 0.643374, 0.210369), (-0.423367, 0.498527, 0.756460, 0.453148), (-0.661725, -0.740461, 0.117636, -0.112807), (0.000000, 0.000000, 0.000000, 1.000000)
((0.617146, -0.452657, 0.643609, 0.209089), (-0.421675, 0.500323, 0.756219, 0.453178), (-0.664320, -0.738091, 0.117898, -0.112899), (0.000000, 0.000000, 0.000000, 1.000000)
((0.614922, -0.452732, 0.645681, 0.207980), (-0.421037, 0.503825, 0.754247, 0.453463), (-0.666783, -0.735658, 0.119197, -0.113109), (0.000000, 0.000000, 0.000000, 1.000000)
((0.610793, -0.452784, 0.649552, 0.204481), (-0.419605, 0.510591, 0.750485, 0.454511), (-0.671463, -0.730947, 0.121875, -0.113632), (0.000000, 0.000000, 0.000000, 1.000000)
((0.607773, -0.454623, 0.651098, 0.201920), (-0.417106, 0.514942, 0.748904, 0.455472), (-0.675747, -0.726741, 0.123342, -0.113832), (0.000000, 0.000000, 0.000000, 1.000000)
((0.606497, -0.456505, 0.650972, 0.200825), (-0.415440, 0.516137, 0.749007, 0.455932), (-0.677917, -0.724710, 0.123385, -0.114087), (0.000000, 0.000000, 0.000000, 1.000000)
((0.606497, -0.456505, 0.650972, 0.200825), (-0.415440, 0.516137, 0.749007, 0.455932), (-0.677917, -0.724710, 0.123385, -0.114087), (0.000000, 0.000000, 0.000000, 1.000000)
((0.606497, -0.456505, 0.650972, 0.200825), (-0.415440, 0.516137, 0.749007, 0.455932), (-0.677917, -0.724710, 0.123385, -0.114087), (0.000000, 0.000000, 0.000000, 1.000000)
((0.606497, -0.456505, 0.650972, 0.200825), (-0.415440, 0.516137, 0.749007, 0.455932), (-0.677917, -0.724710, 0.123385, -0.114087), (0.000000, 0.000000, 0.000000, 1.000000)
((0.606497, -0.456505, 0.650972, 0.200825), (-0.415440, 0.516137, 0.749007, 0.455932), (-0.677917, -0.724710, 0.123385, -0.114087), (0.000000, 0.000000, 0.000000, 1.000000)
((0.606497, -0.456505, 0.650972, 0.200825), (-0.415440, 0.516137, 0.749007, 0.455932), (-0.677917, -0.724710, 0.123385, -0.114087), (0.000000, 0.000000, 0.000000, 1.000000)
((0.592347, -0.469097, 0.655037, 0.189394), (-0.400465, 0.534050, 0.744593, 0.459510), (-0.699109, -0.703376, 0.128486, -0.114785), (0.000000, 0.000000, 0.000000, 1.000000)
((0.590923, -0.470905, 0.655026, 0.188460), (-0.398669, 0.535420, 0.744572, 0.459616), (-0.701337, -0.701123, 0.128657, -0.114873), (0.000000, 0.000000, 0.000000, 1.000000)
((0.589232, -0.472828, 0.655163, 0.187314), (-0.397143, 0.536669, 0.744489, 0.459906), (-0.703621, -0.698870, 0.128442, -0.115312), (0.000000, 0.000000, 0.000000, 1.000000)
((0.587845, -0.473379, 0.656011, 0.186032), (-0.393401, 0.541297, 0.743124, 0.460358), (-0.706876, -0.694917, 0.131971, -0.115439), (0.000000, 0.000000, 0.000000, 1.000000)
((0.586719, -0.475140, 0.655746, 0.184927), (-0.391499, 0.542417, 0.743312, 0.460660), (-0.708865, -0.692839, 0.132230, -0.115416), (0.000000, 0.000000, 0.000000, 1.000000)
((0.586719, -0.475140, 0.655746, 0.184482), (-0.391499, 0.542417, 0.743312, 0.460760), (-0.708865, -0.692839, 0.132230, -0.115514), (0.000000, 0.000000, 0.000000, 1.000000)
((0.582893, -0.482590, 0.653714, 0.182927), (-0.385598, 0.543875, 0.745328, 0.461106), (-0.715227, -0.686518, 0.130936, -0.115861), (0.000000, 0.000000, 0.000000, 1.000000)
((0.583205, -0.482558, 0.653460, 0.181645), (-0.385518, 0.543647, 0.745536, 0.461551), (-0.715016, -0.686721, 0.131022, -0.115995), (0.000000, 0.000000, 0.000000, 1.000000)
((0.582838, -0.480587, 0.655238, 0.181029), (-0.386210, 0.545627, 0.743729, 0.461848), (-0.714942, -0.686533, 0.132405, -0.115980), (0.000000, 0.000000, 0.000000, 1.000000)
((0.582055, -0.482255, 0.654707, 0.178898), (-0.384098, 0.546606, 0.744104, 0.462502), (-0.716715, -0.684581, 0.132922, -0.115853), (0.000000, 0.000000, 0.000000, 1.000000)
((0.581165, -0.483889, 0.654293, 0.177480), (-0.381903, 0.547804, 0.744353, 0.462646), (-0.718608, -0.682468, 0.133566, -0.115684), (0.000000, 0.000000, 0.000000, 1.000000)
((0.580271, -0.485520, 0.653878, 0.175810), (-0.379704, 0.548993, 0.744602, 0.462923), (-0.720493, -0.680351, 0.134210, -0.115498), (0.000000, 0.000000, 0.000000, 1.000000)
((0.580271, -0.485520, 0.653878, 0.175810), (-0.379704, 0.548993, 0.744602, 0.462923), (-0.720493, -0.680351, 0.134210, -0.115498), (0.000000, 0.000000, 0.000000, 1.000000)
((0.580271, -0.485520, 0.653878, 0.175810), (-0.379704, 0.548993, 0.744602, 0.462923), (-0.720493, -0.680351, 0.134210, -0.115498), (0.000000, 0.000000, 0.000000, 1.000000)
((0.579751, -0.484921, 0.654783, 0.171661), (-0.381084, 0.548930, 0.743943, 0.462236), (-0.720183, -0.680829, 0.133447, -0.113852), (0.000000, 0.000000, 0.000000, 1.000000)
((0.577376, -0.487436, 0.655014, 0.170258), (-0.379409, 0.550190, 0.743868, 0.462071), (-0.722970, -0.678010, 0.132729, -0.112891), (0.000000, 0.000000, 0.000000, 1.000000)
((0.577582, -0.486492, 0.655534, 0.169397), (-0.381624, 0.548959, 0.743644, 0.462141), (-0.721639, -0.679683, 0.131412, -0.112332), (0.000000, 0.000000, 0.000000, 1.000000)
((0.575873, -0.487995, 0.655920, 0.167144), (-0.382062, 0.548667, 0.743635, 0.462225), (-0.722772, -0.678841, 0.129518, -0.110850), (0.000000, 0.000000, 0.000000, 1.000000)
((0.573072, -0.488441, 0.658037, 0.165607), (-0.380940, 0.552171, 0.741614, 0.462347), (-0.725584, -0.675671, 0.130367, -0.109884), (0.000000, 0.000000, 0.000000, 1.000000)
((0.573911, -0.487291, 0.658159, 0.164132), (-0.382693, 0.550950, 0.741620, 0.462293), (-0.723997, -0.677497, 0.129713, -0.109061), (0.000000, 0.000000, 0.000000, 1.000000)
((0.571844, -0.489587, 0.658254, 0.162155), (-0.380622, 0.552463, 0.741560, 0.462091), (-0.726720, -0.674603, 0.129575, -0.107947), (0.000000, 0.000000, 0.000000, 1.000000)
((0.570074, -0.492875, 0.657335, 0.160860), (-0.376412, 0.554484, 0.742200, 0.462480), (-0.730294, -0.670538, 0.130573, -0.107267), (0.000000, 0.000000, 0.000000, 1.000000)
((0.568786, -0.493781, 0.657771, 0.160053), (-0.377116, 0.554150, 0.742093, 0.462827), (-0.730935, -0.670148, 0.128980, -0.106849), (0.000000, 0.000000, 0.000000, 1.000000)
((0.566451, -0.492098, 0.661039, 0.154991), (-0.379615, 0.556154, 0.739314, 0.465019), (-0.731454, -0.669726, 0.128227, -0.104989), (0.000000, 0.000000, 0.000000, 1.000000)
((0.565903, -0.493742, 0.660282, 0.153971), (-0.377540, 0.556769, 0.739913, 0.465591), (-0.732951, -0.668002, 0.128670, -0.104666), (0.000000, 0.000000, 0.000000, 1.000000)
((0.565903, -0.493742, 0.660282, 0.153971), (-0.377540, 0.556769, 0.739913, 0.465591), (-0.732951, -0.668002, 0.128670, -0.104666), (0.000000, 0.000000, 0.000000, 1.000000)
((0.565903, -0.493742, 0.660282, 0.153971), (-0.377540, 0.556769, 0.739913, 0.465591), (-0.732951, -0.668002, 0.128670, -0.104666), (0.000000, 0.000000, 0.000000, 1.000000)
((0.560710, -0.497231, 0.662092, 0.147208), (-0.374680, 0.560702, 0.738395, 0.469330), (-0.738390, -0.662098, 0.128089, -0.102484), (0.000000, 0.000000, 0.000000, 1.000000)
((0.560116, -0.497964, 0.662043, 0.145293), (-0.375136, 0.560070, 0.738644, 0.470111), (-0.738609, -0.662083, 0.126900, -0.102134), (0.000000, 0.000000, 0.000000, 1.000000)
((0.560825, -0.496909, 0.662237, 0.143574), (-0.377295, 0.558597, 0.738660, 0.470474), (-0.736970, -0.664117, 0.125794, -0.101664), (0.000000, 0.000000, 0.000000, 1.000000)
((0.558199, -0.502757, 0.660037, 0.140509), (-0.372663, 0.558830, 0.740831, 0.470635), (-0.741307, -0.659502, 0.124580, -0.100445), (0.000000, 0.000000, 0.000000, 1.000000)
((0.556891, -0.501384, 0.662184, 0.138666), (-0.373513, 0.560914, 0.738826, 0.470822), (-0.741863, -0.658779, 0.125095, -0.099982), (0.000000, 0.000000, 0.000000, 1.000000)
((0.556891, -0.501384, 0.662184, 0.138666), (-0.373513, 0.560914, 0.738826, 0.470822), (-0.741863, -0.658779, 0.125095, -0.099982), (0.000000, 0.000000, 0.000000, 1.000000)
((0.554994, -0.503311, 0.662314, 0.133202), (-0.374509, 0.559756, 0.739199, 0.472130), (-0.742781, -0.658294, 0.122167, -0.098266), (0.000000, 0.000000, 0.000000, 1.000000)
((0.554212, -0.504856, 0.661792, 0.132112), (-0.372256, 0.560795, 0.739551, 0.472392), (-0.744496, -0.656224, 0.122864, -0.097832), (0.000000, 0.000000, 0.000000, 1.000000)
((0.554212, -0.504856, 0.661792, 0.132112), (-0.372256, 0.560795, 0.739551, 0.472392), (-0.744496, -0.656224, 0.122864, -0.097832), (0.000000, 0.000000, 0.000000, 1.000000)
((0.551154, -0.505180, 0.664095, 0.126635), (-0.373846, 0.562033, 0.737807, 0.473190), (-0.745968, -0.654914, 0.120907, -0.094834), (0.000000, 0.000000, 0.000000, 1.000000)
((0.549321, -0.506406, 0.664680, 0.124648), (-0.374606, 0.561789, 0.737607, 0.473525), (-0.746938, -0.654176, 0.118900, -0.093611), (0.000000, 0.000000, 0.000000, 1.000000)
((0.549321, -0.506406, 0.664680, 0.124648), (-0.374606, 0.561789, 0.737607, 0.473525), (-0.746938, -0.654176, 0.118900, -0.093611), (0.000000, 0.000000, 0.000000, 1.000000)
((0.547613, -0.508838, 0.664232, 0.121170), (-0.372387, 0.562680, 0.738050, 0.473750), (-0.749298, -0.651518, 0.118646, -0.091153), (0.000000, 0.000000, 0.000000, 1.000000)
((0.545609, -0.510022, 0.664972, 0.119301), (-0.373196, 0.562594, 0.737707, 0.473832), (-0.750357, -0.650665, 0.116618, -0.089672), (0.000000, 0.000000, 0.000000, 1.000000)
((0.544373, -0.512007, 0.664460, 0.117484), (-0.371081, 0.563406, 0.738154, 0.474199), (-0.752301, -0.648400, 0.116707, -0.088327), (0.000000, 0.000000, 0.000000, 1.000000)
((0.544373, -0.512007, 0.664460, 0.117484), (-0.371081, 0.563406, 0.738154, 0.474199), (-0.752301, -0.648400, 0.116707, -0.088327), (0.000000, 0.000000, 0.000000, 1.000000)
((0.542486, -0.514034, 0.664438, 0.112469), (-0.372264, 0.561941, 0.738676, 0.475521), (-0.753080, -0.648067, 0.113489, -0.084985), (0.000000, 0.000000, 0.000000, 1.000000)
((0.540107, -0.514619, 0.665922, 0.109508), (-0.371464, 0.564241, 0.737323, 0.476573), (-0.755181, -0.645600, 0.113588, -0.083232), (0.000000, 0.000000, 0.000000, 1.000000)
((0.539339, -0.515192, 0.666101, 0.108582), (-0.372019, 0.563859, 0.737336, 0.476859), (-0.755457, -0.645476, 0.112450, -0.082684), (0.000000, 0.000000, 0.000000, 1.000000)
((0.537038, -0.517889, 0.665869, 0.105632), (-0.371116, 0.563813, 0.737826, 0.478040), (-0.757538, -0.643355, 0.110593, -0.081245), (0.000000, 0.000000, 0.000000, 1.000000)
((0.535611, -0.519912, 0.665441, 0.103622), (-0.369408, 0.564355, 0.738269, 0.478707), (-0.759380, -0.641244, 0.110216, -0.080123), (0.000000, 0.000000, 0.000000, 1.000000)
((0.534838, -0.520454, 0.665640, 0.102602), (-0.369977, 0.563999, 0.738257, 0.478968), (-0.759648, -0.641119, 0.109092, -0.079410), (0.000000, 0.000000, 0.000000, 1.000000)
((0.531318, -0.523464, 0.666098, 0.099597), (-0.369271, 0.564535, 0.738200, 0.479625), (-0.762457, -0.638190, 0.106647, -0.077144), (0.000000, 0.000000, 0.000000, 1.000000)
((0.529175, -0.522431, 0.668610, 0.097683), (-0.370768, 0.566402, 0.736016, 0.480262), (-0.763220, -0.637381, 0.106025, -0.075997), (0.000000, 0.000000, 0.000000, 1.000000)
((0.528618, -0.523918, 0.667886, 0.096792), (-0.368597, 0.567084, 0.736581, 0.480642), (-0.764656, -0.635552, 0.106656, -0.075559), (0.000000, 0.000000, 0.000000, 1.000000)
((0.528265, -0.525693, 0.666771, 0.094350), (-0.366513, 0.567177, 0.737549, 0.481519), (-0.765902, -0.634001, 0.106946, -0.073944), (0.000000, 0.000000, 0.000000, 1.000000)
((0.525174, -0.528219, 0.667216, 0.092724), (-0.365644, 0.567918, 0.737410, 0.481956), (-0.768438, -0.631232, 0.105116, -0.072394), (0.000000, 0.000000, 0.000000, 1.000000)
((0.524013, -0.526933, 0.669142, 0.090699), (-0.366735, 0.569490, 0.735654, 0.482567), (-0.768710, -0.630890, 0.105176, -0.070613), (0.000000, 0.000000, 0.000000, 1.000000)
((0.524013, -0.526933, 0.669142, 0.090699), (-0.366735, 0.569490, 0.735654, 0.482567), (-0.768710, -0.630890, 0.105176, -0.070613), (0.000000, 0.000000, 0.000000, 1.000000)
((0.522186, -0.528532, 0.669310, 0.086776), (-0.368686, 0.567780, 0.736000, 0.484283), (-0.769021, -0.631094, 0.101624, -0.067394), (0.000000, 0.000000, 0.000000, 1.000000)
((0.521410, -0.529238, 0.669357, 0.085000), (-0.369539, 0.567004, 0.736171, 0.485145), (-0.769138, -0.631200, 0.100068, -0.065684), (0.000000, 0.000000, 0.000000, 1.000000)
((0.519198, -0.529114, 0.671171, 0.084085), (-0.368360, 0.570088, 0.734378, 0.485521), (-0.771197, -0.628520, 0.101084, -0.064780), (0.000000, 0.000000, 0.000000, 1.000000)
((0.516539, -0.531829, 0.671078, 0.081116), (-0.368201, 0.569611, 0.734827, 0.487054), (-0.773056, -0.626658, 0.098407, -0.062211), (0.000000, 0.000000, 0.000000, 1.000000)
((0.516253, -0.530327, 0.672485, 0.078966), (-0.369253, 0.570652, 0.733490, 0.488375), (-0.772745, -0.626984, 0.098776, -0.060414), (0.000000, 0.000000, 0.000000, 1.000000)
((0.515879, -0.530962, 0.672271, 0.076958), (-0.370318, 0.569427, 0.733906, 0.489592), (-0.772485, -0.627561, 0.097131, -0.058654), (0.000000, 0.000000, 0.000000, 1.000000)
((0.513777, -0.533230, 0.672086, 0.074941), (-0.369733, 0.569285, 0.734311, 0.490805), (-0.774165, -0.625764, 0.095333, -0.056898), (0.000000, 0.000000, 0.000000, 1.000000)
((0.513777, -0.533230, 0.672086, 0.074941), (-0.369733, 0.569285, 0.734311, 0.490805), (-0.774165, -0.625764, 0.095333, -0.056898), (0.000000, 0.000000, 0.000000, 1.000000)
((0.513777, -0.533230, 0.672086, 0.074941), (-0.369733, 0.569285, 0.734311, 0.490805), (-0.774165, -0.625764, 0.095333, -0.056898), (0.000000, 0.000000, 0.000000, 1.000000)
((0.507095, -0.535680, 0.675204, 0.069338), (-0.368388, 0.573526, 0.731682, 0.494847), (-0.779195, -0.619769, 0.093494, -0.052155), (0.000000, 0.000000, 0.000000, 1.000000)
((0.506470, -0.536268, 0.675207, 0.067368), (-0.369755, 0.572341, 0.731920, 0.496303), (-0.778954, -0.620357, 0.091586, -0.050825), (0.000000, 0.000000, 0.000000, 1.000000)
((0.505928, -0.534486, 0.677024, 0.066402), (-0.370593, 0.574067, 0.730143, 0.496892), (-0.778908, -0.620300, 0.092360, -0.050178), (0.000000, 0.000000, 0.000000, 1.000000)
((0.504414, -0.536473, 0.676582, 0.063966), (-0.369831, 0.573826, 0.730718, 0.498361), (-0.780251, -0.618805, 0.091042, -0.048327), (0.000000, 0.000000, 0.000000, 1.000000)
((0.504414, -0.536473, 0.676582, 0.063966), (-0.369831, 0.573826, 0.730718, 0.498361), (-0.780251, -0.618805, 0.091042, -0.048327), (0.000000, 0.000000, 0.000000, 1.000000)
((0.504414, -0.536473, 0.676582, 0.063966), (-0.369831, 0.573826, 0.730718, 0.498361), (-0.780251, -0.618805, 0.091042, -0.048327), (0.000000, 0.000000, 0.000000, 1.000000)
((0.504414, -0.536473, 0.676582, 0.063966), (-0.369831, 0.573826, 0.730718, 0.498361), (-0.780251, -0.618805, 0.091042, -0.048327), (0.000000, 0.000000, 0.000000, 1.000000)
((0.499403, -0.538740, 0.678495, 0.058200), (-0.369668, 0.575772, 0.729268, 0.501764), (-0.783545, -0.615017, 0.088387, -0.043562), (0.000000, 0.000000, 0.000000, 1.000000)
((0.498220, -0.539067, 0.679105, 0.057901), (-0.370562, 0.575717, 0.728858, 0.502067), (-0.783876, -0.614782, 0.087076, -0.043134), (0.000000, 0.000000, 0.000000, 1.000000)
((0.498220, -0.539067, 0.679105, 0.057901), (-0.370562, 0.575717, 0.728858, 0.502067), (-0.783876, -0.614782, 0.087076, -0.043134), (0.000000, 0.000000, 0.000000, 1.000000)
((0.494076, -0.541401, 0.680275, 0.054010), (-0.371602, 0.575875, 0.728203, 0.503817), (-0.786003, -0.612579, 0.083340, -0.037465), (0.000000, 0.000000, 0.000000, 1.000000)
((0.494076, -0.541401, 0.680275, 0.054010), (-0.371602, 0.575875, 0.728203, 0.503817), (-0.786003, -0.612579, 0.083340, -0.037465), (0.000000, 0.000000, 0.000000, 1.000000)
((0.490948, -0.541299, 0.682617, 0.049332), (-0.372858, 0.577602, 0.726190, 0.506340), (-0.787367, -0.611041, 0.081745, -0.030272), (0.000000, 0.000000, 0.000000, 1.000000)
((0.490948, -0.541299, 0.682617, 0.049332), (-0.372858, 0.577602, 0.726190, 0.506340), (-0.787367, -0.611041, 0.081745, -0.030272), (0.000000, 0.000000, 0.000000, 1.000000)
((0.490948, -0.541299, 0.682617, 0.049332), (-0.372858, 0.577602, 0.726190, 0.506340), (-0.787367, -0.611041, 0.081745, -0.030272), (0.000000, 0.000000, 0.000000, 1.000000)
((0.486962, -0.541952, 0.684950, 0.044636), (-0.377711, 0.576425, 0.724616, 0.509073), (-0.787530, -0.611573, 0.075996, -0.023526), (0.000000, 0.000000, 0.000000, 1.000000)
((0.486746, -0.541976, 0.685084, 0.043940), (-0.378284, 0.576132, 0.724550, 0.509544), (-0.787388, -0.611829, 0.075409, -0.022588), (0.000000, 0.000000, 0.000000, 1.000000)
((0.483860, -0.541448, 0.687541, 0.040637), (-0.379210, 0.578329, 0.722312, 0.511953), (-0.788720, -0.610221, 0.074509, -0.018239), (0.000000, 0.000000, 0.000000, 1.000000)
((0.482057, -0.542847, 0.687705, 0.038440), (-0.379073, 0.578429, 0.722305, 0.513573), (-0.789889, -0.608882, 0.073058, -0.015218), (0.000000, 0.000000, 0.000000, 1.000000)
((0.480072, -0.543058, 0.688925, 0.037554), (-0.380815, 0.578468, 0.721356, 0.514277), (-0.790260, -0.608656, 0.070902, -0.014102), (0.000000, 0.000000, 0.000000, 1.000000)
((0.480072, -0.543058, 0.688925, 0.037554), (-0.380815, 0.578468, 0.721356, 0.514277), (-0.790260, -0.608656, 0.070902, -0.014102), (0.000000, 0.000000, 0.000000, 1.000000)
((0.474727, -0.544887, 0.691182, 0.031906), (-0.379986, 0.581466, 0.719380, 0.519028), (-0.793880, -0.604148, 0.068989, -0.006672), (0.000000, 0.000000, 0.000000, 1.000000)
((0.474727, -0.544887, 0.691182, 0.031906), (-0.379986, 0.581466, 0.719380, 0.519028), (-0.793880, -0.604148, 0.068989, -0.006672), (0.000000, 0.000000, 0.000000, 1.000000)
((0.474727, -0.544887, 0.691182, 0.031906), (-0.379986, 0.581466, 0.719380, 0.519028), (-0.793880, -0.604148, 0.068989, -0.006672), (0.000000, 0.000000, 0.000000, 1.000000)
((0.470565, -0.545292, 0.693704, 0.025597), (-0.384600, 0.580820, 0.717447, 0.523937), (-0.794136, -0.604404, 0.063594, 0.002000), (0.000000, 0.000000, 0.000000, 1.000000)
((0.469429, -0.545088, 0.694634, 0.024473), (-0.386012, 0.580850, 0.716664, 0.524604), (-0.794123, -0.604560, 0.062258, 0.003510), (0.000000, 0.000000, 0.000000, 1.000000)
((0.469429, -0.545088, 0.694634, 0.024473), (-0.386012, 0.580850, 0.716664, 0.524604), (-0.794123, -0.604560, 0.062258, 0.003510), (0.000000, 0.000000, 0.000000, 1.000000)
((0.466833, -0.544780, 0.696622, 0.018483), (-0.389822, 0.580299, 0.715047, 0.529490), (-0.793792, -0.605366, 0.058536, 0.011647), (0.000000, 0.000000, 0.000000, 1.000000)
((0.466420, -0.542910, 0.698356, 0.016997), (-0.394000, 0.579341, 0.713532, 0.530730), (-0.791970, -0.607958, 0.056310, 0.013385), (0.000000, 0.000000, 0.000000, 1.000000)
((0.466420, -0.542910, 0.698356, 0.016997), (-0.394000, 0.579341, 0.713532, 0.530730), (-0.791970, -0.607958, 0.056310, 0.013385), (0.000000, 0.000000, 0.000000, 1.000000)
((0.463232, -0.540260, 0.702520, 0.012030), (-0.398265, 0.581244, 0.709606, 0.535942), (-0.791708, -0.608501, 0.054085, 0.020372), (0.000000, 0.000000, 0.000000, 1.000000)
((0.463158, -0.540009, 0.702762, 0.011590), (-0.399052, 0.580950, 0.709404, 0.536632), (-0.791355, -0.609005, 0.053580, 0.021219), (0.000000, 0.000000, 0.000000, 1.000000)
((0.463158, -0.540009, 0.702762, 0.011590), (-0.399052, 0.580950, 0.709404, 0.536632), (-0.791355, -0.609005, 0.053580, 0.021219), (0.000000, 0.000000, 0.000000, 1.000000)
((0.463158, -0.540009, 0.702762, 0.011590), (-0.399052, 0.580950, 0.709404, 0.536632), (-0.791355, -0.609005, 0.053580, 0.021219), (0.000000, 0.000000, 0.000000, 1.000000)
((0.463849, -0.534283, 0.706672, 0.008871), (-0.408118, 0.579123, 0.705731, 0.543302), (-0.786311, -0.615758, 0.050575, 0.028135), (0.000000, 0.000000, 0.000000, 1.000000)
((0.463911, -0.533996, 0.706849, 0.008790), (-0.409006, 0.578665, 0.705592, 0.544054), (-0.785812, -0.616437, 0.050042, 0.028974), (0.000000, 0.000000, 0.000000, 1.000000)
((0.463911, -0.533996, 0.706849, 0.008790), (-0.409006, 0.578665, 0.705592, 0.544054), (-0.785812, -0.616437, 0.050042, 0.028974), (0.000000, 0.000000, 0.000000, 1.000000)
((0.464382, -0.530223, 0.709375, 0.008226), (-0.413956, 0.578147, 0.703126, 0.549141), (-0.782937, -0.620169, 0.048992, 0.033799), (0.000000, 0.000000, 0.000000, 1.000000)
((0.463547, -0.531226, 0.709170, 0.008495), (-0.412853, 0.578679, 0.703338, 0.550022), (-0.784013, -0.618813, 0.048927, 0.035254), (0.000000, 0.000000, 0.000000, 1.000000)
((0.462827, -0.532247, 0.708875, 0.008747), (-0.411872, 0.579002, 0.703647, 0.551100), (-0.784954, -0.617632, 0.048760, 0.036651), (0.000000, 0.000000, 0.000000, 1.000000)
((0.462317, -0.531623, 0.709675, 0.009115), (-0.413622, 0.578640, 0.702917, 0.552349), (-0.784334, -0.618508, 0.047624, 0.038311), (0.000000, 0.000000, 0.000000, 1.000000)
((0.462352, -0.531309, 0.709888, 0.009611), (-0.414613, 0.578142, 0.702744, 0.553116), (-0.783790, -0.619244, 0.047018, 0.039193), (0.000000, 0.000000, 0.000000, 1.000000)
((0.460719, -0.532439, 0.710104, 0.010293), (-0.413783, 0.578952, 0.702565, 0.553978), (-0.785189, -0.617514, 0.046420, 0.040286), (0.000000, 0.000000, 0.000000, 1.000000)
((0.460082, -0.533774, 0.709514, 0.010531), (-0.411932, 0.579578, 0.703137, 0.554326), (-0.786535, -0.615772, 0.046775, 0.040820), (0.000000, 0.000000, 0.000000, 1.000000)
((0.458028, -0.536276, 0.708956, 0.011272), (-0.409497, 0.580583, 0.703730, 0.555892), (-0.789001, -0.612643, 0.046320, 0.042202), (0.000000, 0.000000, 0.000000, 1.000000)
((0.456798, -0.535697, 0.710186, 0.011628), (-0.411377, 0.580642, 0.702583, 0.556994), (-0.788736, -0.613093, 0.044863, 0.043398), (0.000000, 0.000000, 0.000000, 1.000000)
((0.456326, -0.534979, 0.711030, 0.011821), (-0.413098, 0.580375, 0.701794, 0.558178), (-0.788109, -0.613972, 0.043841, 0.044884), (0.000000, 0.000000, 0.000000, 1.000000)
((0.455977, -0.534264, 0.711791, 0.012033), (-0.414935, 0.579916, 0.701090, 0.559614), (-0.787346, -0.615028, 0.042744, 0.046392), (0.000000, 0.000000, 0.000000, 1.000000)
((0.455343, -0.533965, 0.712421, 0.012069), (-0.415926, 0.579923, 0.700496, 0.560252), (-0.787190, -0.615281, 0.041974, 0.046873), (0.000000, 0.000000, 0.000000, 1.000000)
((0.454760, -0.535359, 0.711747, 0.012670), (-0.414333, 0.580242, 0.701176, 0.560857), (-0.788367, -0.613766, 0.042054, 0.047332), (0.000000, 0.000000, 0.000000, 1.000000)
((0.454317, -0.534701, 0.712524, 0.013022), (-0.411618, 0.583335, 0.700208, 0.561054), (-0.790042, -0.611405, 0.044927, 0.047465), (0.000000, 0.000000, 0.000000, 1.000000)
((0.454317, -0.534701, 0.712524, 0.013022), (-0.411618, 0.583335, 0.700208, 0.561054), (-0.790042, -0.611405, 0.044927, 0.047465), (0.000000, 0.000000, 0.000000, 1.000000)
((0.450218, -0.538168, 0.712516, 0.013182), (-0.408152, 0.585687, 0.700273, 0.563190), (-0.794176, -0.606090, 0.044032, 0.049473), (0.000000, 0.000000, 0.000000, 1.000000)
((0.449397, -0.537436, 0.713585, 0.012603), (-0.409967, 0.585634, 0.699257, 0.564565), (-0.793706, -0.606790, 0.042852, 0.050484), (0.000000, 0.000000, 0.000000, 1.000000)
((0.448471, -0.536653, 0.714757, 0.012252), (-0.411642, 0.585812, 0.698122, 0.565695), (-0.793363, -0.607311, 0.041811, 0.051614), (0.000000, 0.000000, 0.000000, 1.000000)
((0.445255, -0.540864, 0.713592, 0.012292), (-0.409451, 0.585759, 0.699455, 0.566410), (-0.796302, -0.603617, 0.039355, 0.053040), (0.000000, 0.000000, 0.000000, 1.000000)
((0.439856, -0.545816, 0.713170, 0.012313), (-0.402742, 0.589900, 0.699869, 0.567507), (-0.802699, -0.595065, 0.039648, 0.054617), (0.000000, 0.000000, 0.000000, 1.000000)
((0.438792, -0.545441, 0.714112, 0.012240), (-0.403580, 0.590420, 0.698948, 0.567769), (-0.802861, -0.594893, 0.038942, 0.054883), (0.000000, 0.000000, 0.000000, 1.000000)
((0.437175, -0.546386, 0.714381, 0.012297), (-0.402679, 0.591330, 0.698697, 0.568635), (-0.804193, -0.593120, 0.038497, 0.055637), (0.000000, 0.000000, 0.000000, 1.000000)
((0.433375, -0.548678, 0.714939, 0.012513), (-0.399780, 0.593938, 0.698150, 0.569145), (-0.807689, -0.588379, 0.038048, 0.056348), (0.000000, 0.000000, 0.000000, 1.000000)
((0.433375, -0.548678, 0.714939, 0.012513), (-0.399780, 0.593938, 0.698150, 0.569145), (-0.807689, -0.588379, 0.038048, 0.056348), (0.000000, 0.000000, 0.000000, 1.000000)
</SampleFrames>
<SampleWeights Num="151">1
1
1
1
1
1
1
1
1
1
1
1
1
1
1
1
1
1
1
1
1
1
1
1
1
1
1
1
1
1
1
1
1
1
1
1
1
1
1
1
1
1
1
1
1
1
1
1
1
1
1
1
1
1
1
1
1
1
1
1
1
1
1
1
1
1
1
1
1
1
1
1
1
1
1
1
1
1
1
1
1
1
1
1
1
1
1
1
1
1
1
1
1
1
1
1
1
1
1
1
1
1
1
1
1
1
1
1
1
1
1
1
1
1
1
1
1
1
1
1
1
1
1
1
1
1
1
1
1
1
1
1
1
1
1
1
1
1
1
1
1
1
1
1
1
1
1
1
1
1
1
</SampleWeights>
</PointSplatMark>
