<PointSplatMark HeadPosAtStart="(-0.171407, 0.492447, 1.59265)" BrushTip="0" BrushInterface="DirectDraw" SuperSamplesPerWidth="20" Draw="0" Width="0.01" Pose="1" LayerIndex="0" Name="fwingdetail" RoomToVirtualScaleAtStart="0.801288" RoomToVirtualFrameAtStart="((0.571560, -0.816599, 0.080537, -0.065505), (0.767589, 0.566774, 0.299291, 0.185480), (-0.290047, -0.109243, 0.950757, -0.229764), (0.000000, 0.000000, 0.000000, 1.000000)" ColorSwatch="0.255893"><SamplePoints Num="60">(0.0210402, -0.0569213, -0.160849)
(0.0210402, -0.0569213, -0.160849)
(0.0210402, -0.0569213, -0.160849)
(0.0214912, -0.0578168, -0.160977)
(0.021632, -0.0580632, -0.161031)
(0.021632, -0.0580632, -0.161031)
(0.0222875, -0.0597525, -0.160744)
(0.022787, -0.0605302, -0.160775)
(0.0233925, -0.061503, -0.16064)
(0.0245521, -0.0630313, -0.160699)
(0.0256529, -0.0645463, -0.161011)
(0.0269431, -0.06619, -0.161285)
(0.0275558, -0.0670578, -0.16142)
(0.0275558, -0.0670578, -0.16142)
(0.0275558, -0.0670578, -0.16142)
(0.031131, -0.0721157, -0.16159)
(0.031994, -0.0731292, -0.161452)
(0.0324491, -0.0737266, -0.161426)
(0.0337096, -0.0756709, -0.160864)
(0.0347098, -0.0770405, -0.160548)
(0.0347098, -0.0770405, -0.160548)
(0.0365748, -0.0797248, -0.160305)
(0.0365748, -0.0797248, -0.160305)
(0.0365748, -0.0797248, -0.160305)
(0.0365748, -0.0797248, -0.160305)
(0.0422615, -0.0874838, -0.15879)
(0.0432827, -0.0888845, -0.158631)
(0.0447907, -0.0907479, -0.158262)
(0.0470058, -0.0933651, -0.15764)
(0.0470058, -0.0933651, -0.15764)
(0.0470058, -0.0933651, -0.15764)
(0.0470058, -0.0933651, -0.15764)
(0.0470058, -0.0933651, -0.15764)
(0.0470058, -0.0933651, -0.15764)
(0.0594709, -0.108626, -0.153752)
(0.0610024, -0.110482, -0.153035)
(0.0617204, -0.111377, -0.152686)
(0.0617204, -0.111377, -0.152686)
(0.0617204, -0.111377, -0.152686)
(0.0656886, -0.11562, -0.149842)
(0.0664664, -0.116378, -0.148946)
(0.0668828, -0.116643, -0.148567)
(0.0680948, -0.117687, -0.147411)
(0.0680948, -0.117687, -0.147411)
(0.0680948, -0.117687, -0.147411)
(0.0691661, -0.119762, -0.144455)
(0.0696137, -0.120575, -0.143577)
(0.0697128, -0.12103, -0.14308)
(0.0703061, -0.122483, -0.141809)
(0.0703061, -0.122483, -0.141809)
(0.0703061, -0.122483, -0.141809)
(0.0711457, -0.12462, -0.139691)
(0.0711019, -0.124574, -0.139467)
(0.071051, -0.12439, -0.139367)
(0.071051, -0.12439, -0.139367)
(0.0708402, -0.123516, -0.139095)
(0.0702838, -0.122839, -0.139041)
(0.0693469, -0.12173, -0.138685)
(0.0679116, -0.120265, -0.138257)
(0.0663589, -0.11871, -0.13773)
</SamplePoints>
<SampleFrames Num="60">((0.538603, -0.407673, 0.737367, 0.021040), (-0.147902, 0.815816, 0.559079, -0.056921), (-0.829477, -0.410180, 0.379105, -0.160849), (0.000000, 0.000000, 0.000000, 1.000000)
((0.538603, -0.407673, 0.737367, 0.021040), (-0.147902, 0.815816, 0.559079, -0.056921), (-0.829477, -0.410180, 0.379105, -0.160849), (0.000000, 0.000000, 0.000000, 1.000000)
((0.538603, -0.407673, 0.737367, 0.021040), (-0.147902, 0.815816, 0.559079, -0.056921), (-0.829477, -0.410180, 0.379105, -0.160849), (0.000000, 0.000000, 0.000000, 1.000000)
((0.544390, -0.403104, 0.735626, 0.021491), (-0.156744, 0.812634, 0.561299, -0.057817), (-0.824057, -0.420871, 0.379206, -0.160977), (0.000000, 0.000000, 0.000000, 1.000000)
((0.544333, -0.403133, 0.735653, 0.021632), (-0.156523, 0.812748, 0.561196, -0.058063), (-0.824137, -0.420624, 0.379306, -0.161031), (0.000000, 0.000000, 0.000000, 1.000000)
((0.544333, -0.403133, 0.735653, 0.021632), (-0.156523, 0.812748, 0.561196, -0.058063), (-0.824137, -0.420624, 0.379306, -0.161031), (0.000000, 0.000000, 0.000000, 1.000000)
((0.546947, -0.403424, 0.733551, 0.022287), (-0.157320, 0.811090, 0.563368, -0.059752), (-0.822253, -0.423535, 0.380157, -0.160744), (0.000000, 0.000000, 0.000000, 1.000000)
((0.546921, -0.403454, 0.733555, 0.022787), (-0.156745, 0.811373, 0.563120, -0.060530), (-0.822380, -0.422963, 0.380517, -0.160775), (0.000000, 0.000000, 0.000000, 1.000000)
((0.546486, -0.405620, 0.732683, 0.023393), (-0.157888, 0.809289, 0.565794, -0.061503), (-0.822450, -0.424881, 0.378222, -0.160640), (0.000000, 0.000000, 0.000000, 1.000000)
((0.548884, -0.402269, 0.732739, 0.024552), (-0.161955, 0.808799, 0.565344, -0.063031), (-0.820059, -0.428980, 0.378788, -0.160699), (0.000000, 0.000000, 0.000000, 1.000000)
((0.550444, -0.402928, 0.731204, 0.025653), (-0.162807, 0.807208, 0.567370, -0.064546), (-0.818844, -0.431351, 0.378723, -0.161011), (0.000000, 0.000000, 0.000000, 1.000000)
((0.552186, -0.403521, 0.729562, 0.026943), (-0.163384, 0.805725, 0.569308, -0.066190), (-0.817555, -0.433563, 0.378981, -0.161285), (0.000000, 0.000000, 0.000000, 1.000000)
((0.552016, -0.403612, 0.729641, 0.027556), (-0.162723, 0.806075, 0.569002, -0.067058), (-0.817802, -0.432828, 0.379289, -0.161420), (0.000000, 0.000000, 0.000000, 1.000000)
((0.552016, -0.403612, 0.729641, 0.027556), (-0.162723, 0.806075, 0.569002, -0.067058), (-0.817802, -0.432828, 0.379289, -0.161420), (0.000000, 0.000000, 0.000000, 1.000000)
((0.552016, -0.403612, 0.729641, 0.027556), (-0.162723, 0.806075, 0.569002, -0.067058), (-0.817802, -0.432828, 0.379289, -0.161420), (0.000000, 0.000000, 0.000000, 1.000000)
((0.558142, -0.404966, 0.724210, 0.031131), (-0.164924, 0.801250, 0.575151, -0.072116), (-0.813189, -0.440456, 0.380423, -0.161590), (0.000000, 0.000000, 0.000000, 1.000000)
((0.558259, -0.404939, 0.724135, 0.031994), (-0.164443, 0.801482, 0.574966, -0.073129), (-0.813207, -0.440058, 0.380846, -0.161452), (0.000000, 0.000000, 0.000000, 1.000000)
((0.559473, -0.403214, 0.724161, 0.032449), (-0.166740, 0.801080, 0.574864, -0.073727), (-0.811904, -0.442367, 0.380950, -0.161426), (0.000000, 0.000000, 0.000000, 1.000000)
((0.563762, -0.401465, 0.721802, 0.033710), (-0.170007, 0.798800, 0.577075, -0.075671), (-0.808251, -0.448045, 0.382081, -0.160864), (0.000000, 0.000000, 0.000000, 1.000000)
((0.563531, -0.403573, 0.720807, 0.034710), (-0.171146, 0.796580, 0.579801, -0.077041), (-0.808172, -0.450099, 0.379827, -0.160548), (0.000000, 0.000000, 0.000000, 1.000000)
((0.563531, -0.403573, 0.720807, 0.034710), (-0.171146, 0.796580, 0.579801, -0.077041), (-0.808172, -0.450099, 0.379827, -0.160548), (0.000000, 0.000000, 0.000000, 1.000000)
((0.564108, -0.403396, 0.720454, 0.036575), (-0.169666, 0.797288, 0.579263, -0.079725), (-0.808081, -0.449003, 0.381314, -0.160305), (0.000000, 0.000000, 0.000000, 1.000000)
((0.564108, -0.403396, 0.720454, 0.036575), (-0.169666, 0.797288, 0.579263, -0.079725), (-0.808081, -0.449003, 0.381314, -0.160305), (0.000000, 0.000000, 0.000000, 1.000000)
((0.564108, -0.403396, 0.720454, 0.036575), (-0.169666, 0.797288, 0.579263, -0.079725), (-0.808081, -0.449003, 0.381314, -0.160305), (0.000000, 0.000000, 0.000000, 1.000000)
((0.564108, -0.403396, 0.720454, 0.036575), (-0.169666, 0.797288, 0.579263, -0.079725), (-0.808081, -0.449003, 0.381314, -0.160305), (0.000000, 0.000000, 0.000000, 1.000000)
((0.569382, -0.409401, 0.712878, 0.042261), (-0.168050, 0.790893, 0.588428, -0.087484), (-0.804713, -0.454840, 0.381521, -0.158790), (0.000000, 0.000000, 0.000000, 1.000000)
((0.570299, -0.409773, 0.711931, 0.043283), (-0.171554, 0.788162, 0.591075, -0.088884), (-0.803323, -0.459224, 0.379190, -0.158631), (0.000000, 0.000000, 0.000000, 1.000000)
((0.572097, -0.407789, 0.711627, 0.044791), (-0.173251, 0.787980, 0.590823, -0.090748), (-0.801679, -0.461298, 0.380151, -0.158262), (0.000000, 0.000000, 0.000000, 1.000000)
((0.574834, -0.407825, 0.709398, 0.047006), (-0.174103, 0.786139, 0.593020, -0.093365), (-0.799534, -0.464396, 0.380896, -0.157640), (0.000000, 0.000000, 0.000000, 1.000000)
((0.574834, -0.407825, 0.709398, 0.047006), (-0.174103, 0.786139, 0.593020, -0.093365), (-0.799534, -0.464396, 0.380896, -0.157640), (0.000000, 0.000000, 0.000000, 1.000000)
((0.574834, -0.407825, 0.709398, 0.047006), (-0.174103, 0.786139, 0.593020, -0.093365), (-0.799534, -0.464396, 0.380896, -0.157640), (0.000000, 0.000000, 0.000000, 1.000000)
((0.574834, -0.407825, 0.709398, 0.047006), (-0.174103, 0.786139, 0.593020, -0.093365), (-0.799534, -0.464396, 0.380896, -0.157640), (0.000000, 0.000000, 0.000000, 1.000000)
((0.574834, -0.407825, 0.709398, 0.047006), (-0.174103, 0.786139, 0.593020, -0.093365), (-0.799534, -0.464396, 0.380896, -0.157640), (0.000000, 0.000000, 0.000000, 1.000000)
((0.574834, -0.407825, 0.709398, 0.047006), (-0.174103, 0.786139, 0.593020, -0.093365), (-0.799534, -0.464396, 0.380896, -0.157640), (0.000000, 0.000000, 0.000000, 1.000000)
((0.585772, -0.418546, 0.694039, 0.059471), (-0.175283, 0.770645, 0.612684, -0.108626), (-0.791294, -0.480547, 0.378059, -0.153752), (0.000000, 0.000000, 0.000000, 1.000000)
((0.586834, -0.418054, 0.693438, 0.061002), (-0.174865, 0.770764, 0.612654, -0.110482), (-0.790600, -0.480784, 0.379208, -0.153035), (0.000000, 0.000000, 0.000000, 1.000000)
((0.588216, -0.419809, 0.691204, 0.061720), (-0.173901, 0.769049, 0.615079, -0.111377), (-0.789785, -0.482000, 0.379362, -0.152686), (0.000000, 0.000000, 0.000000, 1.000000)
((0.588216, -0.419809, 0.691204, 0.061720), (-0.173901, 0.769049, 0.615079, -0.111377), (-0.789785, -0.482000, 0.379362, -0.152686), (0.000000, 0.000000, 0.000000, 1.000000)
((0.588216, -0.419809, 0.691204, 0.061720), (-0.173901, 0.769049, 0.615079, -0.111377), (-0.789785, -0.482000, 0.379362, -0.152686), (0.000000, 0.000000, 0.000000, 1.000000)
((0.589470, -0.424199, 0.687445, 0.065689), (-0.174961, 0.763771, 0.621323, -0.115620), (-0.788615, -0.486527, 0.376002, -0.149842), (0.000000, 0.000000, 0.000000, 1.000000)
((0.589119, -0.423844, 0.687964, 0.066466), (-0.177768, 0.762552, 0.622023, -0.116378), (-0.788249, -0.488744, 0.373889, -0.148946), (0.000000, 0.000000, 0.000000, 1.000000)
((0.589534, -0.423621, 0.687746, 0.066883), (-0.178032, 0.762357, 0.622186, -0.116643), (-0.787880, -0.489241, 0.374018, -0.148567), (0.000000, 0.000000, 0.000000, 1.000000)
((0.590946, -0.422881, 0.686990, 0.068095), (-0.178567, 0.761900, 0.622594, -0.117687), (-0.786700, -0.490593, 0.374729, -0.147411), (0.000000, 0.000000, 0.000000, 1.000000)
((0.590946, -0.422881, 0.686990, 0.068095), (-0.178567, 0.761900, 0.622594, -0.117687), (-0.786700, -0.490593, 0.374729, -0.147411), (0.000000, 0.000000, 0.000000, 1.000000)
((0.590946, -0.422881, 0.686990, 0.068095), (-0.178567, 0.761900, 0.622594, -0.117687), (-0.786700, -0.490593, 0.374729, -0.147411), (0.000000, 0.000000, 0.000000, 1.000000)
((0.591571, -0.425065, 0.685101, 0.069166), (-0.180936, 0.758070, 0.626572, -0.119762), (-0.785688, -0.494621, 0.371543, -0.144455), (0.000000, 0.000000, 0.000000, 1.000000)
((0.591521, -0.424542, 0.685469, 0.069614), (-0.183582, 0.756907, 0.627207, -0.120575), (-0.785112, -0.496846, 0.369789, -0.143577), (0.000000, 0.000000, 0.000000, 1.000000)
((0.592324, -0.424128, 0.685031, 0.069713), (-0.183551, 0.756840, 0.627298, -0.121030), (-0.784513, -0.497302, 0.370445, -0.143080), (0.000000, 0.000000, 0.000000, 1.000000)
((0.591550, -0.425159, 0.685061, 0.070306), (-0.183489, 0.756384, 0.627866, -0.122483), (-0.785112, -0.497115, 0.369427, -0.141809), (0.000000, 0.000000, 0.000000, 1.000000)
((0.591550, -0.425159, 0.685061, 0.070306), (-0.183489, 0.756384, 0.627866, -0.122483), (-0.785112, -0.497115, 0.369427, -0.141809), (0.000000, 0.000000, 0.000000, 1.000000)
((0.591550, -0.425159, 0.685061, 0.070306), (-0.183489, 0.756384, 0.627866, -0.122483), (-0.785112, -0.497115, 0.369427, -0.141809), (0.000000, 0.000000, 0.000000, 1.000000)
((0.589913, -0.429636, 0.683678, 0.071146), (-0.182795, 0.753657, 0.631337, -0.124620), (-0.786504, -0.497407, 0.366057, -0.139691), (0.000000, 0.000000, 0.000000, 1.000000)
((0.590326, -0.429405, 0.683466, 0.071102), (-0.183061, 0.753461, 0.631495, -0.124574), (-0.786132, -0.497904, 0.366181, -0.139467), (0.000000, 0.000000, 0.000000, 1.000000)
((0.589570, -0.427372, 0.685391, 0.071051), (-0.184023, 0.755165, 0.629175, -0.124390), (-0.786475, -0.497070, 0.366576, -0.139367), (0.000000, 0.000000, 0.000000, 1.000000)
((0.589570, -0.427372, 0.685391, 0.071051), (-0.184023, 0.755165, 0.629175, -0.124390), (-0.786475, -0.497070, 0.366576, -0.139367), (0.000000, 0.000000, 0.000000, 1.000000)
((0.588217, -0.429172, 0.685429, 0.070840), (-0.182556, 0.755221, 0.629536, -0.123516), (-0.787829, -0.495432, 0.365886, -0.139095), (0.000000, 0.000000, 0.000000, 1.000000)
((0.586835, -0.431013, 0.685458, 0.070284), (-0.180527, 0.755597, 0.629669, -0.122839), (-0.789325, -0.493256, 0.365602, -0.139041), (0.000000, 0.000000, 0.000000, 1.000000)
((0.582131, -0.432680, 0.688413, 0.069347), (-0.179716, 0.757249, 0.627914, -0.121730), (-0.792986, -0.489247, 0.363059, -0.138685), (0.000000, 0.000000, 0.000000, 1.000000)
((0.579639, -0.430195, 0.692063, 0.067912), (-0.179593, 0.760963, 0.623443, -0.120265), (-0.794836, -0.485662, 0.363824, -0.138257), (0.000000, 0.000000, 0.000000, 1.000000)
((0.577945, -0.429716, 0.693775, 0.066359), (-0.178739, 0.762840, 0.621391, -0.118710), (-0.796261, -0.483135, 0.364073, -0.137730), (0.000000, 0.000000, 0.000000, 1.000000)
</SampleFrames>
<SampleWeights Num="60">1
1
1
1
1
1
1
1
1
1
1
1
1
1
1
1
1
1
1
1
1
1
1
1
1
1
1
1
1
1
1
1
1
1
1
1
1
1
1
1
1
1
1
1
1
1
1
1
1
1
1
1
1
1
1
1
1
1
1
1
</SampleWeights>
</PointSplatMark>
