<PointSplatMark HeadPosAtStart="(0.718897, -0.0597539, 2.09825)" BrushTip="0" BrushInterface="DirectDraw" SuperSamplesPerWidth="20" Draw="0" Width="0.01" Pose="1" LayerIndex="0" Name="fwing" RoomToVirtualScaleAtStart="1" RoomToVirtualFrameAtStart="((0.873148, -0.171836, 0.456163, -0.060115), (0.249515, 0.961468, -0.115416, 0.077722), (-0.418754, 0.214595, 0.882380, -0.181249), (0.000000, 0.000000, 0.000000, 1.000000)" ColorSwatch="0.00863503"><SamplePoints Num="63">(-0.0646269, 0.232745, 0.0387279)
(-0.0643155, 0.232684, 0.0370226)
(-0.0634896, 0.232794, 0.0347609)
(-0.0628984, 0.232732, 0.0323123)
(-0.0623995, 0.232713, 0.0292085)
(-0.0616851, 0.232849, 0.0258007)
(-0.0604461, 0.233228, 0.0219553)
(-0.0590205, 0.233081, 0.0177912)
(-0.0577352, 0.232538, 0.0140099)
(-0.0561498, 0.232326, 0.00981046)
(-0.0551537, 0.232257, 0.00754486)
(-0.0530249, 0.232405, 0.00265983)
(-0.0530249, 0.232405, 0.00265983)
(-0.0437089, 0.233252, -0.0180991)
(-0.0409682, 0.233357, -0.0234189)
(-0.0334667, 0.233219, -0.0378558)
(-0.031117, 0.233474, -0.0420101)
(-0.0282502, 0.233664, -0.0466676)
(-0.02669, 0.233867, -0.048848)
(-0.0216725, 0.234626, -0.054937)
(-0.0185973, 0.234624, -0.0591262)
(-0.0153153, 0.234781, -0.0631512)
(-0.0136564, 0.234799, -0.0651477)
(-0.00930844, 0.234748, -0.0712241)
(-0.0067435, 0.234574, -0.0755594)
(-0.00373518, 0.234889, -0.0794743)
(0.000153955, 0.234974, -0.0839849)
(0.00307994, 0.23501, -0.0870744)
(0.00669764, 0.235372, -0.0908063)
(0.0105888, 0.235756, -0.0950376)
(0.0152183, 0.235984, -0.100053)
(0.0152183, 0.235984, -0.100053)
(0.0199198, 0.235498, -0.10494)
(0.0270862, 0.235053, -0.111854)
(0.0314238, 0.235208, -0.115624)
(0.0354763, 0.234926, -0.119419)
(0.0390565, 0.233936, -0.123359)
(0.04215, 0.232479, -0.127029)
(0.0456112, 0.230684, -0.130893)
(0.0496329, 0.228583, -0.135251)
(0.0537473, 0.226707, -0.139638)
(0.0581478, 0.224794, -0.14419)
(0.0619346, 0.222724, -0.148217)
(0.064672, 0.220495, -0.151483)
(0.0670706, 0.217841, -0.154555)
(0.0698408, 0.215723, -0.157407)
(0.0725538, 0.214372, -0.159389)
(0.0752586, 0.213021, -0.161383)
(0.0765157, 0.212328, -0.162237)
(0.0822399, 0.210989, -0.16572)
(0.0866306, 0.210944, -0.168468)
(0.0919837, 0.210066, -0.17227)
(0.0946427, 0.20889, -0.17426)
(0.097511, 0.208512, -0.175881)
(0.101093, 0.208808, -0.177361)
(0.103834, 0.20904, -0.178886)
(0.105884, 0.209007, -0.180067)
(0.107051, 0.208616, -0.180919)
(0.108288, 0.208276, -0.181656)
(0.109856, 0.207952, -0.182233)
(0.111424, 0.207627, -0.182814)
(0.113215, 0.206858, -0.183857)
(0.11434, 0.206829, -0.184332)
</SamplePoints>
<SampleFrames Num="63">((-0.533844, 0.251430, 0.807337, -0.064627), (-0.697713, 0.408418, -0.588550, 0.232745), (-0.477711, -0.877483, -0.042606, 0.038728), (0.000000, 0.000000, 0.000000, 1.000000)
((-0.533242, 0.253282, 0.807156, -0.064316), (-0.698630, 0.406188, -0.589005, 0.232684), (-0.477042, -0.877986, -0.039646, 0.037023), (0.000000, 0.000000, 0.000000, 1.000000)
((-0.535264, 0.252495, 0.806064, -0.063490), (-0.699104, 0.403156, -0.590524, 0.232794), (-0.474074, -0.879609, -0.039274, 0.034761), (0.000000, 0.000000, 0.000000, 1.000000)
((-0.535209, 0.253801, 0.805690, -0.062898), (-0.699544, 0.401456, -0.591161, 0.232732), (-0.473487, -0.880010, -0.037318, 0.032312), (0.000000, 0.000000, 0.000000, 1.000000)
((-0.532547, 0.254662, 0.807181, -0.062400), (-0.700044, 0.403509, -0.589167, 0.232713), (-0.475744, -0.878822, -0.036613, 0.029209), (0.000000, 0.000000, 0.000000, 1.000000)
((-0.533254, 0.255250, 0.806528, -0.061685), (-0.699782, 0.402609, -0.590094, 0.232849), (-0.475337, -0.879064, -0.036074, 0.025801), (0.000000, 0.000000, 0.000000, 1.000000)
((-0.533187, 0.259768, 0.805129, -0.060446), (-0.698674, 0.401430, -0.592207, 0.233228), (-0.477039, -0.878280, -0.032544, 0.021955), (0.000000, 0.000000, 0.000000, 1.000000)
((-0.532044, 0.260253, 0.805728, -0.059021), (-0.700575, 0.399116, -0.591525, 0.233081), (-0.475525, -0.879190, -0.030021, 0.017791), (0.000000, 0.000000, 0.000000, 1.000000)
((-0.533142, 0.263106, 0.804074, -0.057735), (-0.700302, 0.396023, -0.593921, 0.232538), (-0.474696, -0.879739, -0.026883, 0.014010), (0.000000, 0.000000, 0.000000, 1.000000)
((-0.531568, 0.265155, 0.804443, -0.056150), (-0.700573, 0.396158, -0.593511, 0.232326), (-0.476059, -0.879063, -0.024825, 0.009810), (0.000000, 0.000000, 0.000000, 1.000000)
((-0.531785, 0.266259, 0.803935, -0.055154), (-0.701080, 0.394111, -0.594276, 0.232257), (-0.475071, -0.879649, -0.022914, 0.007545), (0.000000, 0.000000, 0.000000, 1.000000)
((-0.529916, 0.271782, 0.803320, -0.053025), (-0.700269, 0.394067, -0.595260, 0.232405), (-0.478343, -0.877978, -0.018502, 0.002660), (0.000000, 0.000000, 0.000000, 1.000000)
((-0.529916, 0.271782, 0.803320, -0.053025), (-0.700269, 0.394067, -0.595260, 0.232405), (-0.478343, -0.877978, -0.018502, 0.002660), (0.000000, 0.000000, 0.000000, 1.000000)
((-0.527568, 0.282312, 0.801232, -0.043709), (-0.703070, 0.384296, -0.598339, 0.233252), (-0.476828, -0.878986, -0.004257, -0.018099), (0.000000, 0.000000, 0.000000, 1.000000)
((-0.527611, 0.285560, 0.800051, -0.040968), (-0.703005, 0.381924, -0.599931, 0.233357), (-0.476875, -0.878971, -0.000757, -0.023419), (0.000000, 0.000000, 0.000000, 1.000000)
((-0.523084, 0.294628, 0.799736, -0.033467), (-0.704602, 0.378426, -0.600275, 0.233219), (-0.479499, -0.877489, 0.009647, -0.037856), (0.000000, 0.000000, 0.000000, 1.000000)
((-0.524804, 0.296658, 0.797857, -0.031117), (-0.704978, 0.373830, -0.602708, 0.233474), (-0.477060, -0.878775, 0.012950, -0.042010), (0.000000, 0.000000, 0.000000, 1.000000)
((-0.522811, 0.299692, 0.798031, -0.028250), (-0.704850, 0.374537, -0.602419, 0.233664), (-0.479432, -0.877443, 0.015426, -0.046668), (0.000000, 0.000000, 0.000000, 1.000000)
((-0.523871, 0.300306, 0.797104, -0.026690), (-0.705106, 0.372133, -0.603608, 0.233867), (-0.477895, -0.878256, 0.016798, -0.048848), (0.000000, 0.000000, 0.000000, 1.000000)
((-0.525976, 0.303660, 0.794443, -0.021672), (-0.705124, 0.366597, -0.606965, 0.234626), (-0.475552, -0.879430, 0.021296, -0.054937), (0.000000, 0.000000, 0.000000, 1.000000)
((-0.526438, 0.307193, 0.792777, -0.018597), (-0.705181, 0.363131, -0.608979, 0.234624), (-0.474956, -0.879641, 0.025461, -0.059126), (0.000000, 0.000000, 0.000000, 1.000000)
((-0.524557, 0.310223, 0.792844, -0.015315), (-0.705282, 0.363284, -0.608771, 0.234781), (-0.476882, -0.878514, 0.028232, -0.063151), (0.000000, 0.000000, 0.000000, 1.000000)
((-0.524697, 0.312505, 0.791855, -0.013656), (-0.704459, 0.362846, -0.609984, 0.234799), (-0.477944, -0.877886, 0.029762, -0.065148), (0.000000, 0.000000, 0.000000, 1.000000)
((-0.525157, 0.315034, 0.790547, -0.009308), (-0.705440, 0.358434, -0.611457, 0.234748), (-0.475988, -0.878794, 0.034003, -0.071224), (0.000000, 0.000000, 0.000000, 1.000000)
((-0.525606, 0.315474, 0.790073, -0.006744), (-0.706989, 0.354578, -0.611916, 0.234574), (-0.473186, -0.880199, 0.036669, -0.075559), (0.000000, 0.000000, 0.000000, 1.000000)
((-0.526581, 0.318904, 0.788044, -0.003735), (-0.706797, 0.350861, -0.614276, 0.234889), (-0.472389, -0.880453, 0.040644, -0.079474), (0.000000, 0.000000, 0.000000, 1.000000)
((-0.526151, 0.323711, 0.786369, 0.000154), (-0.706438, 0.348397, -0.616088, 0.234974), (-0.473403, -0.879677, 0.045372, -0.083985), (0.000000, 0.000000, 0.000000, 1.000000)
((-0.527713, 0.323171, 0.785544, 0.003080), (-0.707146, 0.345215, -0.617067, 0.235010), (-0.470600, -0.881128, 0.046355, -0.087074), (0.000000, 0.000000, 0.000000, 1.000000)
((-0.525156, 0.327895, 0.785300, 0.006698), (-0.706172, 0.347055, -0.617150, 0.235372), (-0.474903, -0.878657, 0.049292, -0.090806), (0.000000, 0.000000, 0.000000, 1.000000)
((-0.526739, 0.330334, 0.783215, 0.010589), (-0.706046, 0.343051, -0.619528, 0.235756), (-0.473334, -0.879315, 0.052533, -0.095038), (0.000000, 0.000000, 0.000000, 1.000000)
((-0.525343, 0.336381, 0.781577, 0.015218), (-0.705200, 0.341869, -0.621142, 0.235984), (-0.476138, -0.877481, 0.057618, -0.100053), (0.000000, 0.000000, 0.000000, 1.000000)
((-0.525343, 0.336381, 0.781577, 0.015218), (-0.705200, 0.341869, -0.621142, 0.235984), (-0.476138, -0.877481, 0.057618, -0.100053), (0.000000, 0.000000, 0.000000, 1.000000)
((-0.524474, 0.338517, 0.781238, 0.019920), (-0.705337, 0.341192, -0.621360, 0.235498), (-0.476893, -0.876923, 0.059822, -0.104940), (0.000000, 0.000000, 0.000000, 1.000000)
((-0.526475, 0.342833, 0.778003, 0.027086), (-0.705127, 0.335180, -0.624860, 0.235053), (-0.474994, -0.877565, 0.065277, -0.111854), (0.000000, 0.000000, 0.000000, 1.000000)
((-0.528807, 0.344818, 0.775541, 0.031424), (-0.704321, 0.331592, -0.627677, 0.235208), (-0.473597, -0.878150, 0.067515, -0.115624), (0.000000, 0.000000, 0.000000, 1.000000)
((-0.526391, 0.349544, 0.775069, 0.035476), (-0.703704, 0.332514, -0.627882, 0.234926), (-0.477194, -0.875930, 0.070943, -0.119419), (0.000000, 0.000000, 0.000000, 1.000000)
((-0.525149, 0.353267, 0.774223, 0.039057), (-0.703615, 0.331503, -0.628515, 0.233936), (-0.478691, -0.874819, 0.074476, -0.123359), (0.000000, 0.000000, 0.000000, 1.000000)
((-0.524100, 0.357630, 0.772930, 0.042150), (-0.702869, 0.330867, -0.629684, 0.232479), (-0.480931, -0.873286, 0.077959, -0.127029), (0.000000, 0.000000, 0.000000, 1.000000)
((-0.523072, 0.357940, 0.773482, 0.045611), (-0.703980, 0.330116, -0.628837, 0.230684), (-0.480425, -0.873443, 0.079308, -0.130893), (0.000000, 0.000000, 0.000000, 1.000000)
((-0.522825, 0.361180, 0.772141, 0.049633), (-0.703034, 0.329556, -0.630187, 0.228583), (-0.482075, -0.872320, 0.081622, -0.135251), (0.000000, 0.000000, 0.000000, 1.000000)
((-0.521999, 0.365092, 0.770860, 0.053747), (-0.702824, 0.327959, -0.631254, 0.226707), (-0.483276, -0.871292, 0.085402, -0.139638), (0.000000, 0.000000, 0.000000, 1.000000)
((-0.521433, 0.368700, 0.769525, 0.058148), (-0.702560, 0.326311, -0.632401, 0.224794), (-0.484271, -0.870391, 0.088885, -0.144190), (0.000000, 0.000000, 0.000000, 1.000000)
((-0.521898, 0.371510, 0.767856, 0.061935), (-0.703011, 0.322494, -0.633855, 0.222724), (-0.483113, -0.870619, 0.092867, -0.148217), (0.000000, 0.000000, 0.000000, 1.000000)
((-0.519316, 0.375149, 0.767837, 0.064672), (-0.703242, 0.322902, -0.633391, 0.220495), (-0.485553, -0.868906, 0.096133, -0.151483), (0.000000, 0.000000, 0.000000, 1.000000)
((-0.518452, 0.377012, 0.767509, 0.067071), (-0.703539, 0.322110, -0.633466, 0.217841), (-0.486046, -0.868394, 0.098244, -0.154555), (0.000000, 0.000000, 0.000000, 1.000000)
((-0.516136, 0.380256, 0.767469, 0.069841), (-0.703416, 0.323052, -0.633121, 0.215723), (-0.488681, -0.866627, 0.100739, -0.157407), (0.000000, 0.000000, 0.000000, 1.000000)
((-0.515200, 0.380930, 0.767764, 0.072554), (-0.703936, 0.322944, -0.632599, 0.214372), (-0.488921, -0.866371, 0.101769, -0.159389), (0.000000, 0.000000, 0.000000, 1.000000)
((-0.516117, 0.383050, 0.766092, 0.075259), (-0.702976, 0.321552, -0.634373, 0.213021), (-0.489335, -0.865955, 0.103316, -0.161383), (0.000000, 0.000000, 0.000000, 1.000000)
((-0.514813, 0.384705, 0.766140, 0.076516), (-0.702917, 0.322193, -0.634114, 0.212328), (-0.490791, -0.864982, 0.104546, -0.162237), (0.000000, 0.000000, 0.000000, 1.000000)
((-0.512248, 0.389948, 0.765207, 0.082240), (-0.700760, 0.325335, -0.634896, 0.210989), (-0.496524, -0.861451, 0.106608, -0.165720), (0.000000, 0.000000, 0.000000, 1.000000)
((-0.512515, 0.395127, 0.762367, 0.086631), (-0.697869, 0.325627, -0.637924, 0.210944), (-0.500308, -0.858977, 0.108858, -0.168468), (0.000000, 0.000000, 0.000000, 1.000000)
((-0.511674, 0.398465, 0.761194, 0.091984), (-0.698667, 0.322669, -0.638552, 0.210066), (-0.500054, -0.858552, 0.113293, -0.172270), (0.000000, 0.000000, 0.000000, 1.000000)
((-0.510966, 0.399002, 0.761388, 0.094643), (-0.699075, 0.322537, -0.638172, 0.208890), (-0.500208, -0.858352, 0.114126, -0.174260), (0.000000, 0.000000, 0.000000, 1.000000)
((-0.510766, 0.401860, 0.760017, 0.097511), (-0.697079, 0.323835, -0.639697, 0.208512), (-0.503188, -0.856528, 0.114724, -0.175881), (0.000000, 0.000000, 0.000000, 1.000000)
((-0.509019, 0.405862, 0.759063, 0.101093), (-0.694729, 0.326926, -0.640681, 0.208808), (-0.508185, -0.853461, 0.115552, -0.177361), (0.000000, 0.000000, 0.000000, 1.000000)
((-0.508079, 0.409242, 0.757877, 0.103834), (-0.693743, 0.327048, -0.641685, 0.209040), (-0.510467, -0.851798, 0.117742, -0.178886), (0.000000, 0.000000, 0.000000, 1.000000)
((-0.508798, 0.411121, 0.756375, 0.105884), (-0.692724, 0.326135, -0.643249, 0.209007), (-0.511134, -0.851243, 0.118857, -0.180067), (0.000000, 0.000000, 0.000000, 1.000000)
((-0.507354, 0.412769, 0.756448, 0.107051), (-0.692825, 0.326608, -0.642900, 0.208616), (-0.512431, -0.850264, 0.120271, -0.180919), (0.000000, 0.000000, 0.000000, 1.000000)
((-0.506171, 0.413908, 0.756619, 0.108288), (-0.692465, 0.327900, -0.642630, 0.208276), (-0.514085, -0.849213, 0.120643, -0.181656), (0.000000, 0.000000, 0.000000, 1.000000)
((-0.504881, 0.414738, 0.757026, 0.109856), (-0.692465, 0.329001, -0.642067, 0.207952), (-0.515352, -0.848381, 0.121085, -0.182233), (0.000000, 0.000000, 0.000000, 1.000000)
((-0.503877, 0.418994, 0.755349, 0.111424), (-0.690350, 0.330244, -0.643705, 0.207627), (-0.519158, -0.845803, 0.122849, -0.182814), (0.000000, 0.000000, 0.000000, 1.000000)
((-0.502629, 0.420152, 0.755537, 0.113215), (-0.690533, 0.330690, -0.643280, 0.206858), (-0.520124, -0.845054, 0.123914, -0.183857), (0.000000, 0.000000, 0.000000, 1.000000)
((-0.503178, 0.422614, 0.753797, 0.114340), (-0.688767, 0.330690, -0.645169, 0.206829), (-0.521931, -0.843826, 0.124686, -0.184332), (0.000000, 0.000000, 0.000000, 1.000000)
</SampleFrames>
<SampleWeights Num="63">1
1
1
1
1
1
1
1
1
1
1
1
1
1
1
1
1
1
1
1
1
1
1
1
1
1
1
1
1
1
1
1
1
1
1
1
1
1
1
1
1
1
1
1
1
1
1
1
1
1
1
1
1
1
1
1
1
1
1
1
1
1
1
</SampleWeights>
</PointSplatMark>
