<PointSplatMark HeadPosAtStart="(-0.0461998, 0.314663, 2.28991)" BrushTip="0" BrushInterface="ForceTapeDraw" SuperSamplesPerWidth="20" Draw="0" Width="0.022" Pose="1" LayerIndex="0" Name="leg" RoomToVirtualScaleAtStart="1.03571" RoomToVirtualFrameAtStart="((0.972806, 0.210317, 0.097033, -0.047879), (-0.213927, 0.976439, 0.028317, 0.010600), (-0.088791, -0.048305, 0.994878, -0.014640), (0.000000, 0.000000, 0.000000, 1.000000)" ColorSwatch="0.170979"><SamplePoints Num="83">(-0.15171, -0.0739923, 0.145177)
(-0.151893, -0.0739397, 0.145166)
(-0.153271, -0.0735557, 0.145053)
(-0.15429, -0.0732748, 0.144955)
(-0.154988, -0.0730887, 0.144877)
(-0.155859, -0.0728695, 0.144752)
(-0.156223, -0.072778, 0.144699)
(-0.156764, -0.0726546, 0.144598)
(-0.15837, -0.0722882, 0.144296)
(-0.159436, -0.0720693, 0.144052)
(-0.160279, -0.0718963, 0.143859)
(-0.16142, -0.071692, 0.143542)
(-0.162544, -0.0714908, 0.14323)
(-0.163843, -0.0712916, 0.142806)
(-0.165168, -0.0710883, 0.142374)
(-0.16639, -0.0709308, 0.141919)
(-0.167511, -0.0707863, 0.141501)
(-0.16869, -0.070648, 0.141039)
(-0.170272, -0.0704625, 0.14042)
(-0.171662, -0.0703148, 0.139849)
(-0.174135, -0.0700666, 0.1388)
(-0.175748, -0.0699046, 0.138116)
(-0.177708, -0.0697125, 0.137264)
(-0.179821, -0.0695053, 0.136346)
(-0.181526, -0.0693347, 0.1356)
(-0.183076, -0.0691796, 0.134923)
(-0.184471, -0.0690406, 0.134307)
(-0.187478, -0.0687326, 0.132982)
(-0.190919, -0.0683733, 0.131461)
(-0.195047, -0.067945, 0.129622)
(-0.197039, -0.0677389, 0.128732)
(-0.198997, -0.0675474, 0.127829)
(-0.20203, -0.0672729, 0.126385)
(-0.203845, -0.0671086, 0.12552)
(-0.205589, -0.0669675, 0.124664)
(-0.207302, -0.0668288, 0.123823)
(-0.20865, -0.0667433, 0.123125)
(-0.209799, -0.0666704, 0.12253)
(-0.210955, -0.0666127, 0.121903)
(-0.211959, -0.0665625, 0.121358)
(-0.21311, -0.0665199, 0.120707)
(-0.216775, -0.0664141, 0.118573)
(-0.217668, -0.0663946, 0.11804)
(-0.219314, -0.066372, 0.11703)
(-0.221204, -0.0663598, 0.115836)
(-0.227586, -0.0663252, 0.111741)
(-0.231233, -0.0663051, 0.109376)
(-0.235605, -0.0662972, 0.106505)
(-0.238904, -0.0662965, 0.10432)
(-0.24913, -0.0662941, 0.0974685)
(-0.253074, -0.0663041, 0.0947922)
(-0.25591, -0.0663218, 0.092827)
(-0.257555, -0.0663321, 0.0916869)
(-0.262665, -0.0663828, 0.0880503)
(-0.265735, -0.0664391, 0.0857942)
(-0.269374, -0.0665304, 0.0830261)
(-0.271948, -0.06661, 0.0809776)
(-0.275277, -0.0667281, 0.0782632)
(-0.277666, -0.0668349, 0.0762151)
(-0.279812, -0.0669695, 0.0742121)
(-0.283558, -0.06738, 0.0702421)
(-0.285875, -0.0676994, 0.0676708)
(-0.287715, -0.0680269, 0.0654744)
(-0.288517, -0.0681696, 0.0645177)
(-0.28959, -0.0684038, 0.0631495)
(-0.290608, -0.068626, 0.0618517)
(-0.292966, -0.0692065, 0.0587108)
(-0.29385, -0.0694307, 0.0575034)
(-0.294825, -0.0696777, 0.0561736)
(-0.298106, -0.0704946, 0.0514349)
(-0.301357, -0.0713083, 0.046541)
(-0.302445, -0.0715809, 0.0449017)
(-0.306003, -0.0724937, 0.0392222)
(-0.308652, -0.0731815, 0.0348121)
(-0.310193, -0.0735947, 0.0321701)
(-0.310995, -0.0738177, 0.0307192)
(-0.311929, -0.0740885, 0.0289227)
(-0.312211, -0.0741705, 0.0283784)
(-0.313726, -0.0746236, 0.0253058)
(-0.315636, -0.0752326, 0.0211271)
(-0.316143, -0.0753942, 0.0200181)
(-0.318606, -0.0762565, 0.0141219)
(-0.319132, -0.0764518, 0.0127563)
</SamplePoints>
<SampleFrames Num="83">((-0.536953, 0.543668, 0.645063, -0.151710), (-0.698805, 0.141721, -0.701132, -0.073992), (-0.472602, -0.827249, 0.303820, 0.145177), (0.000000, 0.000000, 0.000000, 1.000000)
((0.536886, 0.283670, 0.794534, -0.151893), (-0.698924, 0.677010, 0.230569, -0.073940), (-0.472502, -0.679108, 0.561742, 0.145166), (0.000000, 0.000000, 0.000000, 1.000000)
((0.534832, 0.285791, 0.795159, -0.153271), (-0.700314, 0.676476, 0.227903, -0.073556), (-0.472774, -0.678751, 0.561945, 0.145053), (0.000000, 0.000000, 0.000000, 1.000000)
((0.534316, 0.287049, 0.795053, -0.154290), (-0.700547, 0.676713, 0.226480, -0.073275), (-0.473012, -0.677984, 0.562670, 0.144955), (0.000000, 0.000000, 0.000000, 1.000000)
((0.532638, 0.288220, 0.795755, -0.154988), (-0.701939, 0.675733, 0.225094, -0.073089), (-0.472841, -0.678465, 0.562234, 0.144877), (0.000000, 0.000000, 0.000000, 1.000000)
((0.532190, 0.289311, 0.795659, -0.155859), (-0.702052, 0.676059, 0.223756, -0.072870), (-0.473177, -0.677675, 0.562904, 0.144752), (0.000000, 0.000000, 0.000000, 1.000000)
((0.531988, 0.289803, 0.795615, -0.156223), (-0.702001, 0.676352, 0.223031, -0.072778), (-0.473480, -0.677172, 0.563253, 0.144699), (0.000000, 0.000000, 0.000000, 1.000000)
((0.531696, 0.290515, 0.795551, -0.156764), (-0.701972, 0.676708, 0.222038, -0.072655), (-0.473850, -0.676511, 0.563736, 0.144598), (0.000000, 0.000000, 0.000000, 1.000000)
((0.531293, 0.289425, 0.796217, -0.158370), (-0.703621, 0.674201, 0.224435, -0.072288), (-0.471853, -0.679475, 0.561843, 0.144296), (0.000000, 0.000000, 0.000000, 1.000000)
((0.529424, 0.291014, 0.796882, -0.159436), (-0.705057, 0.673334, 0.222523, -0.072069), (-0.471810, -0.679656, 0.561660, 0.144052), (0.000000, 0.000000, 0.000000, 1.000000)
((0.528887, 0.292318, 0.796761, -0.160279), (-0.705192, 0.673717, 0.220929, -0.071896), (-0.472210, -0.678716, 0.562461, 0.143859), (0.000000, 0.000000, 0.000000, 1.000000)
((0.529963, 0.290577, 0.796683, -0.161420), (-0.705402, 0.672495, 0.223960, -0.071692), (-0.470688, -0.680672, 0.561371, 0.143542), (0.000000, 0.000000, 0.000000, 1.000000)
((0.529716, 0.289085, 0.797390, -0.162544), (-0.707012, 0.669835, 0.226835, -0.071491), (-0.468545, -0.683923, 0.559209, 0.143230), (0.000000, 0.000000, 0.000000, 1.000000)
((0.529111, 0.290548, 0.797260, -0.163843), (-0.706863, 0.670716, 0.224686, -0.071292), (-0.469453, -0.682438, 0.560261, 0.142806), (0.000000, 0.000000, 0.000000, 1.000000)
((0.527049, 0.292567, 0.797887, -0.165168), (-0.708348, 0.669963, 0.222243, -0.071088), (-0.469534, -0.682315, 0.560343, 0.142374), (0.000000, 0.000000, 0.000000, 1.000000)
((0.526288, 0.294407, 0.797713, -0.166390), (-0.708338, 0.670793, 0.219758, -0.070931), (-0.470402, -0.680706, 0.561570, 0.141919), (0.000000, 0.000000, 0.000000, 1.000000)
((0.524351, 0.296085, 0.798367, -0.167511), (-0.709586, 0.670216, 0.217483, -0.070786), (-0.470685, -0.680547, 0.561526, 0.141501), (0.000000, 0.000000, 0.000000, 1.000000)
((0.525394, 0.294440, 0.798289, -0.168690), (-0.709713, 0.669165, 0.220283, -0.070648), (-0.469327, -0.682292, 0.560544, 0.141039), (0.000000, 0.000000, 0.000000, 1.000000)
((0.524558, 0.296449, 0.798096, -0.170272), (-0.709421, 0.670471, 0.217232, -0.070463), (-0.470702, -0.680137, 0.562008, 0.140420), (0.000000, 0.000000, 0.000000, 1.000000)
((0.524133, 0.295345, 0.798784, -0.171662), (-0.711184, 0.667779, 0.219746, -0.070315), (-0.468510, -0.683259, 0.560050, 0.139849), (0.000000, 0.000000, 0.000000, 1.000000)
((0.521835, 0.298288, 0.799195, -0.174135), (-0.711375, 0.669209, 0.214720, -0.070067), (-0.470780, -0.680576, 0.561412, 0.138800), (0.000000, 0.000000, 0.000000, 1.000000)
((0.519274, 0.303548, 0.798882, -0.175748), (-0.710911, 0.672230, 0.206668, -0.069905), (-0.474299, -0.675252, 0.564868, 0.138116), (0.000000, 0.000000, 0.000000, 1.000000)
((0.518524, 0.303182, 0.799509, -0.177708), (-0.712561, 0.670057, 0.208041, -0.069712), (-0.472642, -0.677573, 0.563476, 0.137264), (0.000000, 0.000000, 0.000000, 1.000000)
((0.517646, 0.303103, 0.800107, -0.179821), (-0.714143, 0.668090, 0.208939, -0.069505), (-0.471214, -0.679547, 0.562293, 0.136346), (0.000000, 0.000000, 0.000000, 1.000000)
((0.516529, 0.305760, 0.799818, -0.181526), (-0.713923, 0.669509, 0.205113, -0.069335), (-0.472770, -0.676955, 0.564110, 0.135600), (0.000000, 0.000000, 0.000000, 1.000000)
((0.514839, 0.307141, 0.800378, -0.183076), (-0.713937, 0.670454, 0.201952, -0.069180), (-0.474589, -0.675393, 0.564456, 0.134923), (0.000000, 0.000000, 0.000000, 1.000000)
((0.514001, 0.309142, 0.800146, -0.184471), (-0.714046, 0.671099, 0.199408, -0.069041), (-0.475332, -0.673838, 0.565687, 0.134307), (0.000000, 0.000000, 0.000000, 1.000000)
((0.512605, 0.310247, 0.800614, -0.187478), (-0.715565, 0.669711, 0.198630, -0.068733), (-0.474556, -0.674710, 0.565299, 0.132982), (0.000000, 0.000000, 0.000000, 1.000000)
((0.510877, 0.312084, 0.801005, -0.190919), (-0.716671, 0.669198, 0.196360, -0.068373), (-0.474750, -0.674372, 0.565539, 0.131461), (0.000000, 0.000000, 0.000000, 1.000000)
((0.509646, 0.310977, 0.802218, -0.195047), (-0.719064, 0.665941, 0.198669, -0.067945), (-0.472449, -0.678097, 0.563007, 0.129622), (0.000000, 0.000000, 0.000000, 1.000000)
((0.508542, 0.313569, 0.801910, -0.197039), (-0.718944, 0.667137, 0.195059, -0.067739), (-0.473819, -0.675724, 0.564706, 0.128732), (0.000000, 0.000000, 0.000000, 1.000000)
((0.507581, 0.313569, 0.802518, -0.198997), (-0.720466, 0.665295, 0.195732, -0.067547), (-0.472536, -0.677537, 0.563607, 0.127829), (0.000000, 0.000000, 0.000000, 1.000000)
((0.506041, 0.314885, 0.802975, -0.202030), (-0.721741, 0.664322, 0.194334, -0.067273), (-0.472241, -0.677882, 0.563440, 0.126385), (0.000000, 0.000000, 0.000000, 1.000000)
((0.505024, 0.317259, 0.802681, -0.203845), (-0.721601, 0.665442, 0.190995, -0.067109), (-0.473543, -0.675673, 0.564999, 0.125520), (0.000000, 0.000000, 0.000000, 1.000000)
((0.504250, 0.316787, 0.803354, -0.205589), (-0.723182, 0.663330, 0.192356, -0.066967), (-0.471953, -0.677967, 0.563579, 0.124664), (0.000000, 0.000000, 0.000000, 1.000000)
((0.504900, 0.316137, 0.803202, -0.207302), (-0.723460, 0.662549, 0.193997, -0.066829), (-0.470831, -0.679033, 0.563233, 0.123823), (0.000000, 0.000000, 0.000000, 1.000000)
((0.500839, 0.321582, 0.803583, -0.208650), (-0.724388, 0.663881, 0.185805, -0.066743), (-0.473732, -0.675164, 0.565448, 0.123125), (0.000000, 0.000000, 0.000000, 1.000000)
((0.502426, 0.319132, 0.803569, -0.209799), (-0.723369, 0.664237, 0.188484, -0.066670), (-0.473609, -0.675976, 0.564580, 0.122530), (0.000000, 0.000000, 0.000000, 1.000000)
((0.501640, 0.320928, 0.803345, -0.210955), (-0.723073, 0.665338, 0.185719, -0.066613), (-0.474893, -0.674041, 0.565814, 0.121903), (0.000000, 0.000000, 0.000000, 1.000000)
((0.502797, 0.319102, 0.803349, -0.211959), (-0.723430, 0.664019, 0.189020, -0.066563), (-0.473122, -0.676205, 0.564714, 0.121358), (0.000000, 0.000000, 0.000000, 1.000000)
((0.500635, 0.320950, 0.803963, -0.213110), (-0.724623, 0.663468, 0.186366, -0.066520), (-0.473589, -0.675871, 0.564723, 0.120707), (0.000000, 0.000000, 0.000000, 1.000000)
((0.497983, 0.324377, 0.804234, -0.216775), (-0.727167, 0.661491, 0.183460, -0.066414), (-0.472484, -0.676172, 0.565287, 0.118573), (0.000000, 0.000000, 0.000000, 1.000000)
((0.499107, 0.322635, 0.804238, -0.217668), (-0.727436, 0.660334, 0.186539, -0.066395), (-0.470882, -0.678134, 0.564273, 0.118040), (0.000000, 0.000000, 0.000000, 1.000000)
((0.496564, 0.325328, 0.804727, -0.219314), (-0.728727, 0.659935, 0.182875, -0.066372), (-0.471573, -0.677236, 0.564775, 0.117030), (0.000000, 0.000000, 0.000000, 1.000000)
((0.499288, 0.321111, 0.804736, -0.221204), (-0.728083, 0.658982, 0.188778, -0.066360), (-0.469688, -0.680169, 0.562817, 0.115836), (0.000000, 0.000000, 0.000000, 1.000000)
((0.494660, 0.324108, 0.806390, -0.227586), (-0.730682, 0.657464, 0.183968, -0.066325), (-0.470547, -0.680217, 0.562042, 0.111741), (0.000000, 0.000000, 0.000000, 1.000000)
((0.492394, 0.326877, 0.806660, -0.231233), (-0.731989, 0.656943, 0.180605, -0.066305), (-0.470894, -0.679395, 0.562745, 0.109376), (0.000000, 0.000000, 0.000000, 1.000000)
((0.493583, 0.323736, 0.807200, -0.235605), (-0.732697, 0.654813, 0.185407, -0.066297), (-0.468542, -0.682946, 0.560404, 0.106505), (0.000000, 0.000000, 0.000000, 1.000000)
((0.491444, 0.326199, 0.807513, -0.238904), (-0.734178, 0.653926, 0.182657, -0.066296), (-0.468471, -0.682624, 0.560856, 0.104320), (0.000000, 0.000000, 0.000000, 1.000000)
((0.487373, 0.328999, 0.808843, -0.249130), (-0.736818, 0.652031, 0.178759, -0.066294), (-0.468579, -0.683093, 0.560195, 0.097468), (0.000000, 0.000000, 0.000000, 1.000000)
((0.486978, 0.328450, 0.809304, -0.253074), (-0.737116, 0.651602, 0.179093, -0.066304), (-0.468521, -0.683765, 0.559422, 0.094792), (0.000000, 0.000000, 0.000000, 1.000000)
((0.483349, 0.333230, 0.809525, -0.255910), (-0.738028, 0.652458, 0.172084, -0.066322), (-0.470838, -0.680629, 0.561298, 0.092827), (0.000000, 0.000000, 0.000000, 1.000000)
((0.486211, 0.328677, 0.809673, -0.257555), (-0.737330, 0.651587, 0.178265, -0.066332), (-0.468981, -0.683671, 0.559152, 0.091687), (0.000000, 0.000000, 0.000000, 1.000000)
((0.485966, 0.328174, 0.810024, -0.262665), (-0.739002, 0.649107, 0.180378, -0.066383), (-0.466597, -0.686267, 0.557965, 0.088050), (0.000000, 0.000000, 0.000000, 1.000000)
((0.483944, 0.330082, 0.810459, -0.265735), (-0.740225, 0.648388, 0.177931, -0.066439), (-0.466760, -0.686031, 0.558119, 0.085794), (0.000000, 0.000000, 0.000000, 1.000000)
((0.485059, 0.326904, 0.811081, -0.269374), (-0.741251, 0.645797, 0.183011, -0.066530), (-0.463967, -0.689985, 0.555567, 0.083026), (0.000000, 0.000000, 0.000000, 1.000000)
((0.483167, 0.328585, 0.811530, -0.271948), (-0.742823, 0.644467, 0.181318, -0.066610), (-0.463426, -0.690430, 0.555466, 0.080978), (0.000000, 0.000000, 0.000000, 1.000000)
((0.480324, 0.332004, 0.811827, -0.275277), (-0.745241, 0.642556, 0.178149, -0.066728), (-0.462498, -0.690576, 0.556058, 0.078263), (0.000000, 0.000000, 0.000000, 1.000000)
((0.476741, 0.334002, 0.813118, -0.277666), (-0.748110, 0.639867, 0.175790, -0.066835), (-0.461573, -0.692107, 0.554921, 0.076215), (0.000000, 0.000000, 0.000000, 1.000000)
((0.480066, 0.328996, 0.813202, -0.279812), (-0.749068, 0.636190, 0.184822, -0.066969), (-0.456546, -0.697870, 0.551854, 0.074212), (0.000000, 0.000000, 0.000000, 1.000000)
((0.472792, 0.335505, 0.814803, -0.283558), (-0.754429, 0.631909, 0.177564, -0.067380), (-0.455308, -0.698662, 0.551875, 0.070242), (0.000000, 0.000000, 0.000000, 1.000000)
((0.473650, 0.334851, 0.814574, -0.285875), (-0.755733, 0.629462, 0.180679, -0.067699), (-0.452243, -0.701179, 0.551203, 0.067671), (0.000000, 0.000000, 0.000000, 1.000000)
((0.473575, 0.333019, 0.815368, -0.287715), (-0.757284, 0.626661, 0.183893, -0.068027), (-0.449720, -0.704552, 0.548961, 0.065474), (0.000000, 0.000000, 0.000000, 1.000000)
((0.474444, 0.331931, 0.815307, -0.288517), (-0.757653, 0.625525, 0.186228, -0.068170), (-0.448180, -0.706074, 0.548265, 0.064518), (0.000000, 0.000000, 0.000000, 1.000000)
((0.473313, 0.331839, 0.816001, -0.289590), (-0.759403, 0.623146, 0.187072, -0.068404), (-0.446410, -0.708218, 0.546942, 0.063149), (0.000000, 0.000000, 0.000000, 1.000000)
((0.472226, 0.334037, 0.815734, -0.290608), (-0.758894, 0.624839, 0.183455, -0.068626), (-0.448422, -0.705688, 0.548564, 0.061852), (0.000000, 0.000000, 0.000000, 1.000000)
((0.471387, 0.336097, 0.815373, -0.292966), (-0.759235, 0.625059, 0.181283, -0.069206), (-0.448728, -0.704514, 0.549821, 0.058711), (0.000000, 0.000000, 0.000000, 1.000000)
((0.470382, 0.338174, 0.815094, -0.293850), (-0.758876, 0.626425, 0.178042, -0.069431), (-0.450386, -0.702303, 0.551291, 0.057503), (0.000000, 0.000000, 0.000000, 1.000000)
((0.469373, 0.340256, 0.814810, -0.294825), (-0.758516, 0.627774, 0.174793, -0.069678), (-0.452042, -0.700090, 0.552750, 0.056174), (0.000000, 0.000000, 0.000000, 1.000000)
((0.465595, 0.347868, 0.813762, -0.298106), (-0.758193, 0.631059, 0.164036, -0.070495), (-0.456469, -0.693363, 0.557569, 0.051435), (0.000000, 0.000000, 0.000000, 1.000000)
((0.467378, 0.343396, 0.814639, -0.301357), (-0.758896, 0.628506, 0.170461, -0.071308), (-0.453470, -0.697896, 0.554352, 0.046541), (0.000000, 0.000000, 0.000000, 1.000000)
((0.464113, 0.349467, 0.813924, -0.302445), (-0.759157, 0.630367, 0.162229, -0.071581), (-0.456377, -0.693189, 0.557861, 0.044902), (0.000000, 0.000000, 0.000000, 1.000000)
((0.461138, 0.355899, 0.812827, -0.306003), (-0.759889, 0.631389, 0.154649, -0.072494), (-0.458171, -0.688973, 0.561601, 0.039222), (0.000000, 0.000000, 0.000000, 1.000000)
((0.459547, 0.357067, 0.813216, -0.308652), (-0.761002, 0.630390, 0.153249, -0.073182), (-0.457923, -0.689284, 0.561422, 0.034812), (0.000000, 0.000000, 0.000000, 1.000000)
((0.455617, 0.361855, 0.813311, -0.310193), (-0.762919, 0.629485, 0.147319, -0.073595), (-0.458659, -0.687611, 0.562870, 0.032170), (0.000000, 0.000000, 0.000000, 1.000000)
((0.452515, 0.367521, 0.812501, -0.310995), (-0.763103, 0.631026, 0.139570, -0.073818), (-0.461415, -0.683180, 0.566005, 0.030719), (0.000000, 0.000000, 0.000000, 1.000000)
((0.452892, 0.367424, 0.812335, -0.311929), (-0.763185, 0.630792, 0.140179, -0.074088), (-0.460909, -0.683448, 0.566094, 0.028923), (0.000000, 0.000000, 0.000000, 1.000000)
((0.452528, 0.368175, 0.812198, -0.312211), (-0.763098, 0.631142, 0.139070, -0.074171), (-0.461410, -0.682720, 0.566563, 0.028378), (0.000000, 0.000000, 0.000000, 1.000000)
((0.446670, 0.375950, 0.811879, -0.313726), (-0.764142, 0.632299, 0.127613, -0.074624), (-0.465374, -0.677392, 0.569708, 0.025306), (0.000000, 0.000000, 0.000000, 1.000000)
((0.443326, 0.380069, 0.811794, -0.315636), (-0.766981, 0.629553, 0.124107, -0.075233), (-0.463898, -0.677651, 0.570603, 0.021127), (0.000000, 0.000000, 0.000000, 1.000000)
((0.444247, 0.378842, 0.811864, -0.316143), (-0.767115, 0.628960, 0.126268, -0.075394), (-0.462794, -0.678888, 0.570029, 0.020018), (0.000000, 0.000000, 0.000000, 1.000000)
((0.440006, 0.384481, 0.811523, -0.318606), (-0.768289, 0.629030, 0.118545, -0.076256), (-0.464894, -0.675645, 0.572169, 0.014122), (0.000000, 0.000000, 0.000000, 1.000000)
((0.440771, 0.383468, 0.811587, -0.319132), (-0.768202, 0.628845, 0.120084, -0.076452), (-0.464314, -0.676392, 0.571757, 0.012756), (0.000000, 0.000000, 0.000000, 1.000000)
</SampleFrames>
<SampleWeights Num="83">0.0208514
0.0228375
0.0191204
0.0127217
0.013335
0.0124947
0.0169516
0.0170362
0.0242598
0.022342
0.0182786
0.0258926
0.0355163
0.0380649
0.0289859
0.025388
0.0332868
0.0423293
0.0407549
0.0365873
0.0327209
0.0364125
0.030668
0.0206533
0.0187877
0.0333727
0.0482187
0.0415684
0.027656
0.0608681
0.0666989
0.0592535
0.0489489
0.0558802
0.0531033
0.0560397
0.0671196
0.0695079
0.0695279
0.0715851
0.0727299
0.0649907
0.0607451
0.0742132
0.0826262
0.0961765
0.110567
0.119426
0.132056
0.122133
0.132144
0.136131
0.134423
0.115345
0.113028
0.131502
0.14474
0.129956
0.13695
0.13287
0.165822
0.141829
0.143083
0.155378
0.168982
0.170219
0.138557
0.143761
0.159919
0.156259
0.172121
0.17345
0.148631
0.160326
0.162406
0.158627
0.172897
0.184191
0.180915
0.160712
0.159467
0.174043
0.167372
</SampleWeights>
</PointSplatMark>
