<PointSplatMark HeadPosAtStart="(-0.601389, 1.09013, -1.93492)" BrushTip="0" BrushInterface="ForceTapeDraw" SuperSamplesPerWidth="20" Draw="0" Width="0.022" Pose="1" LayerIndex="0" Name="leg" RoomToVirtualScaleAtStart="1.03571" RoomToVirtualFrameAtStart="((-0.831088, 0.485074, -0.272022, -0.142953), (0.342375, 0.831708, 0.437082, -0.002228), (0.438260, 0.270120, -0.857300, 0.097050), (0.000000, 0.000000, 0.000000, 1.000000)" ColorSwatch="0.170979"><SamplePoints Num="326">(-0.191534, -0.131916, -0.187434)
(-0.191534, -0.131916, -0.187434)
(-0.190541, -0.131097, -0.186964)
(-0.190357, -0.130945, -0.186877)
(-0.189972, -0.130626, -0.186697)
(-0.189765, -0.130456, -0.1866)
(-0.189455, -0.130199, -0.186456)
(-0.189211, -0.129997, -0.186342)
(-0.188835, -0.129688, -0.186169)
(-0.188414, -0.12934, -0.185975)
(-0.187992, -0.128995, -0.185781)
(-0.187249, -0.128394, -0.185442)
(-0.186262, -0.127598, -0.184991)
(-0.185607, -0.127075, -0.18469)
(-0.185118, -0.126684, -0.184465)
(-0.185114, -0.126681, -0.184464)
(-0.183697, -0.125577, -0.183813)
(-0.182932, -0.124992, -0.183459)
(-0.182152, -0.124396, -0.183099)
(-0.181243, -0.123717, -0.182676)
(-0.180471, -0.123141, -0.182318)
(-0.179721, -0.122588, -0.181963)
(-0.179114, -0.122139, -0.181676)
(-0.178498, -0.12169, -0.181384)
(-0.177913, -0.121263, -0.181106)
(-0.177039, -0.120633, -0.180692)
(-0.17641, -0.120179, -0.180393)
(-0.175805, -0.119744, -0.180102)
(-0.175239, -0.119338, -0.179829)
(-0.174524, -0.118832, -0.179486)
(-0.173924, -0.118407, -0.179198)
(-0.173428, -0.118064, -0.178961)
(-0.17204, -0.11712, -0.178296)
(-0.171376, -0.116668, -0.177977)
(-0.170789, -0.116278, -0.177695)
(-0.170452, -0.116054, -0.177532)
(-0.169923, -0.115712, -0.177278)
(-0.168823, -0.115011, -0.176752)
(-0.168276, -0.114666, -0.176491)
(-0.167991, -0.11449, -0.176353)
(-0.166763, -0.113741, -0.175762)
(-0.16555, -0.113017, -0.175183)
(-0.165057, -0.112725, -0.174949)
(-0.165036, -0.112713, -0.174939)
(-0.163939, -0.112071, -0.174427)
(-0.163896, -0.112046, -0.174407)
(-0.163088, -0.111575, -0.174037)
(-0.162358, -0.111151, -0.173705)
(-0.162028, -0.11096, -0.173557)
(-0.160531, -0.1101, -0.172886)
(-0.159972, -0.109781, -0.172635)
(-0.159436, -0.109478, -0.172396)
(-0.158726, -0.109078, -0.17208)
(-0.157943, -0.108646, -0.17173)
(-0.157164, -0.108216, -0.171383)
(-0.156469, -0.107843, -0.171074)
(-0.156049, -0.107617, -0.170887)
(-0.155573, -0.107371, -0.170675)
(-0.155196, -0.107177, -0.170508)
(-0.154774, -0.106964, -0.170319)
(-0.154379, -0.106766, -0.170144)
(-0.153798, -0.106482, -0.169885)
(-0.153294, -0.106235, -0.16966)
(-0.15262, -0.105917, -0.169358)
(-0.152416, -0.105821, -0.169267)
(-0.151727, -0.105509, -0.168958)
(-0.150006, -0.104751, -0.168183)
(-0.149534, -0.104549, -0.167969)
(-0.148798, -0.104254, -0.167634)
(-0.147655, -0.103796, -0.167113)
(-0.146833, -0.103484, -0.166738)
(-0.146046, -0.103185, -0.166379)
(-0.145502, -0.102992, -0.166129)
(-0.144082, -0.102497, -0.165475)
(-0.142888, -0.102102, -0.164922)
(-0.14202, -0.101838, -0.164517)
(-0.141447, -0.101664, -0.16425)
(-0.140675, -0.101452, -0.163886)
(-0.139974, -0.10126, -0.163556)
(-0.138934, -0.101009, -0.163063)
(-0.138242, -0.100843, -0.162734)
(-0.137106, -0.100608, -0.162185)
(-0.136203, -0.100422, -0.161748)
(-0.135171, -0.100243, -0.161239)
(-0.134373, -0.100105, -0.160845)
(-0.133268, -0.0999481, -0.160288)
(-0.132566, -0.0998541, -0.159931)
(-0.129293, -0.0995181, -0.158216)
(-0.128635, -0.0994614, -0.157866)
(-0.12845, -0.0994512, -0.157765)
(-0.126172, -0.0993317, -0.156519)
(-0.123767, -0.0992758, -0.155184)
(-0.121901, -0.0992929, -0.154129)
(-0.118489, -0.0993802, -0.152193)
(-0.117509, -0.0994204, -0.151635)
(-0.115926, -0.0995272, -0.150729)
(-0.113299, -0.0997043, -0.149226)
(-0.110072, -0.0999978, -0.147365)
(-0.109144, -0.100086, -0.14683)
(-0.1043, -0.100708, -0.144071)
(-0.102536, -0.100935, -0.143067)
(-0.0977139, -0.101614, -0.140335)
(-0.0961887, -0.101832, -0.13947)
(-0.0913834, -0.102533, -0.136702)
(-0.0906577, -0.102639, -0.136283)
(-0.0892214, -0.102847, -0.135456)
(-0.0856179, -0.103377, -0.133385)
(-0.0841616, -0.103595, -0.132549)
(-0.0829647, -0.103782, -0.13186)
(-0.0804873, -0.104185, -0.130435)
(-0.0784364, -0.104527, -0.129268)
(-0.0778219, -0.104631, -0.12892)
(-0.0761528, -0.104916, -0.127986)
(-0.0735113, -0.105376, -0.126526)
(-0.0716992, -0.105695, -0.125532)
(-0.0695273, -0.106095, -0.124358)
(-0.0674608, -0.106476, -0.123241)
(-0.0652654, -0.106893, -0.12206)
(-0.0633287, -0.10726, -0.121018)
(-0.0616992, -0.107579, -0.120154)
(-0.0585907, -0.108195, -0.118509)
(-0.0576483, -0.108384, -0.118012)
(-0.0558901, -0.108745, -0.117093)
(-0.0547855, -0.108971, -0.116516)
(-0.0536494, -0.10921, -0.115922)
(-0.0525091, -0.10945, -0.115326)
(-0.051209, -0.109731, -0.114648)
(-0.0501664, -0.109959, -0.114104)
(-0.0490447, -0.110212, -0.113517)
(-0.0471411, -0.110646, -0.112523)
(-0.0458093, -0.110958, -0.111828)
(-0.0437552, -0.111455, -0.110759)
(-0.0426215, -0.111732, -0.110174)
(-0.0414357, -0.112024, -0.109562)
(-0.0400156, -0.112379, -0.108839)
(-0.0390925, -0.11261, -0.10837)
(-0.0373771, -0.11304, -0.107509)
(-0.036043, -0.113375, -0.106843)
(-0.035059, -0.113623, -0.106359)
(-0.0339932, -0.113891, -0.105835)
(-0.0330208, -0.114137, -0.105361)
(-0.031958, -0.114408, -0.104843)
(-0.0308118, -0.114704, -0.104286)
(-0.029702, -0.114992, -0.103748)
(-0.0287846, -0.115231, -0.103305)
(-0.028071, -0.115418, -0.10296)
(-0.0271586, -0.11566, -0.102521)
(-0.0263674, -0.115872, -0.102142)
(-0.0254538, -0.116117, -0.101706)
(-0.0248348, -0.116284, -0.101411)
(-0.0212405, -0.117274, -0.0997418)
(-0.020263, -0.117548, -0.0993101)
(-0.0166837, -0.118561, -0.0977675)
(-0.0144368, -0.119203, -0.09684)
(-0.013827, -0.119378, -0.0966021)
(-0.0130167, -0.11961, -0.0962859)
(-0.0113761, -0.120084, -0.0956538)
(-0.0102046, -0.120424, -0.0952064)
(-0.00943608, -0.120649, -0.0949207)
(-0.00862459, -0.120887, -0.094619)
(-0.00829644, -0.120984, -0.0944982)
(-0.00606519, -0.121647, -0.0936972)
(-0.00408303, -0.122245, -0.0930005)
(-0.0027482, -0.122652, -0.0925347)
(-0.00139074, -0.12307, -0.0920651)
(-0.00011362, -0.123464, -0.0916243)
(0.00123411, -0.123888, -0.0911714)
(0.00296981, -0.124434, -0.0905909)
(0.00703205, -0.125753, -0.0892895)
(0.00997072, -0.126755, -0.0883785)
(0.0109473, -0.12709, -0.0880772)
(0.012053, -0.127483, -0.0877306)
(0.0158928, -0.128892, -0.0864892)
(0.017123, -0.129363, -0.0860761)
(0.0188726, -0.130036, -0.0854852)
(0.0229475, -0.131751, -0.083942)
(0.0231619, -0.131841, -0.0838608)
(0.0280452, -0.133963, -0.0819205)
(0.0315323, -0.135595, -0.0803421)
(0.0324978, -0.136061, -0.0798731)
(0.0373318, -0.138419, -0.0774717)
(0.0401386, -0.139875, -0.0758853)
(0.0411855, -0.140461, -0.0751889)
(0.0417371, -0.140782, -0.074793)
(0.0418463, -0.140851, -0.0747004)
(0.0422175, -0.141087, -0.0743858)
(0.0426037, -0.141344, -0.0740296)
(0.0428208, -0.141495, -0.0738128)
(0.0431384, -0.141715, -0.0734957)
(0.0443593, -0.142597, -0.0721668)
(0.0448497, -0.142957, -0.0716118)
(0.0452343, -0.143242, -0.0711682)
(0.0458395, -0.143705, -0.0704169)
(0.04685, -0.144493, -0.0691131)
(0.0479427, -0.145366, -0.0676417)
(0.0483426, -0.145691, -0.0670901)
(0.0500811, -0.14715, -0.0645764)
(0.0505117, -0.147532, -0.0639038)
(0.0517988, -0.148728, -0.0617829)
(0.0526085, -0.149493, -0.0604176)
(0.0533554, -0.150226, -0.0590967)
(0.0538899, -0.150774, -0.0580932)
(0.0544762, -0.151376, -0.0569926)
(0.0556643, -0.152645, -0.0546363)
(0.0559013, -0.152909, -0.0541347)
(0.0563441, -0.153413, -0.0531705)
(0.0570281, -0.154221, -0.0515828)
(0.0581149, -0.155615, -0.0486681)
(0.0585885, -0.156234, -0.0473562)
(0.0586931, -0.15638, -0.0470321)
(0.0589076, -0.156689, -0.0463412)
(0.0591108, -0.156992, -0.0456553)
(0.0593036, -0.157296, -0.0449507)
(0.0596143, -0.157815, -0.04372)
(0.05975, -0.158057, -0.0431302)
(0.0597857, -0.158131, -0.0429343)
(0.0598459, -0.158256, -0.0426041)
(0.0600958, -0.158798, -0.0411269)
(0.0601979, -0.159052, -0.0403851)
(0.0603227, -0.159362, -0.0394784)
(0.060531, -0.159944, -0.0376755)
(0.0606209, -0.160205, -0.0368487)
(0.060702, -0.160454, -0.0360269)
(0.0608913, -0.161099, -0.0337455)
(0.0609803, -0.161432, -0.032483)
(0.0610066, -0.161541, -0.0320414)
(0.0610488, -0.161723, -0.0312682)
(0.0610555, -0.161753, -0.0311325)
(0.0610793, -0.161858, -0.0306492)
(0.0610793, -0.161858, -0.0306492)
(0.0611349, -0.162089, -0.0295061)
(0.0611577, -0.162183, -0.0290374)
(0.0611802, -0.162277, -0.0285588)
(0.061238, -0.162497, -0.0273698)
(0.0612905, -0.162684, -0.026343)
(0.0613161, -0.162768, -0.0258716)
(0.0613953, -0.163024, -0.024373)
(0.0614954, -0.163321, -0.0225036)
(0.0615439, -0.163457, -0.0216234)
(0.061575, -0.163539, -0.0210817)
(0.0616719, -0.163781, -0.0194363)
(0.0616771, -0.16379, -0.0193662)
(0.0617421, -0.163908, -0.0184895)
(0.0617462, -0.163914, -0.0184408)
(0.0618857, -0.16412, -0.0167844)
(0.0619602, -0.164216, -0.0159672)
(0.0621051, -0.164354, -0.0146223)
(0.062112, -0.16436, -0.0145644)
(0.0624022, -0.164553, -0.0123166)
(0.0624274, -0.164568, -0.012133)
(0.0624564, -0.164584, -0.0119221)
(0.0624575, -0.164585, -0.011914)
(0.0624978, -0.164601, -0.011644)
(0.0625176, -0.164609, -0.0115116)
(0.0625247, -0.164612, -0.0114659)
(0.0625256, -0.164612, -0.01146)
(0.0625487, -0.16462, -0.0113114)
(0.0625526, -0.164621, -0.0112873)
(0.0626145, -0.164638, -0.0108995)
(0.0627047, -0.164661, -0.0103534)
(0.0629081, -0.164711, -0.00912209)
(0.0630062, -0.164731, -0.0085418)
(0.0634962, -0.164809, -0.00568841)
(0.0637311, -0.164833, -0.00435648)
(0.0638661, -0.164842, -0.00359072)
(0.0639202, -0.164846, -0.00328395)
(0.0639315, -0.164846, -0.00322185)
(0.0639657, -0.164844, -0.00304366)
(0.063979, -0.164842, -0.00297847)
(0.0640079, -0.164838, -0.00284814)
(0.0641559, -0.164818, -0.0021794)
(0.0641697, -0.164816, -0.00211959)
(0.0644252, -0.164775, -0.00101289)
(0.0644501, -0.16477, -0.000911381)
(0.0646441, -0.164735, -0.000120657)
(0.0648371, -0.164696, 0.000618543)
(0.0655293, -0.164518, 0.00293339)
(0.0657819, -0.164453, 0.00377841)
(0.0658135, -0.164444, 0.00387817)
(0.066369, -0.164282, 0.00563269)
(0.0666014, -0.164208, 0.00631573)
(0.0668128, -0.164141, 0.00693737)
(0.067101, -0.164043, 0.00775251)
(0.0673235, -0.163965, 0.00836881)
(0.0674927, -0.163901, 0.00880986)
(0.0679734, -0.16371, 0.0100108)
(0.0681321, -0.163641, 0.0103788)
(0.0682931, -0.163568, 0.0107379)
(0.0683986, -0.163518, 0.0109656)
(0.0685965, -0.163423, 0.0113896)
(0.0686602, -0.16339, 0.0115223)
(0.0687872, -0.163321, 0.0117727)
(0.0688132, -0.163307, 0.011824)
(0.0690257, -0.163186, 0.0122202)
(0.0691203, -0.16313, 0.0123874)
(0.069217, -0.163068, 0.0125508)
(0.0693133, -0.163005, 0.0127099)
(0.0693806, -0.162959, 0.01282)
(0.0697872, -0.16267, 0.0134612)
(0.0701011, -0.16244, 0.0139445)
(0.0701144, -0.16243, 0.0139646)
(0.0703493, -0.162246, 0.0143126)
(0.0705847, -0.162062, 0.0146613)
(0.0709334, -0.161777, 0.0151592)
(0.0711359, -0.161612, 0.0154483)
(0.0713991, -0.161391, 0.0158131)
(0.0719426, -0.160917, 0.0165479)
(0.0720956, -0.160783, 0.0167547)
(0.0723564, -0.160552, 0.0170975)
(0.072431, -0.160486, 0.0171957)
(0.0725418, -0.160386, 0.0173405)
(0.0726623, -0.160276, 0.017496)
(0.072957, -0.160004, 0.0178675)
(0.0731031, -0.159868, 0.0180502)
(0.0732283, -0.159751, 0.0182059)
(0.0738432, -0.159153, 0.0189475)
(0.0740843, -0.158916, 0.0192349)
(0.0743674, -0.158632, 0.0195653)
(0.0746789, -0.15832, 0.019929)
(0.0749693, -0.158025, 0.0202645)
(0.0750783, -0.157912, 0.0203878)
(0.0754445, -0.157526, 0.0207965)
(0.0756563, -0.157302, 0.0210243)
(0.0759033, -0.157041, 0.0212899)
(0.0761022, -0.156828, 0.0214994)
(0.0762156, -0.156706, 0.0216187)
</SamplePoints>
<SampleFrames Num="326">((0.015654, -0.128999, -0.991521, -0.191534), (-0.323686, 0.937590, -0.127093, -0.131916), (0.946035, 0.322931, -0.027078, -0.187434), (0.000000, 0.000000, 0.000000, 1.000000)
((0.015654, -0.128999, -0.991521, -0.191534), (-0.323686, 0.937590, -0.127093, -0.131916), (0.946035, 0.322931, -0.027078, -0.187434), (0.000000, 0.000000, 0.000000, 1.000000)
((0.015812, -0.128996, -0.991519, -0.190541), (-0.323769, 0.937555, -0.127139, -0.131097), (0.946004, 0.323033, -0.026940, -0.186964), (0.000000, 0.000000, 0.000000, 1.000000)
((0.015857, -0.129074, -0.991508, -0.190357), (-0.323341, 0.937689, -0.127239, -0.130945), (0.946150, 0.322613, -0.026866, -0.186877), (0.000000, 0.000000, 0.000000, 1.000000)
((0.015946, -0.129030, -0.991512, -0.189972), (-0.326121, 0.936738, -0.127147, -0.130626), (0.945194, 0.325380, -0.027142, -0.186697), (0.000000, 0.000000, 0.000000, 1.000000)
((0.015946, -0.129030, -0.991512, -0.189765), (-0.326121, 0.936738, -0.127147, -0.130456), (0.945194, 0.325380, -0.027142, -0.186600), (0.000000, 0.000000, 0.000000, 1.000000)
((0.015946, -0.129030, -0.991512, -0.189455), (-0.326121, 0.936738, -0.127147, -0.130199), (0.945194, 0.325380, -0.027142, -0.186456), (0.000000, 0.000000, 0.000000, 1.000000)
((0.015383, -0.129082, -0.991515, -0.189211), (-0.323094, 0.937793, -0.127101, -0.129997), (0.946242, 0.322308, -0.027280, -0.186342), (0.000000, 0.000000, 0.000000, 1.000000)
((0.015541, -0.129079, -0.991513, -0.188835), (-0.323176, 0.937759, -0.127147, -0.129688), (0.946211, 0.322409, -0.027142, -0.186169), (0.000000, 0.000000, 0.000000, 1.000000)
((0.013701, -0.131673, -0.991199, -0.188414), (-0.323151, 0.937513, -0.129008, -0.129340), (0.946248, 0.322074, -0.029705, -0.185975), (0.000000, 0.000000, 0.000000, 1.000000)
((0.013645, -0.131713, -0.991194, -0.187992), (-0.322896, 0.937597, -0.129036, -0.128995), (0.946336, 0.321813, -0.029736, -0.185781), (0.000000, 0.000000, 0.000000, 1.000000)
((0.013531, -0.131793, -0.991185, -0.187249), (-0.322386, 0.937765, -0.129091, -0.128394), (0.946512, 0.321291, -0.029799, -0.185442), (0.000000, 0.000000, 0.000000, 1.000000)
((0.013215, -0.131798, -0.991189, -0.186262), (-0.322221, 0.937834, -0.128999, -0.127598), (0.946572, 0.321087, -0.030075, -0.184991), (0.000000, 0.000000, 0.000000, 1.000000)
((0.013045, -0.131917, -0.991175, -0.185607), (-0.321456, 0.938085, -0.129082, -0.127075), (0.946835, 0.320303, -0.030168, -0.184690), (0.000000, 0.000000, 0.000000, 1.000000)
((0.013232, -0.132034, -0.991157, -0.185118), (-0.323381, 0.937408, -0.129191, -0.126684), (0.946176, 0.322231, -0.030294, -0.184465), (0.000000, 0.000000, 0.000000, 1.000000)
((0.013232, -0.132034, -0.991157, -0.185114), (-0.323381, 0.937408, -0.129191, -0.126681), (0.946176, 0.322231, -0.030294, -0.184464), (0.000000, 0.000000, 0.000000, 1.000000)
((0.015228, -0.133445, -0.990939, -0.183697), (-0.324683, 0.936689, -0.131129, -0.125577), (0.945700, 0.323738, -0.029063, -0.183813), (0.000000, 0.000000, 0.000000, 1.000000)
((0.013442, -0.136119, -0.990601, -0.182932), (-0.324237, 0.936566, -0.133094, -0.124992), (0.945880, 0.322979, -0.031546, -0.183459), (0.000000, 0.000000, 0.000000, 1.000000)
((0.011384, -0.134796, -0.990808, -0.182152), (-0.324945, 0.936594, -0.131154, -0.124396), (0.945664, 0.323451, -0.033139, -0.183099), (0.000000, 0.000000, 0.000000, 1.000000)
((0.011169, -0.134838, -0.990805, -0.181243), (-0.324607, 0.936714, -0.131136, -0.123717), (0.945783, 0.323087, -0.033307, -0.182676), (0.000000, 0.000000, 0.000000, 1.000000)
((0.011214, -0.134914, -0.990794, -0.180471), (-0.324180, 0.936848, -0.131237, -0.123141), (0.945929, 0.322667, -0.033231, -0.182318), (0.000000, 0.000000, 0.000000, 1.000000)
((0.011044, -0.135031, -0.990780, -0.179721), (-0.323414, 0.937101, -0.131320, -0.122588), (0.946193, 0.321882, -0.033322, -0.181963), (0.000000, 0.000000, 0.000000, 1.000000)
((0.010671, -0.135075, -0.990778, -0.179114), (-0.322994, 0.937255, -0.131257, -0.122139), (0.946341, 0.321416, -0.033627, -0.181676), (0.000000, 0.000000, 0.000000, 1.000000)
((0.010926, -0.135158, -0.990764, -0.178498), (-0.325172, 0.936490, -0.131340, -0.121690), (0.945592, 0.323604, -0.033717, -0.181384), (0.000000, 0.000000, 0.000000, 1.000000)
((0.010655, -0.135239, -0.990756, -0.177913), (-0.324580, 0.936694, -0.131350, -0.121263), (0.945798, 0.322979, -0.033915, -0.181106), (0.000000, 0.000000, 0.000000, 1.000000)
((0.010700, -0.135313, -0.990745, -0.177039), (-0.324152, 0.936828, -0.131450, -0.120633), (0.945944, 0.322559, -0.033838, -0.180692), (0.000000, 0.000000, 0.000000, 1.000000)
((0.009420, -0.137927, -0.990398, -0.176410), (-0.326900, 0.935596, -0.133404, -0.120179), (0.945012, 0.325018, -0.036275, -0.180393), (0.000000, 0.000000, 0.000000, 1.000000)
((0.010046, -0.138081, -0.990370, -0.175805), (-0.328811, 0.934887, -0.133681, -0.119744), (0.944342, 0.326988, -0.036011, -0.180102), (0.000000, 0.000000, 0.000000, 1.000000)
((0.008079, -0.136826, -0.990562, -0.175239), (-0.329342, 0.934962, -0.131832, -0.119338), (0.944176, 0.327299, -0.037509, -0.179829), (0.000000, 0.000000, 0.000000, 1.000000)
((0.007910, -0.136942, -0.990547, -0.174524), (-0.328578, 0.935219, -0.131917, -0.118832), (0.944444, 0.326515, -0.037599, -0.179486), (0.000000, 0.000000, 0.000000, 1.000000)
((0.007650, -0.136910, -0.990554, -0.173924), (-0.328667, 0.935204, -0.131798, -0.118407), (0.944415, 0.326571, -0.037843, -0.179198), (0.000000, 0.000000, 0.000000, 1.000000)
((0.007492, -0.136913, -0.990555, -0.173428), (-0.328585, 0.935240, -0.131753, -0.118064), (0.944445, 0.326468, -0.037981, -0.178961), (0.000000, 0.000000, 0.000000, 1.000000)
((0.007381, -0.137051, -0.990537, -0.172040), (-0.330339, 0.934618, -0.131776, -0.117120), (0.943834, 0.328185, -0.038375, -0.178296), (0.000000, 0.000000, 0.000000, 1.000000)
((0.007325, -0.137089, -0.990532, -0.171376), (-0.330084, 0.934704, -0.131804, -0.116668), (0.943923, 0.327924, -0.038404, -0.177977), (0.000000, 0.000000, 0.000000, 1.000000)
((0.007268, -0.137128, -0.990527, -0.170789), (-0.329829, 0.934790, -0.131832, -0.116278), (0.944013, 0.327663, -0.038435, -0.177695), (0.000000, 0.000000, 0.000000, 1.000000)
((0.005495, -0.135956, -0.990700, -0.170452), (-0.330013, 0.934963, -0.130138, -0.116054), (0.943960, 0.327659, -0.039730, -0.177532), (0.000000, 0.000000, 0.000000, 1.000000)
((0.005810, -0.136014, -0.990690, -0.169923), (-0.332440, 0.934095, -0.130194, -0.115712), (0.943107, 0.330101, -0.039789, -0.177278), (0.000000, 0.000000, 0.000000, 1.000000)
((0.005066, -0.136039, -0.990691, -0.168823), (-0.329339, 0.935205, -0.130104, -0.115011), (0.944198, 0.326932, -0.040065, -0.176752), (0.000000, 0.000000, 0.000000, 1.000000)
((0.006513, -0.133522, -0.991024, -0.168276), (-0.328523, 0.935750, -0.128234, -0.114666), (0.944474, 0.326409, -0.037771, -0.176491), (0.000000, 0.000000, 0.000000, 1.000000)
((0.006456, -0.133560, -0.991020, -0.167991), (-0.328268, 0.935836, -0.128261, -0.114490), (0.944563, 0.326148, -0.037802, -0.176353), (0.000000, 0.000000, 0.000000, 1.000000)
((0.005450, -0.133663, -0.991012, -0.166763), (-0.324568, 0.937137, -0.128181, -0.113741), (0.945847, 0.322349, -0.038275, -0.175762), (0.000000, 0.000000, 0.000000, 1.000000)
((0.004750, -0.133819, -0.990994, -0.165550), (-0.323299, 0.937579, -0.128156, -0.113017), (0.946285, 0.320996, -0.038810, -0.175183), (0.000000, 0.000000, 0.000000, 1.000000)
((0.004013, -0.133838, -0.990995, -0.165057), (-0.320186, 0.938659, -0.128066, -0.112725), (0.947346, 0.317817, -0.039086, -0.174949), (0.000000, 0.000000, 0.000000, 1.000000)
((0.004013, -0.133838, -0.990995, -0.165036), (-0.320186, 0.938659, -0.128066, -0.112713), (0.947346, 0.317817, -0.039086, -0.174939), (0.000000, 0.000000, 0.000000, 1.000000)
((0.003369, -0.133953, -0.990982, -0.163939), (-0.319171, 0.939011, -0.128013, -0.112071), (0.947691, 0.316724, -0.039590, -0.174427), (0.000000, 0.000000, 0.000000, 1.000000)
((0.005459, -0.131387, -0.991316, -0.163896), (-0.321642, 0.938421, -0.126147, -0.112046), (0.946846, 0.319537, -0.037137, -0.174407), (0.000000, 0.000000, 0.000000, 1.000000)
((0.004459, -0.131481, -0.991309, -0.163088), (-0.317932, 0.939695, -0.126065, -0.111575), (0.948103, 0.315731, -0.037612, -0.174037), (0.000000, 0.000000, 0.000000, 1.000000)
((0.003932, -0.131566, -0.991300, -0.162358), (-0.314466, 0.940854, -0.126118, -0.111151), (0.949261, 0.312226, -0.037674, -0.173705), (0.000000, 0.000000, 0.000000, 1.000000)
((0.004131, -0.131591, -0.991295, -0.162028), (-0.317081, 0.939978, -0.126100, -0.110960), (0.948389, 0.314842, -0.037842, -0.173557), (0.000000, 0.000000, 0.000000, 1.000000)
((0.002675, -0.127756, -0.991802, -0.160531), (-0.314028, 0.941526, -0.122127, -0.110100), (0.949410, 0.311780, -0.037600, -0.172886), (0.000000, 0.000000, 0.000000, 1.000000)
((0.002907, -0.127854, -0.991789, -0.159972), (-0.316216, 0.940783, -0.122206, -0.109781), (0.948683, 0.313975, -0.037695, -0.172635), (0.000000, 0.000000, 0.000000, 1.000000)
((0.003183, -0.128020, -0.991766, -0.159436), (-0.317974, 0.940168, -0.122380, -0.109478), (0.948094, 0.315746, -0.037714, -0.172396), (0.000000, 0.000000, 0.000000, 1.000000)
((0.004530, -0.125460, -0.992088, -0.158726), (-0.317342, 0.940637, -0.120402, -0.109078), (0.948300, 0.315377, -0.035553, -0.172080), (0.000000, 0.000000, 0.000000, 1.000000)
((0.004372, -0.125461, -0.992089, -0.157943), (-0.317259, 0.940670, -0.120357, -0.108646), (0.948329, 0.315275, -0.035691, -0.171730), (0.000000, 0.000000, 0.000000, 1.000000)
((0.004055, -0.125464, -0.992090, -0.157164), (-0.317093, 0.940738, -0.120266, -0.108216), (0.948386, 0.315072, -0.035969, -0.171383), (0.000000, 0.000000, 0.000000, 1.000000)
((0.003683, -0.125502, -0.992087, -0.156469), (-0.316671, 0.940889, -0.120201, -0.107843), (0.948528, 0.314608, -0.036278, -0.171074), (0.000000, 0.000000, 0.000000, 1.000000)
((0.001232, -0.124182, -0.992259, -0.156049), (-0.314681, 0.941802, -0.118258, -0.107617), (0.949197, 0.312391, -0.037917, -0.170887), (0.000000, 0.000000, 0.000000, 1.000000)
((0.001175, -0.124217, -0.992254, -0.155573), (-0.314425, 0.941884, -0.118284, -0.107371), (0.949282, 0.312128, -0.037950, -0.170675), (0.000000, 0.000000, 0.000000, 1.000000)
((0.001610, -0.124282, -0.992246, -0.155196), (-0.316953, 0.941024, -0.118381, -0.107177), (0.948440, 0.314686, -0.037877, -0.170508), (0.000000, 0.000000, 0.000000, 1.000000)
((0.001395, -0.124318, -0.992241, -0.154774), (-0.316614, 0.941141, -0.118361, -0.106964), (0.948553, 0.314323, -0.038048, -0.170319), (0.000000, 0.000000, 0.000000, 1.000000)
((0.000847, -0.124322, -0.992242, -0.154379), (-0.313573, 0.942164, -0.118315, -0.106766), (0.949564, 0.311240, -0.038186, -0.170144), (0.000000, 0.000000, 0.000000, 1.000000)
((0.003027, -0.125714, -0.992062, -0.153798), (-0.314968, 0.941452, -0.120262, -0.106482), (0.949098, 0.312832, -0.036746, -0.169885), (0.000000, 0.000000, 0.000000, 1.000000)
((0.002868, -0.125715, -0.992062, -0.153294), (-0.314884, 0.941486, -0.120216, -0.106235), (0.949126, 0.312729, -0.036885, -0.169660), (0.000000, 0.000000, 0.000000, 1.000000)
((0.002417, -0.125758, -0.992058, -0.152620), (-0.311668, 0.942552, -0.120242, -0.105917), (0.950188, 0.309483, -0.036917, -0.169358), (0.000000, 0.000000, 0.000000, 1.000000)
((0.002360, -0.125792, -0.992054, -0.152416), (-0.311412, 0.942634, -0.120266, -0.105821), (0.950272, 0.309221, -0.036949, -0.169267), (0.000000, 0.000000, 0.000000, 1.000000)
((0.002202, -0.125793, -0.992054, -0.151727), (-0.311329, 0.942667, -0.120222, -0.105509), (0.950300, 0.309120, -0.037087, -0.168958), (0.000000, 0.000000, 0.000000, 1.000000)
((0.001219, -0.125867, -0.992046, -0.150006), (-0.307602, 0.943901, -0.120136, -0.104751), (0.951514, 0.305302, -0.037566, -0.168183), (0.000000, 0.000000, 0.000000, 1.000000)
((0.000902, -0.125866, -0.992047, -0.149534), (-0.307435, 0.943967, -0.120045, -0.104549), (0.951569, 0.305098, -0.037844, -0.167969), (0.000000, 0.000000, 0.000000, 1.000000)
((0.000687, -0.125900, -0.992043, -0.148798), (-0.307095, 0.944080, -0.120026, -0.104254), (0.951679, 0.304734, -0.038015, -0.167634), (0.000000, 0.000000, 0.000000, 1.000000)
((0.000359, -0.126001, -0.992030, -0.147655), (-0.306240, 0.944353, -0.120056, -0.103796), (0.951954, 0.303842, -0.038248, -0.167113), (0.000000, 0.000000, 0.000000, 1.000000)
((0.000252, -0.126033, -0.992026, -0.146833), (-0.302931, 0.945404, -0.120187, -0.103484), (0.953012, 0.300546, -0.037941, -0.166738), (0.000000, 0.000000, 0.000000, 1.000000)
((0.000209, -0.126101, -0.992017, -0.146046), (-0.302499, 0.945533, -0.120256, -0.103185), (0.953150, 0.300109, -0.037948, -0.166379), (0.000000, 0.000000, 0.000000, 1.000000)
((0.000424, -0.126133, -0.992013, -0.145502), (-0.302158, 0.945628, -0.120364, -0.102992), (0.953258, 0.299796, -0.037711, -0.166129), (0.000000, 0.000000, 0.000000, 1.000000)
((0.001379, -0.123644, -0.992326, -0.144082), (-0.304064, 0.945290, -0.118206, -0.102497), (0.952651, 0.301893, -0.036292, -0.165475), (0.000000, 0.000000, 0.000000, 1.000000)
((0.000618, -0.123678, -0.992322, -0.142888), (-0.300668, 0.946384, -0.118140, -0.102102), (0.953729, 0.298432, -0.036601, -0.164922), (0.000000, 0.000000, 0.000000, 1.000000)
((0.000604, -0.123777, -0.992310, -0.142020), (-0.299978, 0.946588, -0.118256, -0.101838), (0.953946, 0.297743, -0.036559, -0.164517), (0.000000, 0.000000, 0.000000, 1.000000)
((0.000433, -0.123875, -0.992298, -0.141447), (-0.299205, 0.946823, -0.118329, -0.101664), (0.954189, 0.296952, -0.036654, -0.164250), (0.000000, 0.000000, 0.000000, 1.000000)
((0.000651, -0.123971, -0.992286, -0.140675), (-0.301405, 0.946116, -0.118401, -0.101452), (0.953496, 0.299157, -0.036750, -0.163886), (0.000000, 0.000000, 0.000000, 1.000000)
((0.000796, -0.124071, -0.992273, -0.139974), (-0.300799, 0.946289, -0.118563, -0.101260), (0.953687, 0.298569, -0.036567, -0.163556), (0.000000, 0.000000, 0.000000, 1.000000)
((0.000523, -0.124134, -0.992265, -0.138934), (-0.300200, 0.946479, -0.118564, -0.101009), (0.953876, 0.297940, -0.036770, -0.163063), (0.000000, 0.000000, 0.000000, 1.000000)
((0.002045, -0.121575, -0.992580, -0.138242), (-0.299653, 0.946897, -0.116597, -0.100843), (0.954046, 0.297668, -0.034494, -0.162734), (0.000000, 0.000000, 0.000000, 1.000000)
((0.000457, -0.120258, -0.992743, -0.137106), (-0.297398, 0.947808, -0.114952, -0.100608), (0.954753, 0.295292, -0.035331, -0.162185), (0.000000, 0.000000, 0.000000, 1.000000)
((0.000629, -0.120354, -0.992731, -0.136203), (-0.296624, 0.948030, -0.115123, -0.100422), (0.954994, 0.294540, -0.035104, -0.161748), (0.000000, 0.000000, 0.000000, 1.000000)
((0.000642, -0.120451, -0.992719, -0.135171), (-0.295933, 0.948231, -0.115244, -0.100243), (0.955208, 0.293852, -0.035037, -0.161239), (0.000000, 0.000000, 0.000000, 1.000000)
((0.000599, -0.120517, -0.992711, -0.134373), (-0.295501, 0.948358, -0.115311, -0.100105), (0.955342, 0.293416, -0.035045, -0.160845), (0.000000, 0.000000, 0.000000, 1.000000)
((0.000809, -0.118018, -0.993011, -0.133268), (-0.294443, 0.948962, -0.113023, -0.099948), (0.955669, 0.292477, -0.033982, -0.160288), (0.000000, 0.000000, 0.000000, 1.000000)
((0.000593, -0.118047, -0.993008, -0.132566), (-0.294101, 0.949071, -0.113000, -0.099854), (0.955774, 0.292112, -0.034155, -0.159931), (0.000000, 0.000000, 0.000000, 1.000000)
((0.000653, -0.118255, -0.992983, -0.129293), (-0.289055, 0.950573, -0.113394, -0.099518), (0.957312, 0.287101, -0.033561, -0.158216), (0.000000, 0.000000, 0.000000, 1.000000)
((0.000883, -0.118378, -0.992968, -0.128635), (-0.288019, 0.950861, -0.113614, -0.099461), (0.957624, 0.286094, -0.033255, -0.157866), (0.000000, 0.000000, 0.000000, 1.000000)
((0.000883, -0.118378, -0.992968, -0.128450), (-0.288019, 0.950861, -0.113614, -0.099451), (0.957624, 0.286094, -0.033255, -0.157765), (0.000000, 0.000000, 0.000000, 1.000000)
((0.001228, -0.118586, -0.992943, -0.126172), (-0.289026, 0.950524, -0.113877, -0.099332), (0.957321, 0.287126, -0.033107, -0.156519), (0.000000, 0.000000, 0.000000, 1.000000)
((0.001124, -0.120275, -0.992740, -0.123767), (-0.291245, 0.949664, -0.115386, -0.099276), (0.956648, 0.289260, -0.033962, -0.155184), (0.000000, 0.000000, 0.000000, 1.000000)
((0.000747, -0.123115, -0.992392, -0.121901), (-0.289545, 0.949856, -0.118056, -0.099293), (0.957164, 0.287430, -0.034938, -0.154129), (0.000000, 0.000000, 0.000000, 1.000000)
((0.000704, -0.124809, -0.992181, -0.118489), (-0.288266, 0.950038, -0.119712, -0.099380), (0.957550, 0.286096, -0.035309, -0.152193), (0.000000, 0.000000, 0.000000, 1.000000)
((0.000374, -0.124893, -0.992170, -0.117509), (-0.287405, 0.950296, -0.119730, -0.099420), (0.957809, 0.285199, -0.035539, -0.151635), (0.000000, 0.000000, 0.000000, 1.000000)
((0.000171, -0.125001, -0.992157, -0.115926), (-0.286200, 0.950648, -0.119821, -0.099527), (0.958170, 0.283976, -0.035613, -0.150729), (0.000000, 0.000000, 0.000000, 1.000000)
((0.001218, -0.125272, -0.992122, -0.113299), (-0.283353, 0.951418, -0.120480, -0.099704), (0.959015, 0.281267, -0.034337, -0.149226), (0.000000, 0.000000, 0.000000, 1.000000)
((0.001253, -0.127049, -0.991896, -0.110072), (-0.284695, 0.950804, -0.122145, -0.099998), (0.958617, 0.282541, -0.034979, -0.147365), (0.000000, 0.000000, 0.000000, 1.000000)
((0.001282, -0.127195, -0.991877, -0.109144), (-0.283565, 0.951118, -0.122335, -0.100086), (0.958952, 0.281418, -0.034849, -0.146830), (0.000000, 0.000000, 0.000000, 1.000000)
((0.000796, -0.127769, -0.991804, -0.104300), (-0.281267, 0.951736, -0.122833, -0.100708), (0.959629, 0.279059, -0.035180, -0.144071), (0.000000, 0.000000, 0.000000, 1.000000)
((0.000021, -0.127913, -0.991785, -0.102536), (-0.279455, 0.952271, -0.122823, -0.100935), (0.960159, 0.277162, -0.035726, -0.143067), (0.000000, 0.000000, 0.000000, 1.000000)
((0.000917, -0.125776, -0.992058, -0.097714), (-0.280035, 0.952334, -0.120998, -0.101614), (0.959989, 0.277922, -0.034348, -0.140335), (0.000000, 0.000000, 0.000000, 1.000000)
((0.000516, -0.125952, -0.992036, -0.096189), (-0.278213, 0.952852, -0.121122, -0.101832), (0.960519, 0.276060, -0.034550, -0.139470), (0.000000, 0.000000, 0.000000, 1.000000)
((0.003667, -0.125193, -0.992126, -0.091383), (-0.277172, 0.953133, -0.121297, -0.102533), (0.960813, 0.275434, -0.031205, -0.136702), (0.000000, 0.000000, 0.000000, 1.000000)
((0.003495, -0.125265, -0.992117, -0.090658), (-0.276391, 0.953354, -0.121344, -0.102639), (0.961039, 0.274636, -0.031290, -0.136283), (0.000000, 0.000000, 0.000000, 1.000000)
((0.002994, -0.125403, -0.992101, -0.089221), (-0.274743, 0.953824, -0.121394, -0.102847), (0.961513, 0.272936, -0.031598, -0.135456), (0.000000, 0.000000, 0.000000, 1.000000)
((0.004670, -0.123210, -0.992370, -0.085618), (-0.273178, 0.954476, -0.119791, -0.103377), (0.961952, 0.271653, -0.029201, -0.133385), (0.000000, 0.000000, 0.000000, 1.000000)
((0.004040, -0.123390, -0.992350, -0.084162), (-0.268434, 0.955802, -0.119938, -0.103595), (0.963290, 0.266865, -0.029261, -0.132549), (0.000000, 0.000000, 0.000000, 1.000000)
((0.005024, -0.120838, -0.992660, -0.082965), (-0.266934, 0.956490, -0.117786, -0.103782), (0.963702, 0.265566, -0.027450, -0.131860), (0.000000, 0.000000, 0.000000, 1.000000)
((0.007477, -0.119669, -0.992786, -0.080487), (-0.265945, 0.956820, -0.117337, -0.104185), (0.963959, 0.264904, -0.024671, -0.130435), (0.000000, 0.000000, 0.000000, 1.000000)
((0.006603, -0.119798, -0.992776, -0.078436), (-0.263861, 0.957404, -0.117285, -0.104527), (0.964538, 0.262729, -0.025288, -0.129268), (0.000000, 0.000000, 0.000000, 1.000000)
((0.006330, -0.119833, -0.992774, -0.077822), (-0.263253, 0.957574, -0.117263, -0.104631), (0.964706, 0.262093, -0.025485, -0.128920), (0.000000, 0.000000, 0.000000, 1.000000)
((0.009905, -0.118611, -0.992891, -0.076153), (-0.266125, 0.956817, -0.116956, -0.104916), (0.963888, 0.265392, -0.022088, -0.127986), (0.000000, 0.000000, 0.000000, 1.000000)
((0.010705, -0.116202, -0.993168, -0.073511), (-0.260563, 0.958588, -0.114965, -0.105376), (0.965398, 0.260013, -0.020016, -0.126526), (0.000000, 0.000000, 0.000000, 1.000000)
((0.010563, -0.116379, -0.993149, -0.071699), (-0.258634, 0.959089, -0.115139, -0.105695), (0.965918, 0.258078, -0.019969, -0.125532), (0.000000, 0.000000, 0.000000, 1.000000)
((0.010679, -0.116463, -0.993138, -0.069527), (-0.262476, 0.958041, -0.115170, -0.106095), (0.964879, 0.261905, -0.020338, -0.124358), (0.000000, 0.000000, 0.000000, 1.000000)
((0.009856, -0.116531, -0.993138, -0.067461), (-0.263231, 0.957854, -0.115003, -0.106476), (0.964682, 0.262558, -0.021234, -0.123241), (0.000000, 0.000000, 0.000000, 1.000000)
((0.010129, -0.113935, -0.993437, -0.065265), (-0.261142, 0.958709, -0.112615, -0.106893), (0.965247, 0.260569, -0.020042, -0.122060), (0.000000, 0.000000, 0.000000, 1.000000)
((0.009212, -0.113996, -0.993439, -0.063329), (-0.259494, 0.959173, -0.112470, -0.107260), (0.965701, 0.258827, -0.020745, -0.121018), (0.000000, 0.000000, 0.000000, 1.000000)
((0.009228, -0.114077, -0.993429, -0.061699), (-0.260933, 0.958777, -0.112522, -0.107579), (0.965313, 0.260257, -0.020919, -0.120154), (0.000000, 0.000000, 0.000000, 1.000000)
((0.009047, -0.114247, -0.993411, -0.058591), (-0.263463, 0.958077, -0.112583, -0.108195), (0.964627, 0.262746, -0.021432, -0.118509), (0.000000, 0.000000, 0.000000, 1.000000)
((0.008862, -0.114276, -0.993410, -0.057648), (-0.265256, 0.957590, -0.112522, -0.108384), (0.964137, 0.264505, -0.021826, -0.118012), (0.000000, 0.000000, 0.000000, 1.000000)
((0.010512, -0.115677, -0.993231, -0.055890), (-0.265126, 0.957414, -0.114311, -0.108745), (0.964157, 0.264533, -0.020605, -0.117093), (0.000000, 0.000000, 0.000000, 1.000000)
((0.012314, -0.113089, -0.993509, -0.054786), (-0.266460, 0.957285, -0.112268, -0.108971), (0.963767, 0.266113, -0.018346, -0.116516), (0.000000, 0.000000, 0.000000, 1.000000)
((0.012746, -0.113191, -0.993491, -0.053649), (-0.267886, 0.956865, -0.112455, -0.109210), (0.963366, 0.267576, -0.018126, -0.115922), (0.000000, 0.000000, 0.000000, 1.000000)
((0.010907, -0.111896, -0.993660, -0.052509), (-0.271248, 0.956129, -0.110647, -0.109450), (0.962448, 0.270735, -0.019923, -0.115326), (0.000000, 0.000000, 0.000000, 1.000000)
((0.012631, -0.113253, -0.993486, -0.051209), (-0.271372, 0.955887, -0.112417, -0.109731), (0.962392, 0.271024, -0.018660, -0.114648), (0.000000, 0.000000, 0.000000, 1.000000)
((0.011943, -0.113246, -0.993495, -0.050166), (-0.270776, 0.956077, -0.112236, -0.109959), (0.962568, 0.270355, -0.019246, -0.114104), (0.000000, 0.000000, 0.000000, 1.000000)
((0.011914, -0.113270, -0.993493, -0.049045), (-0.272649, 0.955547, -0.112213, -0.110212), (0.962040, 0.272212, -0.019499, -0.113517), (0.000000, 0.000000, 0.000000, 1.000000)
((0.011857, -0.113318, -0.993488, -0.047141), (-0.276391, 0.954477, -0.112167, -0.110646), (0.960972, 0.275921, -0.020003, -0.112523), (0.000000, 0.000000, 0.000000, 1.000000)
((0.011615, -0.113354, -0.993487, -0.045809), (-0.277916, 0.954042, -0.112103, -0.110958), (0.960535, 0.277408, -0.020422, -0.111828), (0.000000, 0.000000, 0.000000, 1.000000)
((0.014743, -0.111936, -0.993606, -0.043755), (-0.280342, 0.953395, -0.111566, -0.111455), (0.959787, 0.280194, -0.017324, -0.110759), (0.000000, 0.000000, 0.000000, 1.000000)
((0.014610, -0.111929, -0.993609, -0.042622), (-0.282387, 0.952801, -0.111484, -0.111732), (0.959189, 0.282211, -0.017687, -0.110174), (0.000000, 0.000000, 0.000000, 1.000000)
((0.014420, -0.111940, -0.993610, -0.041436), (-0.284170, 0.952279, -0.111408, -0.112024), (0.958665, 0.283961, -0.018078, -0.109562), (0.000000, 0.000000, 0.000000, 1.000000)
((0.016020, -0.113242, -0.993438, -0.040016), (-0.284197, 0.952071, -0.113109, -0.112379), (0.958632, 0.284144, -0.016931, -0.108839), (0.000000, 0.000000, 0.000000, 1.000000)
((0.015591, -0.113265, -0.993442, -0.039093), (-0.283509, 0.952286, -0.113022, -0.112610), (0.958843, 0.283412, -0.017265, -0.108370), (0.000000, 0.000000, 0.000000, 1.000000)
((0.015553, -0.113324, -0.993436, -0.037377), (-0.284675, 0.951935, -0.113047, -0.113040), (0.958498, 0.284565, -0.017455, -0.107509), (0.000000, 0.000000, 0.000000, 1.000000)
((0.015572, -0.113367, -0.993431, -0.036043), (-0.286102, 0.951505, -0.113067, -0.113375), (0.958073, 0.285983, -0.017618, -0.106843), (0.000000, 0.000000, 0.000000, 1.000000)
((0.017554, -0.114642, -0.993252, -0.035059), (-0.286550, 0.951157, -0.114848, -0.113623), (0.957904, 0.286632, -0.016154, -0.106359), (0.000000, 0.000000, 0.000000, 1.000000)
((0.016967, -0.114661, -0.993260, -0.033993), (-0.285779, 0.951405, -0.114711, -0.113891), (0.958145, 0.285799, -0.016625, -0.105835), (0.000000, 0.000000, 0.000000, 1.000000)
((0.016585, -0.114716, -0.993260, -0.033021), (-0.284654, 0.951747, -0.114674, -0.114137), (0.958487, 0.284637, -0.016870, -0.105361), (0.000000, 0.000000, 0.000000, 1.000000)
((0.016303, -0.114697, -0.993267, -0.031958), (-0.286612, 0.951175, -0.114541, -0.114408), (0.957908, 0.286550, -0.017367, -0.104843), (0.000000, 0.000000, 0.000000, 1.000000)
((0.017264, -0.111925, -0.993567, -0.030812), (-0.288491, 0.950894, -0.112131, -0.114704), (0.957327, 0.288571, -0.015873, -0.104286), (0.000000, 0.000000, 0.000000, 1.000000)
((0.017177, -0.111939, -0.993567, -0.029702), (-0.290093, 0.950411, -0.112092, -0.114992), (0.956844, 0.290152, -0.016148, -0.103748), (0.000000, 0.000000, 0.000000, 1.000000)
((0.017009, -0.111981, -0.993565, -0.028785), (-0.289312, 0.950649, -0.112097, -0.115231), (0.957084, 0.289357, -0.016228, -0.103305), (0.000000, 0.000000, 0.000000, 1.000000)
((0.017249, -0.111955, -0.993564, -0.028071), (-0.291777, 0.949895, -0.112100, -0.115418), (0.956331, 0.291833, -0.016281, -0.102960), (0.000000, 0.000000, 0.000000, 1.000000)
((0.017376, -0.111957, -0.993561, -0.027159), (-0.293720, 0.949295, -0.112106, -0.115660), (0.955734, 0.293777, -0.016389, -0.102521), (0.000000, 0.000000, 0.000000, 1.000000)
((0.016632, -0.111975, -0.993572, -0.026367), (-0.292868, 0.949580, -0.111920, -0.115872), (0.956008, 0.292847, -0.017000, -0.102142), (0.000000, 0.000000, 0.000000, 1.000000)
((0.020461, -0.110401, -0.993677, -0.025454), (-0.296121, 0.948621, -0.111493, -0.116117), (0.954931, 0.296530, -0.013282, -0.101706), (0.000000, 0.000000, 0.000000, 1.000000)
((0.020696, -0.110363, -0.993676, -0.024835), (-0.298581, 0.947850, -0.111492, -0.116284), (0.954160, 0.299000, -0.013336, -0.101411), (0.000000, 0.000000, 0.000000, 1.000000)
((0.021292, -0.107542, -0.993973, -0.021240), (-0.303834, 0.946479, -0.108912, -0.117274), (0.952487, 0.304322, -0.012522, -0.099742), (0.000000, 0.000000, 0.000000, 1.000000)
((0.021202, -0.107501, -0.993979, -0.020263), (-0.306123, 0.945753, -0.108815, -0.117548), (0.951756, 0.306587, -0.012857, -0.099310), (0.000000, 0.000000, 0.000000, 1.000000)
((0.021567, -0.104729, -0.994267, -0.016684), (-0.308487, 0.945275, -0.106260, -0.118561), (0.950984, 0.309010, -0.011921, -0.097768), (0.000000, 0.000000, 0.000000, 1.000000)
((0.020251, -0.104717, -0.994296, -0.014437), (-0.309681, 0.944933, -0.105826, -0.119203), (0.950625, 0.310058, -0.013293, -0.096840), (0.000000, 0.000000, 0.000000, 1.000000)
((0.022561, -0.105869, -0.994124, -0.013827), (-0.310702, 0.944395, -0.107624, -0.119378), (0.950240, 0.311304, -0.011587, -0.096602), (0.000000, 0.000000, 0.000000, 1.000000)
((0.022078, -0.105907, -0.994131, -0.013017), (-0.309762, 0.944715, -0.107522, -0.119610), (0.950558, 0.310318, -0.011949, -0.096286), (0.000000, 0.000000, 0.000000, 1.000000)
((0.022585, -0.103071, -0.994418, -0.011376), (-0.311487, 0.944435, -0.104965, -0.120084), (0.949982, 0.312119, -0.010775, -0.095654), (0.000000, 0.000000, 0.000000, 1.000000)
((0.021841, -0.103098, -0.994431, -0.010205), (-0.310641, 0.944736, -0.104768, -0.120424), (0.950276, 0.311199, -0.011392, -0.095206), (0.000000, 0.000000, 0.000000, 1.000000)
((0.021051, -0.103101, -0.994448, -0.009436), (-0.310230, 0.944897, -0.104531, -0.120649), (0.950428, 0.310708, -0.012094, -0.094921), (0.000000, 0.000000, 0.000000, 1.000000)
((0.020726, -0.103135, -0.994451, -0.008625), (-0.309372, 0.945185, -0.104473, -0.120887), (0.950715, 0.309821, -0.012317, -0.094619), (0.000000, 0.000000, 0.000000, 1.000000)
