<PointSplatMark HeadPosAtStart="(-1.07448, 1.24252, -1.60545)" BrushTip="0" BrushInterface="ForceTapeDraw" SuperSamplesPerWidth="20" Draw="0" Width="0.022" Pose="1" LayerIndex="0" Name="leg1" RoomToVirtualScaleAtStart="1.03571" RoomToVirtualFrameAtStart="((-0.652045, 0.588688, -0.477790, -0.156828), (0.342667, 0.790963, 0.506909, 0.046801), (0.676325, 0.166804, -0.717468, 0.191017), (0.000000, 0.000000, 0.000000, 1.000000)" ColorSwatch="0.170979"><SamplePoints Num="232">(-0.347627, -0.09498, -0.138739)
(-0.347456, -0.0950239, -0.138799)
(-0.347417, -0.095034, -0.138813)
(-0.347209, -0.0950879, -0.138886)
(-0.346999, -0.0951415, -0.13896)
(-0.346658, -0.0952286, -0.13908)
(-0.346144, -0.095359, -0.139261)
(-0.345287, -0.0955745, -0.139562)
(-0.344565, -0.0957549, -0.139814)
(-0.344184, -0.0958497, -0.139947)
(-0.343212, -0.0960888, -0.140283)
(-0.34156, -0.0964768, -0.140851)
(-0.339529, -0.0969487, -0.141547)
(-0.338629, -0.0971509, -0.141853)
(-0.337478, -0.0974095, -0.142246)
(-0.336647, -0.097595, -0.142522)
(-0.335761, -0.0977928, -0.142817)
(-0.334673, -0.0980349, -0.143163)
(-0.333613, -0.0982708, -0.143501)
(-0.331712, -0.0986855, -0.144081)
(-0.330555, -0.0989295, -0.14441)
(-0.329475, -0.0991533, -0.144704)
(-0.328257, -0.0993856, -0.145002)
(-0.328257, -0.0993857, -0.145002)
(-0.32825, -0.0993869, -0.145003)
(-0.325631, -0.0998757, -0.145528)
(-0.32434, -0.100116, -0.145786)
(-0.322982, -0.10036, -0.146008)
(-0.321613, -0.100604, -0.14623)
(-0.319814, -0.100912, -0.146459)
(-0.318894, -0.101064, -0.14655)
(-0.318056, -0.101201, -0.146632)
(-0.316301, -0.101481, -0.146783)
(-0.314907, -0.101697, -0.146889)
(-0.313826, -0.101858, -0.146963)
(-0.312721, -0.102017, -0.147032)
(-0.312197, -0.102092, -0.147065)
(-0.310483, -0.102318, -0.147158)
(-0.309321, -0.102456, -0.147214)
(-0.307996, -0.102613, -0.147277)
(-0.30797, -0.102616, -0.147278)
(-0.306532, -0.102766, -0.147339)
(-0.305531, -0.10287, -0.147382)
(-0.304649, -0.102951, -0.147411)
(-0.303541, -0.103043, -0.147444)
(-0.302483, -0.10312, -0.14747)
(-0.301693, -0.103163, -0.14748)
(-0.301614, -0.103168, -0.147481)
(-0.300498, -0.103206, -0.147478)
(-0.30019, -0.103216, -0.147477)
(-0.298885, -0.103233, -0.147443)
(-0.298155, -0.103243, -0.147425)
(-0.297198, -0.103231, -0.147379)
(-0.296181, -0.103219, -0.147331)
(-0.296017, -0.103213, -0.147319)
(-0.294068, -0.103142, -0.14717)
(-0.292417, -0.103052, -0.147005)
(-0.291361, -0.102986, -0.146888)
(-0.290319, -0.102907, -0.146751)
(-0.289428, -0.102834, -0.146624)
(-0.288555, -0.102756, -0.146486)
(-0.287983, -0.102706, -0.146395)
(-0.287559, -0.102672, -0.146319)
(-0.286643, -0.1026, -0.14615)
(-0.284935, -0.102478, -0.145803)
(-0.28293, -0.102352, -0.145368)
(-0.282839, -0.102348, -0.145346)
(-0.27997, -0.10222, -0.144644)
(-0.279501, -0.1022, -0.144529)
(-0.277307, -0.102129, -0.143973)
(-0.276287, -0.102108, -0.1437)
(-0.275517, -0.102093, -0.143494)
(-0.273736, -0.102066, -0.143018)
(-0.272965, -0.102057, -0.142812)
(-0.271559, -0.102047, -0.142428)
(-0.270466, -0.102045, -0.142123)
(-0.269653, -0.102044, -0.141893)
(-0.268372, -0.102046, -0.141521)
(-0.26612, -0.102076, -0.140843)
(-0.265225, -0.102091, -0.140564)
(-0.265193, -0.102092, -0.140554)
(-0.263193, -0.102137, -0.139921)
(-0.262134, -0.102162, -0.139584)
(-0.261046, -0.10219, -0.139236)
(-0.259903, -0.102222, -0.138865)
(-0.258939, -0.102249, -0.138547)
(-0.258877, -0.102251, -0.138526)
(-0.256877, -0.10232, -0.137842)
(-0.256228, -0.102347, -0.137614)
(-0.255753, -0.102367, -0.137448)
(-0.254911, -0.102411, -0.137145)
(-0.254397, -0.102438, -0.13696)
(-0.254335, -0.102441, -0.136937)
(-0.253047, -0.102518, -0.136461)
(-0.252958, -0.102524, -0.136427)
(-0.252908, -0.102528, -0.136407)
(-0.250443, -0.102707, -0.135435)
(-0.249695, -0.102766, -0.13513)
(-0.249021, -0.102821, -0.134851)
(-0.248216, -0.102891, -0.134511)
(-0.247335, -0.102972, -0.134132)
(-0.246299, -0.103073, -0.13367)
(-0.245383, -0.103164, -0.133252)
(-0.244514, -0.103252, -0.132852)
(-0.243576, -0.10335, -0.132416)
(-0.242611, -0.103453, -0.131959)
(-0.241507, -0.103575, -0.131428)
(-0.240414, -0.103696, -0.130897)
(-0.239575, -0.10379, -0.130486)
(-0.238529, -0.103908, -0.12997)
(-0.237605, -0.104016, -0.129507)
(-0.236561, -0.10414, -0.128985)
(-0.235584, -0.104258, -0.128496)
(-0.234763, -0.104362, -0.12808)
(-0.233963, -0.104467, -0.127672)
(-0.233233, -0.104567, -0.127298)
(-0.232635, -0.104652, -0.12699)
(-0.232143, -0.104724, -0.126733)
(-0.231879, -0.104763, -0.126595)
(-0.231033, -0.104892, -0.126149)
(-0.23038, -0.104998, -0.125802)
(-0.2297, -0.105122, -0.125433)
(-0.229056, -0.105239, -0.125082)
(-0.227674, -0.1055, -0.124322)
(-0.226824, -0.105666, -0.123849)
(-0.225873, -0.10586, -0.123306)
(-0.224951, -0.106051, -0.122772)
(-0.224876, -0.106068, -0.122727)
(-0.221935, -0.106708, -0.120949)
(-0.220119, -0.107117, -0.119815)
(-0.21894, -0.107387, -0.119066)
(-0.217747, -0.107664, -0.11829)
(-0.216809, -0.107884, -0.11767)
(-0.215908, -0.1081, -0.117064)
(-0.215194, -0.108274, -0.116579)
(-0.21421, -0.108517, -0.115903)
(-0.213187, -0.108773, -0.115189)
(-0.212152, -0.109037, -0.114456)
(-0.21127, -0.109264, -0.113821)
(-0.210517, -0.109462, -0.113276)
(-0.209892, -0.109629, -0.11282)
(-0.209441, -0.10975, -0.112489)
(-0.208034, -0.110142, -0.111444)
(-0.207175, -0.110389, -0.110796)
(-0.206504, -0.110587, -0.110285)
(-0.205792, -0.110801, -0.109739)
(-0.205173, -0.110992, -0.109261)
(-0.20457, -0.111179, -0.108795)
(-0.203839, -0.11141, -0.108221)
(-0.202894, -0.111712, -0.107472)
(-0.201826, -0.112063, -0.106614)
(-0.200937, -0.11236, -0.105891)
(-0.200586, -0.112477, -0.105605)
(-0.199593, -0.112811, -0.104786)
(-0.198597, -0.113147, -0.103953)
(-0.197173, -0.113635, -0.10273)
(-0.196294, -0.113938, -0.101969)
(-0.195495, -0.114212, -0.101273)
(-0.194845, -0.114436, -0.1007)
(-0.19326, -0.114972, -0.0992791)
(-0.19164, -0.115512, -0.0978018)
(-0.191243, -0.115643, -0.0974372)
(-0.190139, -0.116003, -0.0963966)
(-0.188812, -0.116429, -0.0951241)
(-0.188008, -0.116685, -0.0943456)
(-0.187444, -0.116864, -0.0937934)
(-0.187096, -0.116975, -0.0934511)
(-0.186242, -0.11724, -0.0925687)
(-0.185574, -0.117447, -0.091877)
(-0.184488, -0.117785, -0.0907374)
(-0.184066, -0.117916, -0.0902899)
(-0.183582, -0.118067, -0.0897675)
(-0.18307, -0.118227, -0.0892131)
(-0.18228, -0.118475, -0.0883413)
(-0.181489, -0.118723, -0.0874651)
(-0.180836, -0.118929, -0.0867358)
(-0.179885, -0.119233, -0.0856528)
(-0.179438, -0.119376, -0.0851436)
(-0.178282, -0.119746, -0.0838235)
(-0.176918, -0.120182, -0.0822621)
(-0.176882, -0.120194, -0.082219)
(-0.175963, -0.120492, -0.0811416)
(-0.17416, -0.121077, -0.0790265)
(-0.172302, -0.121687, -0.076815)
(-0.171016, -0.122118, -0.0752702)
(-0.170107, -0.122423, -0.0741772)
(-0.168725, -0.122892, -0.0724899)
(-0.166837, -0.123536, -0.0701762)
(-0.166251, -0.123735, -0.0694577)
(-0.165603, -0.123962, -0.0686569)
(-0.1648, -0.124247, -0.0676602)
(-0.162782, -0.124982, -0.0651528)
(-0.162359, -0.125138, -0.0646262)
(-0.162352, -0.12514, -0.0646176)
(-0.159216, -0.126352, -0.0607459)
(-0.158267, -0.126725, -0.0595735)
(-0.157443, -0.127053, -0.0585533)
(-0.156557, -0.127408, -0.0574582)
(-0.155686, -0.127757, -0.0563827)
(-0.155175, -0.127963, -0.0557506)
(-0.153392, -0.128684, -0.0535411)
(-0.152207, -0.129161, -0.0520669)
(-0.151319, -0.129518, -0.0509623)
(-0.149639, -0.130191, -0.0488538)
(-0.147056, -0.131209, -0.0455965)
(-0.144755, -0.132093, -0.0426844)
(-0.14045, -0.133657, -0.0371241)
(-0.137602, -0.134595, -0.0333953)
(-0.136505, -0.134947, -0.0319622)
(-0.135092, -0.135387, -0.0301249)
(-0.135092, -0.135387, -0.0301248)
(-0.133931, -0.135743, -0.0286242)
(-0.132759, -0.136103, -0.0271095)
(-0.130893, -0.136672, -0.0247449)
(-0.130123, -0.136907, -0.02377)
(-0.13012, -0.136908, -0.0237656)
(-0.129226, -0.137181, -0.0226427)
(-0.12523, -0.138368, -0.0176911)
(-0.123836, -0.138753, -0.0160241)
(-0.122958, -0.138984, -0.0149955)
(-0.119169, -0.13986, -0.0108373)
(-0.117662, -0.140189, -0.00924561)
(-0.116955, -0.140343, -0.00849861)
(-0.115954, -0.140553, -0.00748289)
(-0.115172, -0.140717, -0.00669045)
(-0.112704, -0.141216, -0.00431888)
(-0.1121, -0.141335, -0.00375455)
(-0.109493, -0.141826, -0.00142332)
(-0.106439, -0.142375, 0.00113327)
(-0.106439, -0.142375, 0.00113327)
(-0.105317, -0.142561, 0.00198296)
(-0.104031, -0.142759, 0.00289741)
</SamplePoints>
<SampleFrames Num="232">((0.206943, 0.453368, -0.866967, -0.347627), (-0.851595, 0.519705, 0.068499, -0.094980), (0.481622, 0.724130, 0.493636, -0.138739), (0.000000, 0.000000, 0.000000, 1.000000)
((0.207087, 0.453369, -0.866932, -0.347456), (-0.851498, 0.519869, 0.068469, -0.095024), (0.481733, 0.724012, 0.493701, -0.138799), (0.000000, 0.000000, 0.000000, 1.000000)
((0.206704, 0.453280, -0.867070, -0.347417), (-0.851648, 0.519605, 0.068607, -0.095034), (0.481632, 0.724257, 0.493439, -0.138813), (0.000000, 0.000000, 0.000000, 1.000000)
((0.206610, 0.453192, -0.867139, -0.347209), (-0.851603, 0.519668, 0.068686, -0.095088), (0.481752, 0.724266, 0.493308, -0.138886), (0.000000, 0.000000, 0.000000, 1.000000)
((0.208211, 0.455162, -0.865723, -0.346999), (-0.849942, 0.522188, 0.070129, -0.095141), (0.483990, 0.721213, 0.495586, -0.138960), (0.000000, 0.000000, 0.000000, 1.000000)
((0.206735, 0.455639, -0.865826, -0.346658), (-0.851391, 0.519805, 0.070257, -0.095229), (0.482072, 0.722632, 0.495389, -0.139080), (0.000000, 0.000000, 0.000000, 1.000000)
((0.206451, 0.455376, -0.866032, -0.346144), (-0.851256, 0.519994, 0.070494, -0.095359), (0.482433, 0.722661, 0.494995, -0.139261), (0.000000, 0.000000, 0.000000, 1.000000)
((0.204642, 0.455670, -0.866306, -0.345287), (-0.852706, 0.517570, 0.070809, -0.095575), (0.480640, 0.724214, 0.494469, -0.139562), (0.000000, 0.000000, 0.000000, 1.000000)
((0.204170, 0.455231, -0.866649, -0.344565), (-0.852480, 0.517888, 0.071202, -0.095755), (0.481240, 0.724263, 0.493812, -0.139814), (0.000000, 0.000000, 0.000000, 1.000000)
((0.203980, 0.455055, -0.866786, -0.344184), (-0.852390, 0.518014, 0.071360, -0.095850), (0.481480, 0.724283, 0.493549, -0.139947), (0.000000, 0.000000, 0.000000, 1.000000)
((0.203508, 0.454615, -0.867127, -0.343212), (-0.852165, 0.518331, 0.071753, -0.096089), (0.482079, 0.724333, 0.492891, -0.140283), (0.000000, 0.000000, 0.000000, 1.000000)
((0.200470, 0.457808, -0.866154, -0.341560), (-0.854733, 0.513803, 0.073745, -0.096477), (0.478794, 0.725547, 0.494306, -0.140851), (0.000000, 0.000000, 0.000000, 1.000000)
((0.199958, 0.456933, -0.866735, -0.339529), (-0.853994, 0.514929, 0.074446, -0.096949), (0.480324, 0.725300, 0.493182, -0.141547), (0.000000, 0.000000, 0.000000, 1.000000)
((0.198051, 0.457116, -0.867076, -0.338629), (-0.855383, 0.512562, 0.074839, -0.097151), (0.478640, 0.726860, 0.492522, -0.141853), (0.000000, 0.000000, 0.000000, 1.000000)
((0.196861, 0.456020, -0.867924, -0.337478), (-0.852713, 0.516527, 0.077980, -0.097410), (0.483866, 0.724739, 0.490538, -0.142246), (0.000000, 0.000000, 0.000000, 1.000000)
((0.196911, 0.455675, -0.868094, -0.336647), (-0.852241, 0.517271, 0.078208, -0.097595), (0.484677, 0.724425, 0.490201, -0.142522), (0.000000, 0.000000, 0.000000, 1.000000)
((0.196961, 0.455330, -0.868263, -0.335761), (-0.851768, 0.518015, 0.078436, -0.097793), (0.485488, 0.724109, 0.489864, -0.142817), (0.000000, 0.000000, 0.000000, 1.000000)
((0.198344, 0.454277, -0.868500, -0.334673), (-0.849614, 0.521494, 0.078741, -0.098035), (0.488688, 0.722272, 0.489395, -0.143163), (0.000000, 0.000000, 0.000000, 1.000000)
((0.199864, 0.453222, -0.868703, -0.333613), (-0.847347, 0.525127, 0.079020, -0.098271), (0.491993, 0.720300, 0.488990, -0.143501), (0.000000, 0.000000, 0.000000, 1.000000)
((0.200886, 0.448635, -0.870845, -0.331712), (-0.841923, 0.533537, 0.080649, -0.098685), (0.500810, 0.716983, 0.484896, -0.144081), (0.000000, 0.000000, 0.000000, 1.000000)
((0.201500, 0.448292, -0.870880, -0.330555), (-0.841035, 0.534919, 0.080759, -0.098930), (0.502054, 0.716167, 0.484816, -0.144410), (0.000000, 0.000000, 0.000000, 1.000000)
((0.201633, 0.447776, -0.871115, -0.329475), (-0.840250, 0.536102, 0.081082, -0.099153), (0.503313, 0.715605, 0.484340, -0.144704), (0.000000, 0.000000, 0.000000, 1.000000)
((0.202741, 0.443900, -0.872840, -0.328257), (-0.837846, 0.540010, 0.080020, -0.099386), (0.506863, 0.715082, 0.481402, -0.145002), (0.000000, 0.000000, 0.000000, 1.000000)
((0.202741, 0.443900, -0.872840, -0.328257), (-0.837846, 0.540010, 0.080020, -0.099386), (0.506863, 0.715082, 0.481402, -0.145002), (0.000000, 0.000000, 0.000000, 1.000000)
((0.202741, 0.443900, -0.872840, -0.328250), (-0.837846, 0.540010, 0.080020, -0.099387), (0.506863, 0.715082, 0.481402, -0.145003), (0.000000, 0.000000, 0.000000, 1.000000)
((0.202470, 0.442784, -0.873469, -0.325631), (-0.836516, 0.541949, 0.080824, -0.099876), (0.509163, 0.714306, 0.480124, -0.145528), (0.000000, 0.000000, 0.000000, 1.000000)
((0.202159, 0.442992, -0.873436, -0.324340), (-0.836865, 0.541399, 0.080894, -0.100116), (0.508713, 0.714594, 0.480173, -0.145786), (0.000000, 0.000000, 0.000000, 1.000000)
((0.197935, 0.441251, -0.875282, -0.322982), (-0.838299, 0.538987, 0.082145, -0.100360), (0.508012, 0.717489, 0.476585, -0.146008), (0.000000, 0.000000, 0.000000, 1.000000)
((0.198667, 0.438260, -0.876618, -0.321613), (-0.837225, 0.540876, 0.080668, -0.100604), (0.509495, 0.717901, 0.474376, -0.146230), (0.000000, 0.000000, 0.000000, 1.000000)
((0.197672, 0.437902, -0.877022, -0.319814), (-0.835024, 0.543863, 0.083348, -0.100912), (0.513478, 0.715859, 0.473166, -0.146459), (0.000000, 0.000000, 0.000000, 1.000000)
((0.196463, 0.435520, -0.878478, -0.318894), (-0.836055, 0.542487, 0.081971, -0.101064), (0.512263, 0.718352, 0.470698, -0.146550), (0.000000, 0.000000, 0.000000, 1.000000)
((0.196596, 0.435264, -0.878576, -0.318056), (-0.835606, 0.543157, 0.082110, -0.101201), (0.512944, 0.718001, 0.470492, -0.146632), (0.000000, 0.000000, 0.000000, 1.000000)
((0.196279, 0.434492, -0.879029, -0.316301), (-0.834763, 0.544367, 0.082678, -0.101481), (0.514437, 0.717553, 0.469545, -0.146783), (0.000000, 0.000000, 0.000000, 1.000000)
((0.197012, 0.431794, -0.880193, -0.314907), (-0.836401, 0.542412, 0.078880, -0.101697), (0.511487, 0.720654, 0.468015, -0.146889), (0.000000, 0.000000, 0.000000, 1.000000)
((0.195876, 0.431987, -0.880352, -0.313826), (-0.837357, 0.540902, 0.079110, -0.101858), (0.510359, 0.721673, 0.467677, -0.146963), (0.000000, 0.000000, 0.000000, 1.000000)
((0.195136, 0.429600, -0.881684, -0.312721), (-0.838085, 0.539989, 0.077623, -0.102017), (0.509446, 0.723779, 0.465413, -0.147032), (0.000000, 0.000000, 0.000000, 1.000000)
((0.195465, 0.429520, -0.881650, -0.312197), (-0.837735, 0.540534, 0.077607, -0.102092), (0.509895, 0.723420, 0.465479, -0.147065), (0.000000, 0.000000, 0.000000, 1.000000)
((0.195841, 0.426425, -0.883067, -0.310483), (-0.836818, 0.542151, 0.076216, -0.102318), (0.511256, 0.724040, 0.463015, -0.147158), (0.000000, 0.000000, 0.000000, 1.000000)
((0.196016, 0.426086, -0.883192, -0.309321), (-0.836220, 0.543047, 0.076396, -0.102456), (0.512166, 0.723568, 0.462748, -0.147214), (0.000000, 0.000000, 0.000000, 1.000000)
((0.196277, 0.425578, -0.883379, -0.307996), (-0.835322, 0.544389, 0.076666, -0.102613), (0.513529, 0.722858, 0.462346, -0.147277), (0.000000, 0.000000, 0.000000, 1.000000)
((0.196277, 0.425578, -0.883379, -0.307970), (-0.835322, 0.544389, 0.076666, -0.102616), (0.513529, 0.722858, 0.462346, -0.147278), (0.000000, 0.000000, 0.000000, 1.000000)
((0.199855, 0.424330, -0.883177, -0.306532), (-0.833508, 0.547472, 0.074422, -0.102766), (0.515094, 0.721262, 0.463097, -0.147339), (0.000000, 0.000000, 0.000000, 1.000000)
((0.202633, 0.420133, -0.884550, -0.305531), (-0.829521, 0.553690, 0.072958, -0.102870), (0.520418, 0.718969, 0.460705, -0.147382), (0.000000, 0.000000, 0.000000, 1.000000)
((0.204036, 0.419324, -0.884611, -0.304649), (-0.827471, 0.556737, 0.073048, -0.102951), (0.523126, 0.717086, 0.460573, -0.147411), (0.000000, 0.000000, 0.000000, 1.000000)
((0.205052, 0.418425, -0.884802, -0.303541), (-0.825569, 0.559523, 0.073275, -0.103043), (0.525727, 0.715440, 0.460170, -0.147444), (0.000000, 0.000000, 0.000000, 1.000000)
((0.206110, 0.414670, -0.886322, -0.302483), (-0.823270, 0.563067, 0.071986, -0.103120), (0.528909, 0.714846, 0.457439, -0.147470), (0.000000, 0.000000, 0.000000, 1.000000)
((0.207777, 0.413849, -0.886317, -0.301693), (-0.820976, 0.566403, 0.072012, -0.103163), (0.531815, 0.712683, 0.457446, -0.147480), (0.000000, 0.000000, 0.000000, 1.000000)
((0.207960, 0.413763, -0.886314, -0.301614), (-0.820715, 0.566780, 0.072025, -0.103168), (0.532146, 0.712433, 0.457449, -0.147481), (0.000000, 0.000000, 0.000000, 1.000000)
((0.209947, 0.412847, -0.886273, -0.300498), (-0.818037, 0.570637, 0.072033, -0.103206), (0.535479, 0.709881, 0.457528, -0.147478), (0.000000, 0.000000, 0.000000, 1.000000)
((0.209832, 0.409990, -0.887625, -0.300190), (-0.817750, 0.571235, 0.070537, -0.103216), (0.535962, 0.711055, 0.455133, -0.147477), (0.000000, 0.000000, 0.000000, 1.000000)
((0.210854, 0.408990, -0.887844, -0.298885), (-0.815641, 0.574210, 0.070806, -0.103233), (0.538768, 0.709232, 0.454663, -0.147443), (0.000000, 0.000000, 0.000000, 1.000000)
((0.213957, 0.407903, -0.887602, -0.298155), (-0.814406, 0.576239, 0.068501, -0.103243), (0.539413, 0.708212, 0.455489, -0.147425), (0.000000, 0.000000, 0.000000, 1.000000)
((0.213974, 0.407562, -0.887755, -0.297198), (-0.813880, 0.576956, 0.068709, -0.103231), (0.540199, 0.707824, 0.455160, -0.147379), (0.000000, 0.000000, 0.000000, 1.000000)
((0.214658, 0.407299, -0.887710, -0.296181), (-0.812975, 0.578230, 0.068717, -0.103219), (0.541289, 0.706935, 0.455246, -0.147331), (0.000000, 0.000000, 0.000000, 1.000000)
((0.214658, 0.407299, -0.887710, -0.296017), (-0.812975, 0.578230, 0.068717, -0.103213), (0.541289, 0.706935, 0.455246, -0.147319), (0.000000, 0.000000, 0.000000, 1.000000)
((0.212945, 0.405517, -0.888938, -0.294068), (-0.815191, 0.575285, 0.067155, -0.103142), (0.538625, 0.710354, 0.453078, -0.147170), (0.000000, 0.000000, 0.000000, 1.000000)
((0.210466, 0.404911, -0.889804, -0.292417), (-0.813575, 0.577204, 0.070225, -0.103052), (0.542033, 0.709142, 0.450907, -0.147005), (0.000000, 0.000000, 0.000000, 1.000000)
((0.211260, 0.405252, -0.889460, -0.291361), (-0.815903, 0.574197, 0.067824, -0.102986), (0.538211, 0.711385, 0.451951, -0.146888), (0.000000, 0.000000, 0.000000, 1.000000)
((0.208720, 0.405715, -0.889849, -0.290319), (-0.815816, 0.574015, 0.070360, -0.102907), (0.539333, 0.711268, 0.450797, -0.146751), (0.000000, 0.000000, 0.000000, 1.000000)
((0.207213, 0.404153, -0.890911, -0.289428), (-0.818277, 0.570718, 0.068581, -0.102834), (0.536176, 0.714802, 0.448969, -0.146624), (0.000000, 0.000000, 0.000000, 1.000000)
((0.205423, 0.401406, -0.892566, -0.288555), (-0.816944, 0.572520, 0.069456, -0.102756), (0.538892, 0.714909, 0.445535, -0.146486), (0.000000, 0.000000, 0.000000, 1.000000)
((0.205565, 0.401406, -0.892534, -0.287983), (-0.816837, 0.572676, 0.069423, -0.102706), (0.538999, 0.714784, 0.445605, -0.146395), (0.000000, 0.000000, 0.000000, 1.000000)
((0.204201, 0.401964, -0.892596, -0.287559), (-0.818581, 0.570171, 0.069497, -0.102672), (0.536867, 0.716471, 0.445470, -0.146319), (0.000000, 0.000000, 0.000000, 1.000000)
((0.202894, 0.402095, -0.892834, -0.286643), (-0.819643, 0.568605, 0.069814, -0.102600), (0.535742, 0.717641, 0.444941, -0.146150), (0.000000, 0.000000, 0.000000, 1.000000)
((0.199250, 0.400423, -0.894405, -0.284935), (-0.821144, 0.566336, 0.070618, -0.102478), (0.534811, 0.720365, 0.441647, -0.145803), (0.000000, 0.000000, 0.000000, 1.000000)
((0.197386, 0.398540, -0.895659, -0.282930), (-0.823531, 0.563053, 0.069051, -0.102352), (0.531823, 0.723973, 0.439349, -0.145368), (0.000000, 0.000000, 0.000000, 1.000000)
((0.197386, 0.398540, -0.895659, -0.282839), (-0.823531, 0.563053, 0.069051, -0.102348), (0.531823, 0.723973, 0.439349, -0.145346), (0.000000, 0.000000, 0.000000, 1.000000)
((0.193595, 0.396037, -0.897594, -0.279970), (-0.824037, 0.562157, 0.070305, -0.102220), (0.532433, 0.726040, 0.435180, -0.144644), (0.000000, 0.000000, 0.000000, 1.000000)
((0.192672, 0.396566, -0.897559, -0.279501), (-0.825438, 0.560101, 0.070278, -0.102200), (0.530594, 0.727339, 0.435256, -0.144529), (0.000000, 0.000000, 0.000000, 1.000000)
((0.191238, 0.394481, -0.898784, -0.277307), (-0.827291, 0.557559, 0.068690, -0.102129), (0.528222, 0.730419, 0.432977, -0.143973), (0.000000, 0.000000, 0.000000, 1.000000)
((0.191359, 0.394231, -0.898868, -0.276287), (-0.826830, 0.558227, 0.068808, -0.102108), (0.528898, 0.730044, 0.432784, -0.143700), (0.000000, 0.000000, 0.000000, 1.000000)
((0.191098, 0.393885, -0.899075, -0.275517), (-0.826525, 0.558647, 0.069066, -0.102093), (0.529470, 0.729910, 0.432312, -0.143494), (0.000000, 0.000000, 0.000000, 1.000000)
((0.191439, 0.393473, -0.899183, -0.273736), (-0.825652, 0.559916, 0.069229, -0.102066), (0.530706, 0.729160, 0.432062, -0.143018), (0.000000, 0.000000, 0.000000, 1.000000)
((0.191530, 0.390405, -0.900500, -0.272965), (-0.825074, 0.560953, 0.067710, -0.102057), (0.531573, 0.730010, 0.429552, -0.142812), (0.000000, 0.000000, 0.000000, 1.000000)
((0.189596, 0.391113, -0.900602, -0.271559), (-0.827458, 0.557410, 0.067874, -0.102047), (0.528551, 0.732342, 0.429312, -0.142428), (0.000000, 0.000000, 0.000000, 1.000000)
((0.188848, 0.391304, -0.900676, -0.270466), (-0.828236, 0.556238, 0.068002, -0.102045), (0.527600, 0.733130, 0.429136, -0.142123), (0.000000, 0.000000, 0.000000, 1.000000)
((0.191030, 0.391201, -0.900261, -0.269653), (-0.828822, 0.555656, 0.065585, -0.102044), (0.525892, 0.733627, 0.430383, -0.141893), (0.000000, 0.000000, 0.000000, 1.000000)
((0.191148, 0.388132, -0.901563, -0.268372), (-0.828250, 0.556686, 0.064054, -0.102046), (0.526749, 0.734476, 0.427880, -0.141521), (0.000000, 0.000000, 0.000000, 1.000000)
((0.190809, 0.388095, -0.901651, -0.266120), (-0.828364, 0.556495, 0.064231, -0.102076), (0.526692, 0.734639, 0.427668, -0.140843), (0.000000, 0.000000, 0.000000, 1.000000)
((0.191169, 0.387941, -0.901641, -0.265225), (-0.827852, 0.557256, 0.064241, -0.102091), (0.527366, 0.734144, 0.427688, -0.140564), (0.000000, 0.000000, 0.000000, 1.000000)
((0.191169, 0.387941, -0.901641, -0.265193), (-0.827852, 0.557256, 0.064241, -0.102092), (0.527366, 0.734144, 0.427688, -0.140554), (0.000000, 0.000000, 0.000000, 1.000000)
((0.189669, 0.388675, -0.901641, -0.263193), (-0.829915, 0.554171, 0.064309, -0.102137), (0.524659, 0.736088, 0.427676, -0.139921), (0.000000, 0.000000, 0.000000, 1.000000)
((0.189728, 0.388258, -0.901809, -0.262134), (-0.829255, 0.555131, 0.064539, -0.102162), (0.525680, 0.735585, 0.427289, -0.139584), (0.000000, 0.000000, 0.000000, 1.000000)
((0.189647, 0.387836, -0.902007, -0.261046), (-0.828696, 0.555935, 0.064802, -0.102190), (0.526590, 0.735200, 0.426829, -0.139236), (0.000000, 0.000000, 0.000000, 1.000000)
((0.189765, 0.387590, -0.902088, -0.259903), (-0.828237, 0.556605, 0.064921, -0.102222), (0.527269, 0.734823, 0.426641, -0.138865), (0.000000, 0.000000, 0.000000, 1.000000)
((0.189884, 0.387345, -0.902168, -0.258939), (-0.827778, 0.557274, 0.065038, -0.102249), (0.527947, 0.734445, 0.426453, -0.138547), (0.000000, 0.000000, 0.000000, 1.000000)
((0.189884, 0.387345, -0.902168, -0.258877), (-0.827778, 0.557274, 0.065038, -0.102251), (0.527947, 0.734445, 0.426453, -0.138526), (0.000000, 0.000000, 0.000000, 1.000000)
((0.188283, 0.387989, -0.902227, -0.256877), (-0.829790, 0.554256, 0.065183, -0.102320), (0.525356, 0.736386, 0.426306, -0.137842), (0.000000, 0.000000, 0.000000, 1.000000)
((0.188780, 0.387847, -0.902184, -0.256228), (-0.829178, 0.555174, 0.065165, -0.102347), (0.526143, 0.735769, 0.426400, -0.137614), (0.000000, 0.000000, 0.000000, 1.000000)
((0.188070, 0.385553, -0.903315, -0.255753), (-0.830351, 0.553620, 0.063417, -0.102367), (0.524544, 0.738142, 0.424263, -0.137448), (0.000000, 0.000000, 0.000000, 1.000000)
((0.188807, 0.385508, -0.903181, -0.254911), (-0.829688, 0.554628, 0.063290, -0.102411), (0.525328, 0.737409, 0.424569, -0.137145), (0.000000, 0.000000, 0.000000, 1.000000)
((0.188053, 0.386041, -0.903110, -0.254397), (-0.830969, 0.552714, 0.063230, -0.102438), (0.523571, 0.738566, 0.424728, -0.136960), (0.000000, 0.000000, 0.000000, 1.000000)
((0.188053, 0.386041, -0.903110, -0.254335), (-0.830969, 0.552714, 0.063230, -0.102441), (0.523571, 0.738566, 0.424728, -0.136937), (0.000000, 0.000000, 0.000000, 1.000000)
((0.190634, 0.385773, -0.902684, -0.253047), (-0.830889, 0.553096, 0.060900, -0.102518), (0.522764, 0.738420, 0.425973, -0.136461), (0.000000, 0.000000, 0.000000, 1.000000)
((0.190634, 0.385773, -0.902684, -0.252958), (-0.830889, 0.553096, 0.060900, -0.102524), (0.522764, 0.738420, 0.425973, -0.136427), (0.000000, 0.000000, 0.000000, 1.000000)
((0.190634, 0.385773, -0.902684, -0.252908), (-0.830889, 0.553096, 0.060900, -0.102528), (0.522764, 0.738420, 0.425973, -0.136407), (0.000000, 0.000000, 0.000000, 1.000000)
((0.192044, 0.382519, -0.903769, -0.250443), (-0.829049, 0.556036, 0.059175, -0.102707), (0.525164, 0.737904, 0.423910, -0.135435), (0.000000, 0.000000, 0.000000, 1.000000)
((0.192122, 0.382356, -0.903821, -0.249695), (-0.828743, 0.556484, 0.059254, -0.102766), (0.525618, 0.737652, 0.423787, -0.135130), (0.000000, 0.000000, 0.000000, 1.000000)
((0.192618, 0.382217, -0.903775, -0.249021), (-0.828129, 0.557399, 0.059235, -0.102821), (0.526404, 0.737032, 0.423890, -0.134851), (0.000000, 0.000000, 0.000000, 1.000000)
((0.193352, 0.382173, -0.903636, -0.248216), (-0.827461, 0.558403, 0.059111, -0.102891), (0.527184, 0.736295, 0.424202, -0.134511), (0.000000, 0.000000, 0.000000, 1.000000)
((0.192646, 0.382639, -0.903590, -0.247335), (-0.828598, 0.556717, 0.059093, -0.102972), (0.525655, 0.737329, 0.424303, -0.134132), (0.000000, 0.000000, 0.000000, 1.000000)
((0.193319, 0.382427, -0.903536, -0.246299), (-0.827727, 0.558012, 0.059083, -0.103073), (0.526779, 0.736459, 0.424419, -0.133670), (0.000000, 0.000000, 0.000000, 1.000000)
((0.193575, 0.382192, -0.903581, -0.245383), (-0.827164, 0.558837, 0.059170, -0.103164), (0.527569, 0.735955, 0.424312, -0.133252), (0.000000, 0.000000, 0.000000, 1.000000)
((0.195091, 0.381515, -0.903541, -0.244514), (-0.825043, 0.561967, 0.059145, -0.103252), (0.530325, 0.733921, 0.424401, -0.132852), (0.000000, 0.000000, 0.000000, 1.000000)
((0.195445, 0.381367, -0.903527, -0.243576), (-0.824526, 0.562722, 0.059162, -0.103350), (0.530997, 0.733419, 0.424428, -0.132416), (0.000000, 0.000000, 0.000000, 1.000000)
((0.195876, 0.381057, -0.903564, -0.242611), (-0.823699, 0.563922, 0.059258, -0.103453), (0.532120, 0.732658, 0.424335, -0.131959), (0.000000, 0.000000, 0.000000, 1.000000)
((0.195147, 0.381281, -0.903627, -0.241507), (-0.824488, 0.562754, 0.059395, -0.103575), (0.531166, 0.733439, 0.424181, -0.131428), (0.000000, 0.000000, 0.000000, 1.000000)
((0.194378, 0.381585, -0.903665, -0.240414), (-0.825429, 0.561362, 0.059493, -0.103696), (0.529985, 0.734347, 0.424088, -0.130897), (0.000000, 0.000000, 0.000000, 1.000000)
((0.196913, 0.381426, -0.903183, -0.239575), (-0.825493, 0.561510, 0.057158, -0.103790), (0.528948, 0.734316, 0.425433, -0.130486), (0.000000, 0.000000, 0.000000, 1.000000)
((0.197166, 0.381192, -0.903227, -0.238529), (-0.824927, 0.562333, 0.057250, -0.103908), (0.529737, 0.733808, 0.425328, -0.129970), (0.000000, 0.000000, 0.000000, 1.000000)
((0.197418, 0.380959, -0.903270, -0.237605), (-0.824360, 0.563154, 0.057342, -0.104016), (0.530525, 0.733299, 0.425224, -0.129507), (0.000000, 0.000000, 0.000000, 1.000000)
((0.196611, 0.381352, -0.903280, -0.236561), (-0.825456, 0.561540, 0.057403, -0.104140), (0.529119, 0.734332, 0.425194, -0.128985), (0.000000, 0.000000, 0.000000, 1.000000)
((0.197040, 0.381048, -0.903315, -0.235584), (-0.824631, 0.562741, 0.057506, -0.104258), (0.530245, 0.733570, 0.425106, -0.128496), (0.000000, 0.000000, 0.000000, 1.000000)
((0.197253, 0.380895, -0.903333, -0.234763), (-0.824218, 0.563340, 0.057558, -0.104362), (0.530807, 0.733190, 0.425061, -0.128080), (0.000000, 0.000000, 0.000000, 1.000000)
((0.197504, 0.380663, -0.903376, -0.233963), (-0.823649, 0.564161, 0.057652, -0.104467), (0.531595, 0.732679, 0.424957, -0.127672), (0.000000, 0.000000, 0.000000, 1.000000)
((0.197755, 0.380431, -0.903419, -0.233233), (-0.823080, 0.564982, 0.057745, -0.104567), (0.532383, 0.732167, 0.424853, -0.127298), (0.000000, 0.000000, 0.000000, 1.000000)
((0.198005, 0.380199, -0.903462, -0.232635), (-0.822510, 0.565801, 0.057840, -0.104652), (0.533170, 0.731654, 0.424749, -0.126990), (0.000000, 0.000000, 0.000000, 1.000000)
((0.198218, 0.380047, -0.903479, -0.232143), (-0.822095, 0.566400, 0.057892, -0.104724), (0.533732, 0.731270, 0.424705, -0.126733), (0.000000, 0.000000, 0.000000, 1.000000)
((0.198255, 0.379967, -0.903504, -0.231879), (-0.821940, 0.566620, 0.057934, -0.104763), (0.533957, 0.731140, 0.424645, -0.126595), (0.000000, 0.000000, 0.000000, 1.000000)
((0.198828, 0.376998, -0.904621, -0.231033), (-0.821206, 0.567861, 0.056160, -0.104892), (0.534872, 0.731714, 0.422500, -0.126149), (0.000000, 0.000000, 0.000000, 1.000000)
((0.199657, 0.377043, -0.904420, -0.230380), (-0.820576, 0.568790, 0.055975, -0.104998), (0.535530, 0.730970, 0.422955, -0.125802), (0.000000, 0.000000, 0.000000, 1.000000)
((0.200055, 0.374142, -0.905536, -0.229700), (-0.820101, 0.569647, 0.054182, -0.105122), (0.536108, 0.731792, 0.420795, -0.125433), (0.000000, 0.000000, 0.000000, 1.000000)
((0.199505, 0.374640, -0.905452, -0.229056), (-0.821156, 0.568130, 0.054138, -0.105239), (0.534697, 0.732716, 0.420983, -0.125082), (0.000000, 0.000000, 0.000000, 1.000000)
((0.198134, 0.374100, -0.905976, -0.227674), (-0.819054, 0.570916, 0.056621, -0.105500), (0.538418, 0.730824, 0.419526, -0.124322), (0.000000, 0.000000, 0.000000, 1.000000)
((0.198999, 0.374064, -0.905801, -0.226824), (-0.818264, 0.572061, 0.056473, -0.105666), (0.539298, 0.729946, 0.419923, -0.123849), (0.000000, 0.000000, 0.000000, 1.000000)
((0.199726, 0.374020, -0.905659, -0.225873), (-0.817579, 0.573052, 0.056358, -0.105860), (0.540069, 0.729192, 0.420244, -0.123306), (0.000000, 0.000000, 0.000000, 1.000000)
((0.199415, 0.371684, -0.906689, -0.224951), (-0.818427, 0.572021, 0.054489, -0.106051), (0.538898, 0.731193, 0.418266, -0.122772), (0.000000, 0.000000, 0.000000, 1.000000)
((0.199415, 0.371684, -0.906689, -0.224876), (-0.818427, 0.572021, 0.054489, -0.106068), (0.538898, 0.731193, 0.418266, -0.122727), (0.000000, 0.000000, 0.000000, 1.000000)
((0.199953, 0.371669, -0.906576, -0.221935), (-0.817755, 0.572976, 0.054540, -0.106708), (0.539717, 0.730452, 0.418503, -0.120949), (0.000000, 0.000000, 0.000000, 1.000000)
((0.199202, 0.369675, -0.907557, -0.220119), (-0.819351, 0.570866, 0.052689, -0.107117), (0.537571, 0.733112, 0.416611, -0.119815), (0.000000, 0.000000, 0.000000, 1.000000)
((0.202645, 0.366871, -0.907932, -0.218940), (-0.818833, 0.571991, 0.048368, -0.107387), (0.537074, 0.733643, 0.416317, -0.119066), (0.000000, 0.000000, 0.000000, 1.000000)
((0.202527, 0.367407, -0.907742, -0.217747), (-0.819576, 0.570937, 0.048229, -0.107664), (0.535983, 0.734196, 0.416748, -0.118290), (0.000000, 0.000000, 0.000000, 1.000000)
((0.203388, 0.364525, -0.908711, -0.216809), (-0.818786, 0.572230, 0.046286, -0.107884), (0.536864, 0.734625, 0.414852, -0.117670), (0.000000, 0.000000, 0.000000, 1.000000)
((0.203837, 0.364470, -0.908632, -0.215908), (-0.818312, 0.572912, 0.046231, -0.108100), (0.537416, 0.734121, 0.415031, -0.117064), (0.000000, 0.000000, 0.000000, 1.000000)
((0.204219, 0.364249, -0.908635, -0.215194), (-0.817629, 0.573881, 0.046289, -0.108274), (0.538309, 0.733473, 0.415018, -0.116579), (0.000000, 0.000000, 0.000000, 1.000000)
((0.204500, 0.363940, -0.908696, -0.214210), (-0.816894, 0.574917, 0.046419, -0.108517), (0.539318, 0.732815, 0.414871, -0.115903), (0.000000, 0.000000, 0.000000, 1.000000)
((0.204150, 0.364386, -0.908595, -0.213187), (-0.817696, 0.573778, 0.046384, -0.108773), (0.538234, 0.733486, 0.415094, -0.115189), (0.000000, 0.000000, 0.000000, 1.000000)
((0.201559, 0.364583, -0.909095, -0.212152), (-0.817700, 0.573578, 0.048732, -0.109037), (0.539203, 0.733545, 0.413729, -0.114456), (0.000000, 0.000000, 0.000000, 1.000000)
((0.202095, 0.361514, -0.910201, -0.211270), (-0.816912, 0.574849, 0.046937, -0.109264), (0.540197, 0.734068, 0.411499, -0.113821), (0.000000, 0.000000, 0.000000, 1.000000)
((0.201203, 0.361919, -0.910237, -0.210517), (-0.818137, 0.573097, 0.047024, -0.109462), (0.538673, 0.735238, 0.411408, -0.113276), (0.000000, 0.000000, 0.000000, 1.000000)
((0.201310, 0.361683, -0.910307, -0.209892), (-0.817666, 0.573760, 0.047143, -0.109629), (0.539349, 0.734837, 0.411239, -0.112820), (0.000000, 0.000000, 0.000000, 1.000000)
((0.201380, 0.361525, -0.910355, -0.209441), (-0.817351, 0.574201, 0.047223, -0.109750), (0.539799, 0.734570, 0.411125, -0.112489), (0.000000, 0.000000, 0.000000, 1.000000)
((0.203409, 0.360783, -0.910198, -0.208034), (-0.814588, 0.578124, 0.047114, -0.110142), (0.543205, 0.731853, 0.411485, -0.111444), (0.000000, 0.000000, 0.000000, 1.000000)
((0.201922, 0.360415, -0.910675, -0.207175), (-0.812925, 0.580269, 0.049403, -0.110389), (0.546241, 0.730335, 0.410160, -0.110796), (0.000000, 0.000000, 0.000000, 1.000000)
((0.202403, 0.360281, -0.910621, -0.206504), (-0.812286, 0.581164, 0.049388, -0.110587), (0.547014, 0.729688, 0.410281, -0.110285), (0.000000, 0.000000, 0.000000, 1.000000)
((0.203158, 0.360163, -0.910500, -0.205792), (-0.811431, 0.582365, 0.049311, -0.110801), (0.548003, 0.728789, 0.410559, -0.109739), (0.000000, 0.000000, 0.000000, 1.000000)
((0.202601, 0.357970, -0.911488, -0.205173), (-0.812830, 0.580574, 0.047338, -0.110992), (0.546132, 0.731294, 0.408594, -0.109261), (0.000000, 0.000000, 0.000000, 1.000000)
((0.203459, 0.357940, -0.911309, -0.204570), (-0.812027, 0.581709, 0.047187, -0.111179), (0.547006, 0.730407, 0.409011, -0.108795), (0.000000, 0.000000, 0.000000, 1.000000)
((0.204179, 0.357901, -0.911163, -0.203839), (-0.811331, 0.582689, 0.047070, -0.111410), (0.547771, 0.729644, 0.409349, -0.108221), (0.000000, 0.000000, 0.000000, 1.000000)
((0.204728, 0.357609, -0.911154, -0.202894), (-0.810369, 0.584021, 0.047134, -0.111712), (0.548989, 0.728722, 0.409361, -0.107472), (0.000000, 0.000000, 0.000000, 1.000000)
((0.203540, 0.354376, -0.912682, -0.201826), (-0.808472, 0.586618, 0.047472, -0.112063), (0.552218, 0.728215, 0.405903, -0.106614), (0.000000, 0.000000, 0.000000, 1.000000)
((0.204156, 0.354248, -0.912594, -0.200937), (-0.807717, 0.587660, 0.047422, -0.112360), (0.553095, 0.727436, 0.406107, -0.105891), (0.000000, 0.000000, 0.000000, 1.000000)
((0.204464, 0.354184, -0.912550, -0.200586), (-0.807339, 0.588181, 0.047397, -0.112477), (0.553532, 0.727047, 0.406209, -0.105605), (0.000000, 0.000000, 0.000000, 1.000000)
((0.204378, 0.354721, -0.912361, -0.199593), (-0.808105, 0.587140, 0.047253, -0.112811), (0.552445, 0.727626, 0.406650, -0.104786), (0.000000, 0.000000, 0.000000, 1.000000)
((0.205164, 0.354522, -0.912262, -0.198597), (-0.807080, 0.588551, 0.047213, -0.113147), (0.553651, 0.726582, 0.406877, -0.103953), (0.000000, 0.000000, 0.000000, 1.000000)
((0.206533, 0.351484, -0.913128, -0.197173), (-0.805619, 0.590710, 0.045162, -0.113635), (0.555268, 0.726306, 0.405163, -0.102730), (0.000000, 0.000000, 0.000000, 1.000000)
((0.203972, 0.351649, -0.913640, -0.196294), (-0.805611, 0.590542, 0.047438, -0.113938), (0.556225, 0.726363, 0.403746, -0.101969), (0.000000, 0.000000, 0.000000, 1.000000)
((0.204586, 0.351521, -0.913552, -0.195495), (-0.804851, 0.591582, 0.047389, -0.114212), (0.557099, 0.725578, 0.403951, -0.101273), (0.000000, 0.000000, 0.000000, 1.000000)
((0.205271, 0.351557, -0.913385, -0.194845), (-0.804306, 0.592335, 0.047230, -0.114436), (0.557634, 0.724946, 0.404349, -0.100700), (0.000000, 0.000000, 0.000000, 1.000000)
((0.205584, 0.349082, -0.914263, -0.193260), (-0.804538, 0.592179, 0.045194, -0.114972), (0.557184, 0.726268, 0.402592, -0.099279), (0.000000, 0.000000, 0.000000, 1.000000)
((0.206979, 0.348754, -0.914073, -0.191640), (-0.802742, 0.594619, 0.045100, -0.115512), (0.559254, 0.724430, 0.403033, -0.097802), (0.000000, 0.000000, 0.000000, 1.000000)
((0.207149, 0.348683, -0.914062, -0.191243), (-0.802469, 0.594987, 0.045107, -0.115643), (0.559583, 0.724163, 0.403058, -0.097437), (0.000000, 0.000000, 0.000000, 1.000000)
((0.207897, 0.348560, -0.913939, -0.190139), (-0.801594, 0.596170, 0.045027, -0.116003), (0.560558, 0.723247, 0.403346, -0.096397), (0.000000, 0.000000, 0.000000, 1.000000)
((0.206984, 0.348087, -0.914327, -0.188812), (-0.799265, 0.599126, 0.047153, -0.116429), (0.564210, 0.721029, 0.402223, -0.095124), (0.000000, 0.000000, 0.000000, 1.000000)
((0.207079, 0.345839, -0.915158, -0.188008), (-0.800102, 0.598173, 0.045005, -0.116685), (0.562987, 0.722900, 0.400576, -0.094346), (0.000000, 0.000000, 0.000000, 1.000000)
((0.205523, 0.345566, -0.915612, -0.187444), (-0.798697, 0.599885, 0.047126, -0.116864), (0.565547, 0.721611, 0.399293, -0.093793), (0.000000, 0.000000, 0.000000, 1.000000)
((0.205692, 0.345494, -0.915601, -0.187096), (-0.798422, 0.600251, 0.047132, -0.116975), (0.565874, 0.721341, 0.399317, -0.093451), (0.000000, 0.000000, 0.000000, 1.000000)
((0.206197, 0.345277, -0.915569, -0.186242), (-0.797597, 0.601345, 0.047150, -0.117240), (0.566853, 0.720533, 0.399388, -0.092569), (0.000000, 0.000000, 0.000000, 1.000000)
((0.204354, 0.344671, -0.916210, -0.185574), (-0.795850, 0.603466, 0.049511, -0.117447), (0.569967, 0.719048, 0.397627, -0.091877), (0.000000, 0.000000, 0.000000, 1.000000)
((0.205090, 0.341502, -0.917232, -0.184488), (-0.794746, 0.605075, 0.047578, -0.117785), (0.571242, 0.719209, 0.395502, -0.090737), (0.000000, 0.000000, 0.000000, 1.000000)
((0.201971, 0.341681, -0.917857, -0.184066), (-0.795329, 0.604122, 0.049881, -0.117916), (0.571541, 0.719924, 0.393764, -0.090290), (0.000000, 0.000000, 0.000000, 1.000000)
((0.202379, 0.338653, -0.918889, -0.183582), (-0.794779, 0.605003, 0.047927, -0.118067), (0.572161, 0.720614, 0.391595, -0.089767), (0.000000, 0.000000, 0.000000, 1.000000)
((0.201924, 0.339157, -0.918803, -0.183070), (-0.795902, 0.603530, 0.047866, -0.118227), (0.570760, 0.721612, 0.391803, -0.089213), (0.000000, 0.000000, 0.000000, 1.000000)
((0.200393, 0.338791, -0.919273, -0.182280), (-0.794302, 0.605463, 0.049988, -0.118475), (0.573522, 0.720163, 0.390433, -0.088341), (0.000000, 0.000000, 0.000000, 1.000000)
((0.201295, 0.335941, -0.920122, -0.181489), (-0.793639, 0.606507, 0.047814, -0.118723), (0.574123, 0.720620, 0.388703, -0.087465), (0.000000, 0.000000, 0.000000, 1.000000)
((0.199870, 0.335656, -0.920536, -0.180836), (-0.792082, 0.608375, 0.049853, -0.118929), (0.576765, 0.719176, 0.387463, -0.086736), (0.000000, 0.000000, 0.000000, 1.000000)
((0.199971, 0.336175, -0.920325, -0.179885), (-0.792766, 0.607501, 0.049652, -0.119233), (0.575790, 0.719673, 0.387991, -0.085653), (0.000000, 0.000000, 0.000000, 1.000000)
((0.197140, 0.336329, -0.920879, -0.179438), (-0.793113, 0.606863, 0.051854, -0.119376), (0.576288, 0.720139, 0.386384, -0.085144), (0.000000, 0.000000, 0.000000, 1.000000)
((0.195512, 0.333628, -0.922208, -0.178282), (-0.792570, 0.607579, 0.051776, -0.119746), (0.577588, 0.720792, 0.383212, -0.083823), (0.000000, 0.000000, 0.000000, 1.000000)
((0.194842, 0.334764, -0.921938, -0.176918), (-0.794935, 0.604505, 0.051500, -0.120182), (0.574556, 0.722847, 0.383899, -0.082262), (0.000000, 0.000000, 0.000000, 1.000000)
((0.194842, 0.334764, -0.921938, -0.176882), (-0.794935, 0.604505, 0.051500, -0.120194), (0.574556, 0.722847, 0.383899, -0.082219), (0.000000, 0.000000, 0.000000, 1.000000)
((0.194871, 0.332212, -0.922854, -0.175963), (-0.795513, 0.603918, 0.049419, -0.120492), (0.573746, 0.724512, 0.381965, -0.081142), (0.000000, 0.000000, 0.000000, 1.000000)
