<PointSplatMark HeadPosAtStart="(-0.000296072, -0.0377649, 2.29939)" BrushTip="0" BrushInterface="ForceTapeDraw" SuperSamplesPerWidth="20" Draw="0" Width="0.022" Pose="1" LayerIndex="0" Name="leg" RoomToVirtualScaleAtStart="1.03571" RoomToVirtualFrameAtStart="((0.991244, 0.078024, 0.106521, -0.089543), (-0.066304, 0.991779, -0.109448, 0.006121), (-0.114185, 0.101427, 0.988268, -0.003256), (0.000000, 0.000000, 0.000000, 1.000000)" ColorSwatch="0.170979"><SamplePoints Num="180">(-0.186363, -0.281226, 0.111519)
(-0.186906, -0.280419, 0.111854)
(-0.187165, -0.280038, 0.11201)
(-0.187706, -0.279244, 0.112332)
(-0.188149, -0.278594, 0.112596)
(-0.188785, -0.277659, 0.112976)
(-0.189993, -0.275886, 0.113696)
(-0.19275, -0.271832, 0.115329)
(-0.194805, -0.268795, 0.116527)
(-0.195631, -0.267586, 0.116991)
(-0.196337, -0.266552, 0.117377)
(-0.196681, -0.266049, 0.117565)
(-0.197012, -0.265566, 0.117741)
(-0.197751, -0.264494, 0.118123)
(-0.198516, -0.263383, 0.118511)
(-0.19919, -0.262402, 0.118849)
(-0.199743, -0.261591, 0.119121)
(-0.199992, -0.261225, 0.119244)
(-0.200592, -0.260337, 0.11954)
(-0.200969, -0.25978, 0.119726)
(-0.200972, -0.259775, 0.119727)
(-0.202666, -0.257234, 0.120569)
(-0.203431, -0.256073, 0.120943)
(-0.203993, -0.255216, 0.121216)
(-0.204523, -0.254399, 0.121463)
(-0.205338, -0.253131, 0.121824)
(-0.205618, -0.252697, 0.121938)
(-0.206157, -0.251857, 0.122149)
(-0.2063, -0.251633, 0.122198)
(-0.206412, -0.251458, 0.122235)
(-0.206833, -0.250794, 0.122359)
(-0.207019, -0.250499, 0.122404)
(-0.207825, -0.249234, 0.122539)
(-0.209973, -0.245943, 0.122683)
(-0.211708, -0.243353, 0.1227)
(-0.215105, -0.238423, 0.122605)
(-0.217218, -0.235455, 0.122462)
(-0.218488, -0.233692, 0.122359)
(-0.219194, -0.232735, 0.122278)
(-0.219859, -0.231834, 0.122201)
(-0.22048, -0.231014, 0.122109)
(-0.223307, -0.227383, 0.121509)
(-0.224566, -0.225819, 0.121145)
(-0.225437, -0.224779, 0.120817)
(-0.22681, -0.223153, 0.120268)
(-0.228041, -0.221717, 0.11973)
(-0.228636, -0.221038, 0.11944)
(-0.22929, -0.220292, 0.119121)
(-0.229593, -0.219954, 0.118961)
(-0.230722, -0.218692, 0.118367)
(-0.231567, -0.217759, 0.117889)
(-0.232429, -0.216824, 0.117377)
(-0.235399, -0.213646, 0.115556)
(-0.235995, -0.213029, 0.11517)
(-0.236672, -0.212338, 0.114722)
(-0.23778, -0.211217, 0.113977)
(-0.23803, -0.21097, 0.113804)
(-0.240184, -0.208869, 0.112274)
(-0.241758, -0.207362, 0.1111)
(-0.243965, -0.205305, 0.109357)
(-0.244656, -0.20467, 0.108794)
(-0.245305, -0.20408, 0.108253)
(-0.246417, -0.20307, 0.107326)
(-0.2491, -0.200666, 0.104981)
(-0.250224, -0.199672, 0.103974)
(-0.250441, -0.199482, 0.103779)
(-0.251715, -0.198379, 0.102624)
(-0.253288, -0.197024, 0.101182)
(-0.254722, -0.195788, 0.0998662)
(-0.256599, -0.194183, 0.0981343)
(-0.259881, -0.191438, 0.0950224)
(-0.261196, -0.190338, 0.0937758)
(-0.262036, -0.189645, 0.0929615)
(-0.263049, -0.188808, 0.0919777)
(-0.264025, -0.188013, 0.0910123)
(-0.265075, -0.187156, 0.0899723)
(-0.266084, -0.186338, 0.0889593)
(-0.267035, -0.185568, 0.0880046)
(-0.267945, -0.184839, 0.087071)
(-0.268745, -0.1842, 0.0862504)
(-0.269693, -0.183449, 0.0852505)
(-0.270612, -0.182722, 0.0842806)
(-0.271575, -0.181972, 0.0832504)
(-0.272305, -0.181404, 0.0824706)
(-0.272698, -0.1811, 0.0820353)
(-0.274596, -0.179643, 0.0799272)
(-0.275865, -0.178677, 0.0785114)
(-0.27634, -0.178321, 0.0779753)
(-0.277745, -0.177266, 0.0763896)
(-0.278168, -0.17695, 0.075904)
(-0.279896, -0.175662, 0.0738963)
(-0.281091, -0.174773, 0.0724874)
(-0.283014, -0.173363, 0.0701951)
(-0.284017, -0.172638, 0.0689745)
(-0.285034, -0.171902, 0.0677371)
(-0.286986, -0.170517, 0.065286)
(-0.288671, -0.169353, 0.0630952)
(-0.290584, -0.168054, 0.0605367)
(-0.291779, -0.167247, 0.0589245)
(-0.292118, -0.16702, 0.058451)
(-0.292797, -0.166566, 0.0575027)
(-0.293398, -0.166168, 0.0566412)
(-0.295362, -0.164885, 0.0538021)
(-0.296173, -0.16436, 0.0526221)
(-0.296967, -0.163852, 0.051427)
(-0.297981, -0.163204, 0.0499012)
(-0.298664, -0.162766, 0.0488319)
(-0.298968, -0.162572, 0.0483566)
(-0.300328, -0.161686, 0.0461516)
(-0.301237, -0.161073, 0.0445886)
(-0.301846, -0.160662, 0.0435396)
(-0.302174, -0.160434, 0.0429407)
(-0.30303, -0.159823, 0.0413141)
(-0.304116, -0.159007, 0.0390868)
(-0.30502, -0.158291, 0.0370889)
(-0.305932, -0.157532, 0.0349225)
(-0.306702, -0.156848, 0.0329183)
(-0.3072, -0.156393, 0.0315778)
(-0.307984, -0.155615, 0.0292486)
(-0.307986, -0.155613, 0.0292419)
(-0.308495, -0.155045, 0.0275197)
(-0.308939, -0.154502, 0.0258689)
(-0.309509, -0.15378, 0.0236768)
(-0.310048, -0.153051, 0.0214585)
(-0.310169, -0.152874, 0.0209241)
(-0.310514, -0.152374, 0.0194067)
(-0.310928, -0.151743, 0.0175137)
(-0.311259, -0.151238, 0.0159968)
(-0.311355, -0.15109, 0.0155533)
(-0.311956, -0.150144, 0.0127017)
(-0.312319, -0.149572, 0.010975)
(-0.312322, -0.149568, 0.0109645)
(-0.313179, -0.148245, 0.00694633)
(-0.313533, -0.147713, 0.00532586)
(-0.313948, -0.14709, 0.00342697)
(-0.314389, -0.146442, 0.00144352)
(-0.315559, -0.144765, -0.003743)
(-0.316089, -0.144012, -0.00607935)
(-0.316578, -0.14334, -0.00819825)
(-0.317579, -0.142022, -0.01239)
(-0.317889, -0.141616, -0.0136821)
(-0.317903, -0.141598, -0.0137389)
(-0.318946, -0.140304, -0.0178583)
(-0.319743, -0.139346, -0.0209119)
(-0.320106, -0.138909, -0.0223043)
(-0.320354, -0.138622, -0.0232075)
(-0.321164, -0.137684, -0.0261668)
(-0.321725, -0.137059, -0.0281134)
(-0.322245, -0.136482, -0.0299144)
(-0.322553, -0.136149, -0.0309324)
(-0.323141, -0.135512, -0.0328798)
(-0.323534, -0.135103, -0.0341205)
(-0.324002, -0.134616, -0.0356005)
(-0.324535, -0.134092, -0.0371714)
(-0.324933, -0.133702, -0.0383425)
(-0.32539, -0.133276, -0.0396255)
(-0.326298, -0.132429, -0.0421761)
(-0.326896, -0.131899, -0.0437775)
(-0.327851, -0.13107, -0.0462588)
(-0.328978, -0.130106, -0.0491358)
(-0.32948, -0.129676, -0.0504171)
(-0.331376, -0.128058, -0.0550966)
(-0.332534, -0.127074, -0.0579234)
(-0.333968, -0.125867, -0.0613588)
(-0.334732, -0.125228, -0.0631703)
(-0.335572, -0.12454, -0.0650861)
(-0.336301, -0.123943, -0.0667497)
(-0.336971, -0.123409, -0.068209)
(-0.337213, -0.123216, -0.0687331)
(-0.339787, -0.121252, -0.0739451)
(-0.341223, -0.120211, -0.0766464)
(-0.342281, -0.119461, -0.0785782)
(-0.343061, -0.118933, -0.0799311)
(-0.34383, -0.118413, -0.0812651)
(-0.344807, -0.117784, -0.0828694)
(-0.345347, -0.117436, -0.0837564)
(-0.347734, -0.115967, -0.0874742)
(-0.349392, -0.114984, -0.0899263)
(-0.350778, -0.114185, -0.091873)
(-0.350944, -0.114089, -0.0921058)
</SamplePoints>
<SampleFrames Num="180">((-0.190896, 0.583258, 0.789537, -0.186363), (-0.670644, 0.509845, -0.538790, -0.281226), (-0.716795, -0.632351, 0.293831, 0.111519), (0.000000, 0.000000, 0.000000, 1.000000)
((0.188078, 0.555914, 0.809683, -0.186906), (-0.666423, 0.677810, -0.310571, -0.280419), (-0.721462, -0.481180, 0.497955, 0.111854), (0.000000, 0.000000, 0.000000, 1.000000)
((0.186142, 0.557177, 0.809262, -0.187165), (-0.665115, 0.677696, -0.313607, -0.280038), (-0.723168, -0.479877, 0.496735, 0.112010), (0.000000, 0.000000, 0.000000, 1.000000)
((0.186717, 0.556530, 0.809575, -0.187706), (-0.663196, 0.679364, -0.314062, -0.279244), (-0.724781, -0.478266, 0.495937, 0.112332), (0.000000, 0.000000, 0.000000, 1.000000)
((0.185971, 0.559661, 0.807585, -0.188149), (-0.660989, 0.679396, -0.318613, -0.278594), (-0.726986, -0.474552, 0.496278, 0.112596), (0.000000, 0.000000, 0.000000, 1.000000)
((0.188300, 0.557982, 0.808208, -0.188785), (-0.661317, 0.680439, -0.315695, -0.277659), (-0.726088, -0.475036, 0.497129, 0.112976), (0.000000, 0.000000, 0.000000, 1.000000)
((0.186367, 0.559354, 0.807707, -0.189993), (-0.658569, 0.681193, -0.319786, -0.275886), (-0.729078, -0.472333, 0.495325, 0.113696), (0.000000, 0.000000, 0.000000, 1.000000)
((0.190507, 0.558993, 0.806991, -0.192750), (-0.655407, 0.684429, -0.319373, -0.271832), (-0.730855, -0.468065, 0.496756, 0.115329), (0.000000, 0.000000, 0.000000, 1.000000)
((0.188361, 0.560673, 0.806328, -0.194805), (-0.653119, 0.684673, -0.323510, -0.268795), (-0.733455, -0.465692, 0.495152, 0.116527), (0.000000, 0.000000, 0.000000, 1.000000)
((0.190462, 0.559340, 0.806761, -0.195631), (-0.653297, 0.685626, -0.321123, -0.267586), (-0.732753, -0.465893, 0.496001, 0.116991), (0.000000, 0.000000, 0.000000, 1.000000)
((0.190938, 0.558880, 0.806967, -0.196337), (-0.651506, 0.687065, -0.321685, -0.266552), (-0.734222, -0.464322, 0.495301, 0.117377), (0.000000, 0.000000, 0.000000, 1.000000)
((0.191964, 0.560923, 0.805304, -0.196681), (-0.650795, 0.686955, -0.323355, -0.266049), (-0.734585, -0.462015, 0.496917, 0.117565), (0.000000, 0.000000, 0.000000, 1.000000)
((0.194407, 0.559134, 0.805962, -0.197012), (-0.650637, 0.688384, -0.320624, -0.265566), (-0.734083, -0.462057, 0.497620, 0.117741), (0.000000, 0.000000, 0.000000, 1.000000)
((0.196499, 0.557792, 0.806385, -0.197751), (-0.650651, 0.689429, -0.318341, -0.264494), (-0.733513, -0.462121, 0.498400, 0.118123), (0.000000, 0.000000, 0.000000, 1.000000)
((0.195797, 0.560853, 0.804430, -0.198516), (-0.648449, 0.689415, -0.322833, -0.263383), (-0.735648, -0.458422, 0.498670, 0.118511), (0.000000, 0.000000, 0.000000, 1.000000)
((0.197772, 0.559669, 0.804771, -0.199190), (-0.648467, 0.690370, -0.320749, -0.262402), (-0.735103, -0.458433, 0.499463, 0.118849), (0.000000, 0.000000, 0.000000, 1.000000)
((0.200206, 0.557868, 0.805420, -0.199743), (-0.648144, 0.691888, -0.318120, -0.261591), (-0.734729, -0.458338, 0.500099, 0.119121), (0.000000, 0.000000, 0.000000, 1.000000)
((0.201329, 0.559751, 0.803832, -0.199992), (-0.647263, 0.691967, -0.319739, -0.261225), (-0.735199, -0.455918, 0.501619, 0.119244), (0.000000, 0.000000, 0.000000, 1.000000)
((0.201817, 0.559291, 0.804030, -0.200592), (-0.645781, 0.693187, -0.320092, -0.260337), (-0.736368, -0.454627, 0.501076, 0.119540), (0.000000, 0.000000, 0.000000, 1.000000)
((0.202417, 0.558691, 0.804296, -0.200969), (-0.644132, 0.694589, -0.320376, -0.259780), (-0.737646, -0.453223, 0.500467, 0.119726), (0.000000, 0.000000, 0.000000, 1.000000)
((0.202417, 0.558691, 0.804296, -0.200972), (-0.644132, 0.694589, -0.320376, -0.259775), (-0.737646, -0.453223, 0.500467, 0.119727), (0.000000, 0.000000, 0.000000, 1.000000)
((0.206110, 0.558765, 0.803306, -0.202666), (-0.641765, 0.696906, -0.320093, -0.257234), (-0.738685, -0.449560, 0.502235, 0.120569), (0.000000, 0.000000, 0.000000, 1.000000)
((0.210044, 0.556131, 0.804114, -0.203431), (-0.643075, 0.698095, -0.314829, -0.256073), (-0.736435, -0.450978, 0.504265, 0.120943), (0.000000, 0.000000, 0.000000, 1.000000)
((0.212008, 0.554908, 0.804444, -0.203993), (-0.642915, 0.699140, -0.312831, -0.255216), (-0.736011, -0.450866, 0.504982, 0.121216), (0.000000, 0.000000, 0.000000, 1.000000)
((0.211779, 0.555218, 0.804290, -0.204523), (-0.643084, 0.698861, -0.313107, -0.254399), (-0.735930, -0.450917, 0.505056, 0.121463), (0.000000, 0.000000, 0.000000, 1.000000)
((0.215316, 0.555211, 0.803355, -0.205338), (-0.641852, 0.700457, -0.312067, -0.253131), (-0.735979, -0.448442, 0.507183, 0.121824), (0.000000, 0.000000, 0.000000, 1.000000)
((0.214978, 0.555670, 0.803128, -0.205618), (-0.642182, 0.699998, -0.312419, -0.252697), (-0.735790, -0.448591, 0.507325, 0.121938), (0.000000, 0.000000, 0.000000, 1.000000)
((0.215673, 0.554956, 0.803435, -0.206157), (-0.640212, 0.701637, -0.312784, -0.251857), (-0.737301, -0.446910, 0.506614, 0.122149), (0.000000, 0.000000, 0.000000, 1.000000)
((0.217291, 0.553950, 0.803694, -0.206300), (-0.641840, 0.701418, -0.309925, -0.251633), (-0.735409, -0.448499, 0.507959, 0.122198), (0.000000, 0.000000, 0.000000, 1.000000)
((0.219721, 0.552055, 0.804337, -0.206412), (-0.641489, 0.702929, -0.307218, -0.251458), (-0.734993, -0.448471, 0.508585, 0.122235), (0.000000, 0.000000, 0.000000, 1.000000)
((0.220942, 0.553735, 0.802846, -0.206833), (-0.640588, 0.703118, -0.308662, -0.250794), (-0.735412, -0.446097, 0.510065, 0.122359), (0.000000, 0.000000, 0.000000, 1.000000)
((0.220834, 0.553885, 0.802773, -0.207019), (-0.640750, 0.702937, -0.308738, -0.250499), (-0.735304, -0.446197, 0.510134, 0.122404), (0.000000, 0.000000, 0.000000, 1.000000)
((0.230580, 0.548939, 0.803429, -0.207825), (-0.641694, 0.706475, -0.298533, -0.249234), (-0.731479, -0.446720, 0.515150, 0.122539), (0.000000, 0.000000, 0.000000, 1.000000)
((0.226776, 0.549959, 0.803815, -0.209973), (-0.639434, 0.706602, -0.303047, -0.245943), (-0.734641, -0.445262, 0.511903, 0.122683), (0.000000, 0.000000, 0.000000, 1.000000)
((0.230481, 0.549829, 0.802849, -0.211708), (-0.635911, 0.709615, -0.303421, -0.243353), (-0.736544, -0.440607, 0.513195, 0.122700), (0.000000, 0.000000, 0.000000, 1.000000)
((0.229983, 0.548853, 0.803659, -0.215105), (-0.634589, 0.710661, -0.303740, -0.238423), (-0.737837, -0.440139, 0.511736, 0.122605), (0.000000, 0.000000, 0.000000, 1.000000)
((0.229604, 0.549643, 0.803227, -0.217218), (-0.632812, 0.711332, -0.305869, -0.235455), (-0.739480, -0.438063, 0.511146, 0.122462), (0.000000, 0.000000, 0.000000, 1.000000)
((0.225583, 0.550694, 0.803647, -0.218488), (-0.632140, 0.710416, -0.309367, -0.233692), (-0.741290, -0.438230, 0.508374, 0.122359), (0.000000, 0.000000, 0.000000, 1.000000)
((0.224855, 0.551686, 0.803171, -0.219194), (-0.632178, 0.709845, -0.310598, -0.232735), (-0.741479, -0.437907, 0.508376, 0.122278), (0.000000, 0.000000, 0.000000, 1.000000)
((0.226094, 0.551136, 0.803200, -0.219859), (-0.633672, 0.709455, -0.308437, -0.231834), (-0.739825, -0.439230, 0.509643, 0.122201), (0.000000, 0.000000, 0.000000, 1.000000)
((0.227440, 0.550429, 0.803305, -0.220480), (-0.635000, 0.709242, -0.306188, -0.231014), (-0.738273, -0.440459, 0.510832, 0.122109), (0.000000, 0.000000, 0.000000, 1.000000)
((0.228059, 0.550983, 0.802749, -0.223307), (-0.634717, 0.709340, -0.306548, -0.227383), (-0.738325, -0.439607, 0.511490, 0.121509), (0.000000, 0.000000, 0.000000, 1.000000)
((0.227063, 0.552340, 0.802099, -0.224566), (-0.634457, 0.708747, -0.308450, -0.225819), (-0.738855, -0.438860, 0.511366, 0.121145), (0.000000, 0.000000, 0.000000, 1.000000)
((0.226414, 0.553211, 0.801682, -0.225437), (-0.634024, 0.708520, -0.309860, -0.224779), (-0.739426, -0.438129, 0.511168, 0.120817), (0.000000, 0.000000, 0.000000, 1.000000)
((0.225576, 0.552172, 0.802634, -0.226810), (-0.636146, 0.707465, -0.307915, -0.223153), (-0.737857, -0.441135, 0.510849, 0.120268), (0.000000, 0.000000, 0.000000, 1.000000)
((0.222836, 0.554741, 0.801627, -0.228041), (-0.634270, 0.706956, -0.312913, -0.221717), (-0.740301, -0.438720, 0.509391, 0.119730), (0.000000, 0.000000, 0.000000, 1.000000)
((0.225097, 0.553031, 0.802177, -0.228636), (-0.633433, 0.708638, -0.310797, -0.221038), (-0.740333, -0.438166, 0.509820, 0.119440), (0.000000, 0.000000, 0.000000, 1.000000)
((0.222398, 0.553112, 0.802874, -0.229290), (-0.635598, 0.706698, -0.310793, -0.220292), (-0.739293, -0.441185, 0.508725, 0.119121), (0.000000, 0.000000, 0.000000, 1.000000)
((0.222004, 0.553633, 0.802624, -0.229593), (-0.635308, 0.706578, -0.311658, -0.219954), (-0.739661, -0.440724, 0.508591, 0.118961), (0.000000, 0.000000, 0.000000, 1.000000)
((0.225637, 0.551196, 0.803288, -0.230722), (-0.636111, 0.707874, -0.307047, -0.218692), (-0.737869, -0.441699, 0.510344, 0.118367), (0.000000, 0.000000, 0.000000, 1.000000)
((0.221927, 0.551754, 0.803938, -0.231567), (-0.635121, 0.707399, -0.310173, -0.217759), (-0.739844, -0.441762, 0.507422, 0.117889), (0.000000, 0.000000, 0.000000, 1.000000)
((0.223081, 0.551289, 0.803937, -0.232429), (-0.635846, 0.707410, -0.308659, -0.216824), (-0.738874, -0.442324, 0.508345, 0.117377), (0.000000, 0.000000, 0.000000, 1.000000)
((0.224664, 0.549138, 0.804968, -0.235399), (-0.639727, 0.706250, -0.303249, -0.213646), (-0.735034, -0.446831, 0.509968, 0.115556), (0.000000, 0.000000, 0.000000, 1.000000)
((0.224253, 0.549675, 0.804716, -0.235995), (-0.639286, 0.706221, -0.304245, -0.213029), (-0.735543, -0.446216, 0.509772, 0.115170), (0.000000, 0.000000, 0.000000, 1.000000)
((0.225540, 0.549022, 0.804802, -0.236672), (-0.640151, 0.706237, -0.302384, -0.212338), (-0.734396, -0.446996, 0.510742, 0.114722), (0.000000, 0.000000, 0.000000, 1.000000)
((0.224956, 0.547569, 0.805955, -0.237780), (-0.641818, 0.705628, -0.300264, -0.211217), (-0.733120, -0.449730, 0.510175, 0.113977), (0.000000, 0.000000, 0.000000, 1.000000)
((0.226545, 0.546527, 0.806217, -0.238030), (-0.643280, 0.705478, -0.297477, -0.210970), (-0.731347, -0.451231, 0.511392, 0.113804), (0.000000, 0.000000, 0.000000, 1.000000)
((0.229474, 0.544913, 0.806481, -0.240184), (-0.643488, 0.706605, -0.294334, -0.208869), (-0.730250, -0.451419, 0.512793, 0.112274), (0.000000, 0.000000, 0.000000, 1.000000)
((0.226549, 0.545544, 0.806881, -0.241758), (-0.643590, 0.705649, -0.296398, -0.207362), (-0.731073, -0.452152, 0.510971, 0.111100), (0.000000, 0.000000, 0.000000, 1.000000)
((0.230334, 0.543569, 0.807143, -0.243965), (-0.645868, 0.705808, -0.291014, -0.205305), (-0.727874, -0.454277, 0.513645, 0.109357), (0.000000, 0.000000, 0.000000, 1.000000)
((0.229823, 0.544266, 0.806819, -0.244656), (-0.645590, 0.705615, -0.292098, -0.204670), (-0.728282, -0.453743, 0.513539, 0.108794), (0.000000, 0.000000, 0.000000, 1.000000)
((0.231816, 0.542791, 0.807242, -0.245305), (-0.644918, 0.707013, -0.290195, -0.204080), (-0.728245, -0.453333, 0.513953, 0.108253), (0.000000, 0.000000, 0.000000, 1.000000)
((0.231417, 0.541039, 0.808531, -0.246417), (-0.646594, 0.706503, -0.287698, -0.203070), (-0.726885, -0.456214, 0.513329, 0.107326), (0.000000, 0.000000, 0.000000, 1.000000)
((0.234506, 0.539988, 0.808344, -0.249100), (-0.649191, 0.705924, -0.283235, -0.200666), (-0.723573, -0.458349, 0.516099, 0.104981), (0.000000, 0.000000, 0.000000, 1.000000)
((0.233644, 0.541108, 0.807844, -0.250224), (-0.648026, 0.706074, -0.285519, -0.199672), (-0.724895, -0.456794, 0.515622, 0.103974), (0.000000, 0.000000, 0.000000, 1.000000)
((0.235303, 0.539878, 0.808186, -0.250441), (-0.649158, 0.706160, -0.282722, -0.199482), (-0.723344, -0.458115, 0.516628, 0.103779), (0.000000, 0.000000, 0.000000, 1.000000)
((0.236265, 0.537277, 0.809637, -0.251715), (-0.651840, 0.705565, -0.277997, -0.198379), (-0.720613, -0.462073, 0.516919, 0.102624), (0.000000, 0.000000, 0.000000, 1.000000)
((0.235013, 0.539024, 0.808840, -0.253288), (-0.651302, 0.705030, -0.280603, -0.197024), (-0.721508, -0.460854, 0.516759, 0.101182), (0.000000, 0.000000, 0.000000, 1.000000)
((0.238082, 0.536985, 0.809298, -0.254722), (-0.651184, 0.706484, -0.277199, -0.195788), (-0.720608, -0.461006, 0.517878, 0.099866), (0.000000, 0.000000, 0.000000, 1.000000)
((0.238714, 0.534772, 0.810577, -0.256599), (-0.653442, 0.705923, -0.273289, -0.194183), (-0.718352, -0.464427, 0.517956, 0.098134), (0.000000, 0.000000, 0.000000, 1.000000)
((0.239399, 0.535848, 0.809664, -0.259881), (-0.653875, 0.705429, -0.273528, -0.191438), (-0.717730, -0.463936, 0.519256, 0.095022), (0.000000, 0.000000, 0.000000, 1.000000)
((0.236757, 0.536123, 0.810258, -0.261196), (-0.654196, 0.704549, -0.275023, -0.190338), (-0.718313, -0.464954, 0.517536, 0.093776), (0.000000, 0.000000, 0.000000, 1.000000)
((0.234366, 0.536030, 0.811015, -0.262036), (-0.654650, 0.703760, -0.275961, -0.189645), (-0.718683, -0.466255, 0.515849, 0.092961), (0.000000, 0.000000, 0.000000, 1.000000)
((0.233512, 0.537134, 0.810530, -0.263049), (-0.653649, 0.703842, -0.278117, -0.188808), (-0.719871, -0.464859, 0.515453, 0.091978), (0.000000, 0.000000, 0.000000, 1.000000)
((0.234553, 0.536666, 0.810539, -0.264025), (-0.653917, 0.704059, -0.276935, -0.188013), (-0.719289, -0.465070, 0.516075, 0.091012), (0.000000, 0.000000, 0.000000, 1.000000)
((0.235455, 0.536375, 0.810471, -0.265075), (-0.654042, 0.704277, -0.276086, -0.187156), (-0.718881, -0.465076, 0.516637, 0.089972), (0.000000, 0.000000, 0.000000, 1.000000)
((0.234386, 0.537807, 0.809832, -0.266084), (-0.653201, 0.704093, -0.278533, -0.186338), (-0.719994, -0.463699, 0.516326, 0.088959), (0.000000, 0.000000, 0.000000, 1.000000)
((0.231975, 0.537713, 0.810587, -0.267035), (-0.653664, 0.703292, -0.279471, -0.185568), (-0.720354, -0.465022, 0.514630, 0.088005), (0.000000, 0.000000, 0.000000, 1.000000)
((0.231087, 0.538929, 0.810034, -0.267945), (-0.653262, 0.702932, -0.281310, -0.184839), (-0.721005, -0.464157, 0.514500, 0.087071), (0.000000, 0.000000, 0.000000, 1.000000)
((0.228462, 0.541391, 0.809136, -0.268745), (-0.651125, 0.702848, -0.286427, -0.184200), (-0.723769, -0.461411, 0.513087, 0.086250), (0.000000, 0.000000, 0.000000, 1.000000)
((0.227570, 0.542493, 0.808649, -0.269693), (-0.649971, 0.702989, -0.288694, -0.183449), (-0.725085, -0.459901, 0.512584, 0.085250), (0.000000, 0.000000, 0.000000, 1.000000)
((0.227125, 0.540687, 0.809982, -0.270612), (-0.651409, 0.702614, -0.286356, -0.182722), (-0.723934, -0.462591, 0.511790, 0.084281), (0.000000, 0.000000, 0.000000, 1.000000)
((0.226136, 0.541940, 0.809421, -0.271575), (-0.650412, 0.702581, -0.288694, -0.181972), (-0.725139, -0.461173, 0.511363, 0.083250), (0.000000, 0.000000, 0.000000, 1.000000)
((0.224041, 0.541313, 0.810423, -0.272305), (-0.650701, 0.702145, -0.289104, -0.181404), (-0.725530, -0.462572, 0.509542, 0.082471), (0.000000, 0.000000, 0.000000, 1.000000)
((0.223592, 0.541859, 0.810182, -0.272698), (-0.650124, 0.702215, -0.290230, -0.181100), (-0.726185, -0.461826, 0.509286, 0.082035), (0.000000, 0.000000, 0.000000, 1.000000)
((0.221053, 0.545029, 0.808752, -0.274596), (-0.649805, 0.700690, -0.294596, -0.179643), (-0.727247, -0.460410, 0.509052, 0.079927), (0.000000, 0.000000, 0.000000, 1.000000)
((0.222789, 0.541384, 0.810721, -0.275865), (-0.650888, 0.701715, -0.289726, -0.178677), (-0.725748, -0.463140, 0.508715, 0.078511), (0.000000, 0.000000, 0.000000, 1.000000)
((0.222337, 0.541929, 0.810481, -0.276340), (-0.650312, 0.701784, -0.290850, -0.178321), (-0.726402, -0.462399, 0.508455, 0.077975), (0.000000, 0.000000, 0.000000, 1.000000)
((0.219481, 0.542188, 0.811086, -0.277745), (-0.649744, 0.701398, -0.293042, -0.177266), (-0.727778, -0.462681, 0.506227, 0.076390), (0.000000, 0.000000, 0.000000, 1.000000)
((0.219051, 0.542717, 0.810849, -0.278168), (-0.649316, 0.701379, -0.294034, -0.176950), (-0.728289, -0.462089, 0.506033, 0.075904), (0.000000, 0.000000, 0.000000, 1.000000)
((0.216841, 0.543174, 0.811136, -0.279896), (-0.651930, 0.699037, -0.293827, -0.175662), (-0.726614, -0.465090, 0.505691, 0.073896), (0.000000, 0.000000, 0.000000, 1.000000)
((0.214087, 0.543356, 0.811746, -0.281091), (-0.652109, 0.698216, -0.295378, -0.174773), (-0.727270, -0.466110, 0.503806, 0.072487), (0.000000, 0.000000, 0.000000, 1.000000)
((0.212280, 0.545477, 0.810797, -0.283014), (-0.649953, 0.698391, -0.299685, -0.173363), (-0.729725, -0.463363, 0.502789, 0.070195), (0.000000, 0.000000, 0.000000, 1.000000)
((0.209013, 0.546220, 0.811146, -0.284017), (-0.651369, 0.696444, -0.301138, -0.172638), (-0.729405, -0.465414, 0.501357, 0.068975), (0.000000, 0.000000, 0.000000, 1.000000)
((0.206637, 0.545743, 0.812075, -0.285034), (-0.651072, 0.696247, -0.302234, -0.171902), (-0.730347, -0.466266, 0.499189, 0.067737), (0.000000, 0.000000, 0.000000, 1.000000)
((0.204600, 0.548141, 0.810975, -0.286986), (-0.649073, 0.696132, -0.306765, -0.170517), (-0.732696, -0.463618, 0.498212, 0.065286), (0.000000, 0.000000, 0.000000, 1.000000)
((0.201362, 0.548646, 0.811443, -0.288671), (-0.648059, 0.695803, -0.309640, -0.169353), (-0.734488, -0.463513, 0.495664, 0.063095), (0.000000, 0.000000, 0.000000, 1.000000)
((0.200512, 0.548288, 0.811896, -0.290584), (-0.651484, 0.693560, -0.307478, -0.168054), (-0.731685, -0.467285, 0.496268, 0.060537), (0.000000, 0.000000, 0.000000, 1.000000)
((0.199469, 0.549358, 0.811429, -0.291779), (-0.649732, 0.694016, -0.310146, -0.167247), (-0.733526, -0.465347, 0.495370, 0.058925), (0.000000, 0.000000, 0.000000, 1.000000)
((0.199267, 0.549546, 0.811352, -0.292118), (-0.649291, 0.694174, -0.310714, -0.167020), (-0.733972, -0.464888, 0.495141, 0.058451), (0.000000, 0.000000, 0.000000, 1.000000)
((0.194393, 0.551245, 0.811382, -0.292797), (-0.649807, 0.692003, -0.314457, -0.166566), (-0.734821, -0.466113, 0.492723, 0.057503), (0.000000, 0.000000, 0.000000, 1.000000)
((0.193563, 0.552228, 0.810911, -0.293398), (-0.649249, 0.691769, -0.316119, -0.166168), (-0.735533, -0.465295, 0.492435, 0.056641), (0.000000, 0.000000, 0.000000, 1.000000)
((0.192399, 0.550941, 0.812063, -0.295362), (-0.647594, 0.693030, -0.316751, -0.164885), (-0.737295, -0.464945, 0.490124, 0.053802), (0.000000, 0.000000, 0.000000, 1.000000)
((0.189033, 0.554005, 0.810768, -0.296173), (-0.646788, 0.691498, -0.321707, -0.164360), (-0.738872, -0.463582, 0.489040, 0.052622), (0.000000, 0.000000, 0.000000, 1.000000)
((0.190153, 0.553548, 0.810819, -0.296967), (-0.647283, 0.691647, -0.320389, -0.163852), (-0.738151, -0.463906, 0.489821, 0.051427), (0.000000, 0.000000, 0.000000, 1.000000)
((0.190797, 0.553590, 0.810639, -0.297981), (-0.647197, 0.691845, -0.320136, -0.163204), (-0.738060, -0.463562, 0.490283, 0.049901), (0.000000, 0.000000, 0.000000, 1.000000)
((0.188527, 0.552868, 0.811662, -0.298664), (-0.647193, 0.691569, -0.320740, -0.162766), (-0.738647, -0.464834, 0.488191, 0.048832), (0.000000, 0.000000, 0.000000, 1.000000)
((0.190024, 0.552059, 0.811863, -0.298968), (-0.648429, 0.691479, -0.318428, -0.162572), (-0.737178, -0.465926, 0.489369, 0.048357), (0.000000, 0.000000, 0.000000, 1.000000)
((0.185860, 0.555950, 0.810170, -0.300328), (-0.646601, 0.690046, -0.325183, -0.161686), (-0.739840, -0.463418, 0.487730, 0.046152), (0.000000, 0.000000, 0.000000, 1.000000)
((0.186315, 0.556298, 0.809826, -0.301237), (-0.646835, 0.689874, -0.325083, -0.161073), (-0.739521, -0.463256, 0.488367, 0.044589), (0.000000, 0.000000, 0.000000, 1.000000)
((0.185564, 0.557114, 0.809438, -0.301846), (-0.646119, 0.689804, -0.326650, -0.160662), (-0.740336, -0.462379, 0.487964, 0.043540), (0.000000, 0.000000, 0.000000, 1.000000)
((0.187665, 0.555390, 0.810138, -0.302174), (-0.645485, 0.691421, -0.324479, -0.160434), (-0.740359, -0.462039, 0.488251, 0.042941), (0.000000, 0.000000, 0.000000, 1.000000)
((0.186522, 0.556555, 0.809602, -0.303030), (-0.644029, 0.691572, -0.327040, -0.159823), (-0.741914, -0.460407, 0.487431, 0.041314), (0.000000, 0.000000, 0.000000, 1.000000)
((0.184272, 0.559143, 0.808333, -0.304116), (-0.643714, 0.690148, -0.330647, -0.159007), (-0.742749, -0.459406, 0.487103, 0.039087), (0.000000, 0.000000, 0.000000, 1.000000)
((0.186360, 0.560741, 0.806747, -0.305020), (-0.642448, 0.690801, -0.331744, -0.158291), (-0.743324, -0.456469, 0.488984, 0.037089), (0.000000, 0.000000, 0.000000, 1.000000)
((0.182356, 0.564422, 0.805092, -0.305932), (-0.640898, 0.689202, -0.338010, -0.157532), (-0.745651, -0.454344, 0.487417, 0.034923), (0.000000, 0.000000, 0.000000, 1.000000)
((0.181138, 0.565578, 0.804556, -0.306702), (-0.639131, 0.689476, -0.340786, -0.156848), (-0.747463, -0.452488, 0.486368, 0.032918), (0.000000, 0.000000, 0.000000, 1.000000)
((0.180496, 0.566096, 0.804336, -0.307200), (-0.637787, 0.689903, -0.342436, -0.156393), (-0.748765, -0.451187, 0.485574, 0.031578), (0.000000, 0.000000, 0.000000, 1.000000)
((0.178372, 0.568496, 0.803116, -0.307984), (-0.637448, 0.688532, -0.345809, -0.155615), (-0.749562, -0.450262, 0.485201, 0.029249), (0.000000, 0.000000, 0.000000, 1.000000)
((0.178249, 0.568648, 0.803036, -0.307986), (-0.637455, 0.688430, -0.345998, -0.155613), (-0.749585, -0.450226, 0.485200, 0.029242), (0.000000, 0.000000, 0.000000, 1.000000)
((0.175593, 0.568217, 0.803926, -0.308495), (-0.637028, 0.688184, -0.347271, -0.155045), (-0.750574, -0.451145, 0.482810, 0.027520), (0.000000, 0.000000, 0.000000, 1.000000)
((0.175886, 0.569047, 0.803275, -0.308939), (-0.639274, 0.686549, -0.346381, -0.154502), (-0.748594, -0.452589, 0.484531, 0.025869), (0.000000, 0.000000, 0.000000, 1.000000)
((0.177659, 0.569135, 0.802822, -0.309509), (-0.642444, 0.685048, -0.343475, -0.153780), (-0.745455, -0.454747, 0.487342, 0.023677), (0.000000, 0.000000, 0.000000, 1.000000)
((0.177763, 0.570016, 0.802173, -0.310048), (-0.643602, 0.683991, -0.343414, -0.153051), (-0.744430, -0.455234, 0.488452, 0.021459), (0.000000, 0.000000, 0.000000, 1.000000)
((0.176814, 0.571445, 0.801366, -0.310169), (-0.645168, 0.682170, -0.344097, -0.152874), (-0.743300, -0.456175, 0.489295, 0.020924), (0.000000, 0.000000, 0.000000, 1.000000)
((0.179820, 0.569922, 0.801782, -0.310514), (-0.647322, 0.682283, -0.339801, -0.152374), (-0.740702, -0.457908, 0.491611, 0.019407), (0.000000, 0.000000, 0.000000, 1.000000)
((0.178556, 0.569311, 0.802498, -0.310928), (-0.650293, 0.680362, -0.337974, -0.151743), (-0.738401, -0.461512, 0.491702, 0.017514), (0.000000, 0.000000, 0.000000, 1.000000)
((0.179005, 0.570028, 0.801889, -0.311259), (-0.652312, 0.678913, -0.336995, -0.151238), (-0.736509, -0.462758, 0.493365, 0.015997), (0.000000, 0.000000, 0.000000, 1.000000)
((0.178821, 0.570194, 0.801811, -0.311355), (-0.652022, 0.678977, -0.337428, -0.151090), (-0.736811, -0.462459, 0.493195, 0.015553), (0.000000, 0.000000, 0.000000, 1.000000)
((0.181132, 0.567089, 0.803493, -0.311956), (-0.655749, 0.678522, -0.331061, -0.150144), (-0.732929, -0.466924, 0.494770, 0.012702), (0.000000, 0.000000, 0.000000, 1.000000)
((0.179669, 0.566855, 0.803987, -0.312319), (-0.659026, 0.676133, -0.329437, -0.149572), (-0.730345, -0.470659, 0.495052, 0.010975), (0.000000, 0.000000, 0.000000, 1.000000)
((0.179669, 0.566855, 0.803987, -0.312322), (-0.659026, 0.676133, -0.329437, -0.149568), (-0.730345, -0.470659, 0.495052, 0.010965), (0.000000, 0.000000, 0.000000, 1.000000)
((0.180836, 0.565328, 0.804800, -0.313179), (-0.663388, 0.674229, -0.324548, -0.148245), (-0.726095, -0.475205, 0.496957, 0.006946), (0.000000, 0.000000, 0.000000, 1.000000)
((0.183899, 0.563630, 0.805297, -0.313533), (-0.665333, 0.674437, -0.320104, -0.147713), (-0.723542, -0.476924, 0.499030, 0.005326), (0.000000, 0.000000, 0.000000, 1.000000)
((0.183192, 0.561990, 0.806603, -0.313948), (-0.666655, 0.674027, -0.318212, -0.147090), (-0.722504, -0.479432, 0.498130, 0.003427), (0.000000, 0.000000, 0.000000, 1.000000)
((0.181746, 0.561723, 0.807115, -0.314389), (-0.669626, 0.671771, -0.316742, -0.146442), (-0.720118, -0.482899, 0.498236, 0.001444), (0.000000, 0.000000, 0.000000, 1.000000)
((0.184647, 0.556658, 0.809961, -0.315559), (-0.677011, 0.669455, -0.305754, -0.144765), (-0.712433, -0.491896, 0.500477, -0.003743), (0.000000, 0.000000, 0.000000, 1.000000)
((0.188834, 0.554477, 0.810492, -0.316089), (-0.679684, 0.669501, -0.299664, -0.144012), (-0.708782, -0.494291, 0.503294, -0.006079), (0.000000, 0.000000, 0.000000, 1.000000)
((0.189524, 0.552126, 0.811935, -0.316578), (-0.682205, 0.668773, -0.295532, -0.143340), (-0.706171, -0.497895, 0.503411, -0.008198), (0.000000, 0.000000, 0.000000, 1.000000)
((0.191128, 0.549505, 0.813335, -0.317579), (-0.685066, 0.668098, -0.290395, -0.142022), (-0.702961, -0.501686, 0.504140, -0.012390), (0.000000, 0.000000, 0.000000, 1.000000)
((0.193954, 0.548034, 0.813659, -0.317889), (-0.687248, 0.667774, -0.285953, -0.141616), (-0.700052, -0.503723, 0.506152, -0.013682), (0.000000, 0.000000, 0.000000, 1.000000)
((0.193954, 0.548034, 0.813659, -0.317903), (-0.687248, 0.667774, -0.285953, -0.141598), (-0.700052, -0.503723, 0.506152, -0.013739), (0.000000, 0.000000, 0.000000, 1.000000)
((0.192632, 0.546183, 0.815216, -0.318946), (-0.692465, 0.664292, -0.281439, -0.140304), (-0.695259, -0.510295, 0.506176, -0.017858), (0.000000, 0.000000, 0.000000, 1.000000)
((0.196458, 0.544121, 0.815682, -0.319743), (-0.694388, 0.664544, -0.276056, -0.139346), (-0.692264, -0.512166, 0.508386, -0.020912), (0.000000, 0.000000, 0.000000, 1.000000)
((0.199451, 0.542290, 0.816175, -0.320106), (-0.696378, 0.664425, -0.271288, -0.138909), (-0.689404, -0.514257, 0.510159, -0.022304), (0.000000, 0.000000, 0.000000, 1.000000)
((0.199053, 0.542659, 0.816026, -0.320354), (-0.695703, 0.664706, -0.272328, -0.138622), (-0.690199, -0.513504, 0.509842, -0.023208), (0.000000, 0.000000, 0.000000, 1.000000)
((0.200735, 0.540022, 0.817362, -0.321164), (-0.699377, 0.663238, -0.266435, -0.137684), (-0.685986, -0.518162, 0.510814, -0.026167), (0.000000, 0.000000, 0.000000, 1.000000)
((0.203312, 0.538528, 0.817711, -0.321725), (-0.700677, 0.663368, -0.262667, -0.137059), (-0.683897, -0.519548, 0.512205, -0.028113), (0.000000, 0.000000, 0.000000, 1.000000)
((0.206102, 0.536817, 0.818138, -0.322245), (-0.702369, 0.663301, -0.258283, -0.136482), (-0.681322, -0.521402, 0.513751, -0.029914), (0.000000, 0.000000, 0.000000, 1.000000)
((0.207351, 0.536125, 0.818276, -0.322553), (-0.703081, 0.663274, -0.256408, -0.136149), (-0.680208, -0.522148, 0.514469, -0.030932), (0.000000, 0.000000, 0.000000, 1.000000)
((0.205788, 0.538683, 0.816990, -0.323141), (-0.703418, 0.661830, -0.259198, -0.135512), (-0.680334, -0.521345, 0.515116, -0.032880), (0.000000, 0.000000, 0.000000, 1.000000)
((0.207215, 0.534584, 0.819318, -0.323534), (-0.704956, 0.662275, -0.253826, -0.135103), (-0.678305, -0.524987, 0.514092, -0.034121), (0.000000, 0.000000, 0.000000, 1.000000)
((0.208167, 0.534240, 0.819301, -0.324002), (-0.705410, 0.662258, -0.252608, -0.134616), (-0.677542, -0.525358, 0.514719, -0.035601), (0.000000, 0.000000, 0.000000, 1.000000)
((0.209009, 0.533921, 0.819295, -0.324535), (-0.705461, 0.662518, -0.251783, -0.134092), (-0.677229, -0.525356, 0.515133, -0.037171), (0.000000, 0.000000, 0.000000, 1.000000)
((0.206013, 0.534965, 0.819373, -0.324933), (-0.707420, 0.659954, -0.253016, -0.133702), (-0.676103, -0.527516, 0.514404, -0.038342), (0.000000, 0.000000, 0.000000, 1.000000)
((0.207180, 0.534297, 0.819514, -0.325390), (-0.707862, 0.660095, -0.251408, -0.133276), (-0.675284, -0.528016, 0.514967, -0.039625), (0.000000, 0.000000, 0.000000, 1.000000)
((0.209295, 0.533277, 0.819641, -0.326298), (-0.708753, 0.660214, -0.248570, -0.132429), (-0.673695, -0.528898, 0.516141, -0.042176), (0.000000, 0.000000, 0.000000, 1.000000)
((0.210244, 0.532926, 0.819626, -0.326896), (-0.709202, 0.660192, -0.247342, -0.131899), (-0.672926, -0.529279, 0.516754, -0.043778), (0.000000, 0.000000, 0.000000, 1.000000)
((0.212182, 0.532335, 0.819511, -0.327851), (-0.710631, 0.659702, -0.244536, -0.131070), (-0.670808, -0.530484, 0.518270, -0.046259), (0.000000, 0.000000, 0.000000, 1.000000)
((0.211686, 0.531355, 0.820275, -0.328978), (-0.712675, 0.658252, -0.242482, -0.130106), (-0.668792, -0.533260, 0.518026, -0.049136), (0.000000, 0.000000, 0.000000, 1.000000)
((0.214408, 0.529716, 0.820628, -0.329480), (-0.714584, 0.657842, -0.237936, -0.129676), (-0.665882, -0.535392, 0.519573, -0.050417), (0.000000, 0.000000, 0.000000, 1.000000)
((0.216969, 0.529511, 0.820087, -0.331376), (-0.716676, 0.656808, -0.234476, -0.128058), (-0.662797, -0.536863, 0.521995, -0.055097), (0.000000, 0.000000, 0.000000, 1.000000)
((0.219895, 0.522810, 0.823599, -0.332534), (-0.722783, 0.654319, -0.222375, -0.127074), (-0.655157, -0.546385, 0.521760, -0.057923), (0.000000, 0.000000, 0.000000, 1.000000)
((0.225078, 0.518860, 0.824696, -0.333968), (-0.724978, 0.654675, -0.214028, -0.125867), (-0.650958, -0.549714, 0.523515, -0.061359), (0.000000, 0.000000, 0.000000, 1.000000)
((0.227431, 0.517488, 0.824913, -0.334732), (-0.726449, 0.654294, -0.210170, -0.125228), (-0.648496, -0.551458, 0.524735, -0.063170), (0.000000, 0.000000, 0.000000, 1.000000)
((0.227624, 0.515545, 0.826076, -0.335572), (-0.729101, 0.652557, -0.206351, -0.124540), (-0.645445, -0.555322, 0.524422, -0.065086), (0.000000, 0.000000, 0.000000, 1.000000)
((0.229800, 0.514486, 0.826133, -0.336301), (-0.730692, 0.651911, -0.202735, -0.123943), (-0.642869, -0.557061, 0.525740, -0.066750), (0.000000, 0.000000, 0.000000, 1.000000)
((0.234452, 0.509952, 0.827636, -0.336971), (-0.732264, 0.652604, -0.194671, -0.123409), (-0.639391, -0.560407, 0.526424, -0.068209), (0.000000, 0.000000, 0.000000, 1.000000)
((0.234068, 0.510494, 0.827411, -0.337213), (-0.732031, 0.652602, -0.195555, -0.123216), (-0.639799, -0.559917, 0.526450, -0.068733), (0.000000, 0.000000, 0.000000, 1.000000)
((0.244482, 0.503388, 0.828752, -0.339787), (-0.739248, 0.649853, -0.176645, -0.121252), (-0.627488, -0.569466, 0.531006, -0.073945), (0.000000, 0.000000, 0.000000, 1.000000)
((0.245828, 0.499768, 0.830543, -0.341223), (-0.741433, 0.648873, -0.170998, -0.120211), (-0.624376, -0.573756, 0.530056, -0.076646), (0.000000, 0.000000, 0.000000, 1.000000)
((0.246388, 0.499844, 0.830331, -0.342281), (-0.741728, 0.648693, -0.170404, -0.119461), (-0.623805, -0.573894, 0.530578, -0.078578), (0.000000, 0.000000, 0.000000, 1.000000)
((0.247213, 0.499683, 0.830182, -0.343061), (-0.742493, 0.648176, -0.169033, -0.118933), (-0.622567, -0.574617, 0.531249, -0.079931), (0.000000, 0.000000, 0.000000, 1.000000)
((0.247717, 0.499913, 0.829894, -0.343830), (-0.742908, 0.647841, -0.168495, -0.118413), (-0.621872, -0.574795, 0.531870, -0.081265), (0.000000, 0.000000, 0.000000, 1.000000)
((0.248118, 0.496635, 0.831740, -0.344807), (-0.744464, 0.647126, -0.164319, -0.117784), (-0.619847, -0.578430, 0.530291, -0.082869), (0.000000, 0.000000, 0.000000, 1.000000)
((0.249131, 0.496123, 0.831742, -0.345347), (-0.745218, 0.646708, -0.162539, -0.117436), (-0.618534, -0.579336, 0.530835, -0.083756), (0.000000, 0.000000, 0.000000, 1.000000)
((0.251472, 0.495517, 0.831399, -0.347734), (-0.746896, 0.645673, -0.158911, -0.115967), (-0.615555, -0.581007, 0.532469, -0.087474), (0.000000, 0.000000, 0.000000, 1.000000)
((0.249200, 0.496076, 0.831750, -0.349392), (-0.747997, 0.644113, -0.160058, -0.114984), (-0.615142, -0.582260, 0.531577, -0.089926), (0.000000, 0.000000, 0.000000, 1.000000)
((0.247504, 0.498499, 0.830807, -0.350778), (-0.746884, 0.644379, -0.164136, -0.114185), (-0.617176, -0.579892, 0.531807, -0.091873), (0.000000, 0.000000, 0.000000, 1.000000)
((0.247802, 0.500607, 0.829450, -0.350944), (-0.744199, 0.646520, -0.167868, -0.114089), (-0.620292, -0.575677, 0.532760, -0.092106), (0.000000, 0.000000, 0.000000, 1.000000)
</SampleFrames>
<SampleWeights Num="180">0.00607602
0.0275082
0.0342634
0.0334404
0.0398099
0.0450977
0.0445222
0.0652274
0.0804584
0.077795
0.0792888
0.0802576
0.0778248
0.0749257
0.0886858
0.0801534
0.0769084
0.0769096
0.0818943
0.0842324
0.0842319
0.0873425
0.0756166
0.0728128
0.0674786
0.0667671
0.0716138
0.0697649
0.0662171
0.0654079
0.0655441
0.069853
0.0514869
0.0635325
0.0644526
0.077322
0.0944468
0.101533
0.105599
0.105378
0.101134
0.128608
0.130676
0.135166
0.142957
0.153501
0.151624
0.139106
0.136482
0.143823
0.147895
0.137805
0.145743
0.140196
0.137181
0.13565
0.137835
0.15629
0.170725
0.146824
0.156634
0.166824
0.1684
0.17652
0.169912
0.160878
0.151302
0.180754
0.17986
0.169411
0.180746
0.19929
0.208788
0.204591
0.184969
0.172515
0.17825
0.191717
0.207282
0.214304
0.202702
0.198822
0.198824
0.195296
0.195737
0.179769
0.188384
0.189871
0.184634
0.184967
0.182041
0.201133
0.186988
0.176576
0.174513
0.171251
0.168529
0.170809
0.15207
0.140214
0.141013
0.151649
0.163799
0.151048
0.144395
0.134275
0.133502
0.131717
0.129425
0.135625
0.1363
0.143448
0.143986
0.136706
0.132703
0.13488
0.142642
0.133088
0.12748
0.132373
0.14484
0.14649
0.143108
0.130588
0.129265
0.134922
0.130031
0.12637
0.125759
0.145647
0.160907
0.160906
0.166144
0.166716
0.175321
0.177016
0.15892
0.157243
0.163695
0.183992
0.193616
0.193606
0.198143
0.194556
0.192455
0.191243
0.20698
0.202153
0.199875
0.195201
0.197372
0.205422
0.20866
0.200401
0.193253
0.185742
0.178751
0.176443
0.191156
0.199953
0.198589
0.164925
0.183483
0.203934
0.196083
0.195679
0.197841
0.202643
0.203665
0.192251
0.196191
0.191579
0.198226
0.20495
0.206796
0.205825
0.191332
0.180053
0.184947
0.188356
</SampleWeights>
</PointSplatMark>
