<PointSplatMark HeadPosAtStart="(-1.99567, 1.32367, 0.224285)" BrushTip="0" BrushInterface="ForceTapeDraw" SuperSamplesPerWidth="20" Draw="0" Width="0.022" Pose="1" LayerIndex="0" Name="leg" RoomToVirtualScaleAtStart="1.03571" RoomToVirtualFrameAtStart="((0.184684, 0.498368, -0.847066, -0.148386), (-0.123922, 0.866822, 0.482973, 0.054660), (0.974954, 0.015773, 0.221847, 0.043224), (0.000000, 0.000000, 0.000000, 1.000000)" ColorSwatch="0.170979"><SamplePoints Num="124">(-0.264425, -0.0859135, 0.139531)
(-0.264643, -0.0858255, 0.139345)
(-0.264989, -0.0856858, 0.13905)
(-0.265347, -0.0855415, 0.138743)
(-0.265444, -0.0855024, 0.138659)
(-0.265596, -0.0854415, 0.138527)
(-0.265724, -0.0853904, 0.138414)
(-0.265726, -0.0853898, 0.138413)
(-0.267629, -0.0846358, 0.136714)
(-0.268531, -0.0842828, 0.135898)
(-0.269635, -0.0838504, 0.134897)
(-0.270966, -0.0833365, 0.133663)
(-0.272258, -0.0828379, 0.132465)
(-0.273596, -0.082333, 0.131193)
(-0.275316, -0.0816846, 0.129559)
(-0.278733, -0.0804181, 0.126215)
(-0.281034, -0.07957, 0.123911)
(-0.282394, -0.0790746, 0.122515)
(-0.283519, -0.078664, 0.121333)
(-0.284675, -0.0782479, 0.120085)
(-0.285802, -0.0778426, 0.118867)
(-0.28719, -0.07735, 0.117312)
(-0.289525, -0.0765525, 0.114609)
(-0.290402, -0.076266, 0.113564)
(-0.291649, -0.0758905, 0.111997)
(-0.293019, -0.075478, 0.110275)
(-0.293474, -0.0753516, 0.109679)
(-0.294332, -0.0751163, 0.108549)
(-0.294771, -0.0750051, 0.107946)
(-0.295896, -0.0747428, 0.106333)
(-0.29609, -0.0746975, 0.106055)
(-0.297638, -0.0743469, 0.10376)
(-0.29898, -0.0740628, 0.101619)
(-0.29965, -0.073921, 0.100551)
(-0.299971, -0.0738543, 0.100024)
(-0.301569, -0.0735319, 0.0973144)
(-0.302833, -0.0732775, 0.0951582)
(-0.30366, -0.0731134, 0.0936684)
(-0.304988, -0.0728536, 0.0912372)
(-0.305996, -0.0726641, 0.0893124)
(-0.307218, -0.0724364, 0.0868941)
(-0.308309, -0.0722367, 0.0846121)
(-0.309643, -0.0719952, 0.0817014)
(-0.310793, -0.0717892, 0.079091)
(-0.312018, -0.0715706, 0.0762866)
(-0.313075, -0.0713863, 0.0736705)
(-0.313703, -0.0712766, 0.0720826)
(-0.315146, -0.0710236, 0.0681322)
(-0.315797, -0.0709066, 0.0662233)
(-0.316321, -0.0708112, 0.0646295)
(-0.31723, -0.0706473, 0.061778)
(-0.317804, -0.0705455, 0.0598418)
(-0.318367, -0.0704383, 0.057867)
(-0.318893, -0.0703303, 0.0559411)
(-0.319569, -0.0701913, 0.0534662)
(-0.320372, -0.0700084, 0.0504257)
(-0.321008, -0.0698615, 0.047958)
(-0.32191, -0.0696522, 0.0444297)
(-0.322725, -0.0694793, 0.0410523)
(-0.323653, -0.0692887, 0.0371346)
(-0.324272, -0.0691876, 0.0343544)
(-0.324628, -0.0691362, 0.0327078)
(-0.325393, -0.069093, 0.0287679)
(-0.325807, -0.0690696, 0.0266388)
(-0.326518, -0.0690757, 0.0227875)
(-0.326921, -0.0691046, 0.0204991)
(-0.327269, -0.0691906, 0.0182218)
(-0.327422, -0.0692471, 0.0171312)
(-0.327552, -0.0693034, 0.0161607)
(-0.327666, -0.0693631, 0.0152617)
(-0.327846, -0.0694669, 0.0138086)
(-0.327986, -0.0695551, 0.0126589)
(-0.328185, -0.0696863, 0.0110276)
(-0.328657, -0.0700096, 0.00720555)
(-0.328932, -0.0702049, 0.00507303)
(-0.329017, -0.0702652, 0.00443124)
(-0.329481, -0.0705674, 0.00122061)
(-0.329716, -0.0707203, -0.000405158)
(-0.329977, -0.0708892, -0.00215628)
(-0.33017, -0.0710138, -0.00343625)
(-0.330524, -0.0712286, -0.0056455)
(-0.330739, -0.0713546, -0.00694616)
(-0.330992, -0.0714997, -0.00844769)
(-0.331273, -0.0716522, -0.0100481)
(-0.331567, -0.0718074, -0.0116932)
(-0.331953, -0.071992, -0.013719)
(-0.332366, -0.072181, -0.0158279)
(-0.332764, -0.0723485, -0.0177195)
(-0.333215, -0.0725381, -0.0198615)
(-0.33363, -0.072715, -0.0217876)
(-0.333739, -0.0727621, -0.0222902)
(-0.334604, -0.073141, -0.0260843)
(-0.334983, -0.0733071, -0.027747)
(-0.335515, -0.0735448, -0.0300432)
(-0.335929, -0.0737297, -0.0318298)
(-0.33636, -0.0739157, -0.0336519)
(-0.336914, -0.0741484, -0.0359605)
(-0.33748, -0.0743781, -0.0383204)
(-0.338238, -0.0746758, -0.0414876)
(-0.338884, -0.0748897, -0.0441753)
(-0.339087, -0.074957, -0.0450205)
(-0.339814, -0.0751539, -0.0480523)
(-0.340215, -0.0752528, -0.0497102)
(-0.340622, -0.0753428, -0.051372)
(-0.340943, -0.0753997, -0.0526193)
(-0.341288, -0.0754607, -0.053957)
(-0.342508, -0.0756679, -0.0586481)
(-0.342853, -0.0757211, -0.059922)
(-0.343332, -0.075795, -0.0616956)
(-0.343812, -0.0758784, -0.0634754)
(-0.344446, -0.0759987, -0.0658286)
(-0.345071, -0.0761227, -0.0681474)
(-0.34561, -0.0762342, -0.0701445)
(-0.346104, -0.0763457, -0.0720028)
(-0.346621, -0.0764739, -0.0739821)
(-0.347654, -0.0767251, -0.0778837)
(-0.348226, -0.0768656, -0.0800529)
(-0.34881, -0.0770109, -0.0822812)
(-0.349254, -0.0771165, -0.0839819)
(-0.349432, -0.0771576, -0.0846666)
(-0.349441, -0.0771596, -0.0847038)
(-0.350464, -0.0773852, -0.0888267)
(-0.350742, -0.0774429, -0.0899698)
(-0.350894, -0.0774717, -0.0906066)
</SamplePoints>
<SampleFrames Num="124">((0.236593, 0.834489, -0.497646, -0.264425), (-0.944103, 0.076444, -0.320663, -0.085913), (-0.229548, 0.545696, 0.805930, 0.139531), (0.000000, 0.000000, 0.000000, 1.000000)
((0.236660, 0.834318, -0.497901, -0.264643), (-0.944146, 0.076538, -0.320516, -0.085826), (-0.229304, 0.545944, 0.805832, 0.139345), (0.000000, 0.000000, 0.000000, 1.000000)
((0.233907, 0.834922, -0.498190, -0.264989), (-0.944485, 0.073528, -0.320222, -0.085686), (-0.230729, 0.545435, 0.805770, 0.139050), (0.000000, 0.000000, 0.000000, 1.000000)
((0.236036, 0.834032, -0.498676, -0.265347), (-0.944494, 0.076227, -0.319564, -0.085542), (-0.228514, 0.546425, 0.805730, 0.138743), (0.000000, 0.000000, 0.000000, 1.000000)
((0.236069, 0.833947, -0.498803, -0.265444), (-0.944515, 0.076274, -0.319490, -0.085502), (-0.228392, 0.546549, 0.805681, 0.138659), (0.000000, 0.000000, 0.000000, 1.000000)
((0.237529, 0.834360, -0.497417, -0.265596), (-0.944987, 0.079924, -0.317192, -0.085441), (-0.224897, 0.545395, 0.807444, 0.138527), (0.000000, 0.000000, 0.000000, 1.000000)
((0.237364, 0.834310, -0.497578, -0.265724), (-0.945069, 0.079834, -0.316973, -0.085390), (-0.224730, 0.545484, 0.807430, 0.138414), (0.000000, 0.000000, 0.000000, 1.000000)
((0.237364, 0.834310, -0.497578, -0.265726), (-0.945069, 0.079834, -0.316973, -0.085390), (-0.224730, 0.545484, 0.807430, 0.138413), (0.000000, 0.000000, 0.000000, 1.000000)
((0.237681, 0.835014, -0.496246, -0.267629), (-0.944668, 0.079805, -0.318172, -0.084636), (-0.226075, 0.544411, 0.807779, 0.136714), (0.000000, 0.000000, 0.000000, 1.000000)
((0.236577, 0.835844, -0.495374, -0.268531), (-0.944528, 0.078303, -0.318960, -0.084283), (-0.227812, 0.543353, 0.808003, 0.135898), (0.000000, 0.000000, 0.000000, 1.000000)
((0.237801, 0.835744, -0.494957, -0.269635), (-0.944323, 0.079631, -0.319239, -0.083850), (-0.227388, 0.543315, 0.808148, 0.134897), (0.000000, 0.000000, 0.000000, 1.000000)
((0.238895, 0.835504, -0.494835, -0.270966), (-0.944217, 0.080913, -0.319229, -0.083337), (-0.226679, 0.543494, 0.808227, 0.133663), (0.000000, 0.000000, 0.000000, 1.000000)
((0.238482, 0.837745, -0.491233, -0.272258), (-0.944205, 0.081696, -0.319066, -0.082838), (-0.227164, 0.539916, 0.810486, 0.132465), (0.000000, 0.000000, 0.000000, 1.000000)
((0.239979, 0.837429, -0.491043, -0.273596), (-0.943971, 0.083249, -0.319357, -0.082333), (-0.226560, 0.540169, 0.810486, 0.131193), (0.000000, 0.000000, 0.000000, 1.000000)
((0.237819, 0.838767, -0.489809, -0.275316), (-0.944762, 0.082662, -0.317162, -0.081685), (-0.225536, 0.538180, 0.812093, 0.129559), (0.000000, 0.000000, 0.000000, 1.000000)
((0.241241, 0.839550, -0.486783, -0.278733), (-0.943522, 0.085530, -0.320080, -0.080418), (-0.227089, 0.536507, 0.812767, 0.126215), (0.000000, 0.000000, 0.000000, 1.000000)
((0.243459, 0.840223, -0.484514, -0.281034), (-0.943533, 0.089460, -0.318971, -0.079570), (-0.224662, 0.534811, 0.814558, 0.123911), (0.000000, 0.000000, 0.000000, 1.000000)
((0.244113, 0.840924, -0.482965, -0.282394), (-0.943926, 0.091886, -0.317114, -0.079075), (-0.222291, 0.533295, 0.816200, 0.122515), (0.000000, 0.000000, 0.000000, 1.000000)
((0.242433, 0.842676, -0.480753, -0.283519), (-0.943399, 0.089161, -0.319451, -0.078664), (-0.226329, 0.530987, 0.816595, 0.121333), (0.000000, 0.000000, 0.000000, 1.000000)
((0.243670, 0.843344, -0.478953, -0.284675), (-0.943583, 0.091973, -0.318106, -0.078248), (-0.224222, 0.529445, 0.818176, 0.120085), (0.000000, 0.000000, 0.000000, 1.000000)
((0.245363, 0.843047, -0.478611, -0.285802), (-0.943235, 0.093613, -0.318661, -0.077843), (-0.223842, 0.529630, 0.818160, 0.118867), (0.000000, 0.000000, 0.000000, 1.000000)
((0.244505, 0.843269, -0.478659, -0.287190), (-0.943240, 0.092423, -0.318994, -0.077350), (-0.224759, 0.529486, 0.818003, 0.117312), (0.000000, 0.000000, 0.000000, 1.000000)
((0.245851, 0.843223, -0.478051, -0.289525), (-0.943656, 0.095501, -0.316849, -0.076553), (-0.221520, 0.529013, 0.819191, 0.114609), (0.000000, 0.000000, 0.000000, 1.000000)
((0.246591, 0.844283, -0.475794, -0.290402), (-0.943851, 0.097845, -0.315549, -0.076266), (-0.219858, 0.526890, 0.821005, 0.113564), (0.000000, 0.000000, 0.000000, 1.000000)
((0.247471, 0.845008, -0.474046, -0.291649), (-0.944118, 0.100370, -0.313953, -0.075890), (-0.217713, 0.525250, 0.822626, 0.111997), (0.000000, 0.000000, 0.000000, 1.000000)
((0.246850, 0.845110, -0.474187, -0.293019), (-0.944086, 0.099370, -0.314367, -0.075478), (-0.218555, 0.525275, 0.822387, 0.110275), (0.000000, 0.000000, 0.000000, 1.000000)
((0.246746, 0.844901, -0.474614, -0.293474), (-0.944208, 0.099359, -0.314004, -0.075352), (-0.218145, 0.525614, 0.822279, 0.109679), (0.000000, 0.000000, 0.000000, 1.000000)
((0.243020, 0.847263, -0.472320, -0.294332), (-0.944785, 0.096399, -0.313191, -0.075116), (-0.219824, 0.522352, 0.823909, 0.108549), (0.000000, 0.000000, 0.000000, 1.000000)
((0.243179, 0.846855, -0.472969, -0.294771), (-0.944887, 0.096623, -0.312813, -0.075005), (-0.219208, 0.522972, 0.823680, 0.107946), (0.000000, 0.000000, 0.000000, 1.000000)
((0.242236, 0.847315, -0.472630, -0.295896), (-0.944827, 0.095299, -0.313401, -0.074743), (-0.220508, 0.522470, 0.823651, 0.106333), (0.000000, 0.000000, 0.000000, 1.000000)
((0.242132, 0.847106, -0.473057, -0.296090), (-0.944948, 0.095286, -0.313038, -0.074698), (-0.220101, 0.522811, 0.823544, 0.106055), (0.000000, 0.000000, 0.000000, 1.000000)
((0.240262, 0.848381, -0.471724, -0.297638), (-0.945634, 0.094823, -0.311101, -0.074347), (-0.219202, 0.520824, 0.825041, 0.103760), (0.000000, 0.000000, 0.000000, 1.000000)
((0.236293, 0.850372, -0.470142, -0.298980), (-0.946410, 0.091784, -0.309651, -0.074063), (-0.220167, 0.518115, 0.826488, 0.101619), (0.000000, 0.000000, 0.000000, 1.000000)
((0.233181, 0.851697, -0.469297, -0.299650), (-0.946383, 0.087803, -0.310884, -0.073921), (-0.223573, 0.516627, 0.826506, 0.100551), (0.000000, 0.000000, 0.000000, 1.000000)
((0.233078, 0.851488, -0.469726, -0.299971), (-0.946504, 0.087786, -0.310522, -0.073854), (-0.223170, 0.516973, 0.826398, 0.100024), (0.000000, 0.000000, 0.000000, 1.000000)
((0.231331, 0.852501, -0.468752, -0.301569), (-0.946247, 0.085204, -0.312019, -0.073532), (-0.226057, 0.515735, 0.826387, 0.097314), (0.000000, 0.000000, 0.000000, 1.000000)
((0.232084, 0.853178, -0.467144, -0.302833), (-0.946604, 0.087618, -0.310264, -0.073277), (-0.223780, 0.514208, 0.827957, 0.095158), (0.000000, 0.000000, 0.000000, 1.000000)
((0.230499, 0.854674, -0.465191, -0.303660), (-0.947072, 0.087269, -0.308933, -0.073113), (-0.223440, 0.511778, 0.829553, 0.093668), (0.000000, 0.000000, 0.000000, 1.000000)
((0.229692, 0.854789, -0.465379, -0.304988), (-0.947073, 0.086123, -0.309250, -0.072854), (-0.224264, 0.511780, 0.829329, 0.091237), (0.000000, 0.000000, 0.000000, 1.000000)
((0.226168, 0.855696, -0.465438, -0.305996), (-0.947313, 0.081957, -0.309647, -0.072664), (-0.226818, 0.510947, 0.829148, 0.089312), (0.000000, 0.000000, 0.000000, 1.000000)
((0.224884, 0.856906, -0.463830, -0.307218), (-0.947779, 0.081889, -0.308235, -0.072436), (-0.226146, 0.508926, 0.830574, 0.086894), (0.000000, 0.000000, 0.000000, 1.000000)
((0.227006, 0.856193, -0.464113, -0.308309), (-0.947477, 0.083916, -0.308619, -0.072237), (-0.225291, 0.509795, 0.830273, 0.084612), (0.000000, 0.000000, 0.000000, 1.000000)
((0.225430, 0.857227, -0.462972, -0.309643), (-0.948113, 0.083674, -0.306726, -0.071995), (-0.224195, 0.508095, 0.831611, 0.081701), (0.000000, 0.000000, 0.000000, 1.000000)
((0.224057, 0.858226, -0.461787, -0.310793), (-0.948688, 0.083580, -0.304967, -0.071789), (-0.223134, 0.506422, 0.832915, 0.079091), (0.000000, 0.000000, 0.000000, 1.000000)
((0.222509, 0.859239, -0.460649, -0.312018), (-0.948326, 0.081125, -0.306753, -0.071571), (-0.226204, 0.505101, 0.832889, 0.076287), (0.000000, 0.000000, 0.000000, 1.000000)
((0.221781, 0.859181, -0.461108, -0.313075), (-0.948352, 0.080065, -0.306949, -0.071386), (-0.226806, 0.505368, 0.832564, 0.073670), (0.000000, 0.000000, 0.000000, 1.000000)
((0.223671, 0.859040, -0.460458, -0.313703), (-0.948892, 0.084002, -0.304216, -0.071277), (-0.222654, 0.504969, 0.833925, 0.072083), (0.000000, 0.000000, 0.000000, 1.000000)
((0.221734, 0.860541, -0.458588, -0.315146), (-0.949209, 0.082816, -0.303552, -0.071024), (-0.223240, 0.502604, 0.835197, 0.068132), (0.000000, 0.000000, 0.000000, 1.000000)
((0.221051, 0.860844, -0.458350, -0.315797), (-0.949076, 0.081701, -0.304271, -0.070907), (-0.224482, 0.502268, 0.835066, 0.066223), (0.000000, 0.000000, 0.000000, 1.000000)
((0.220302, 0.861301, -0.457850, -0.316321), (-0.948898, 0.080499, -0.305144, -0.070811), (-0.225965, 0.501677, 0.835021, 0.064630), (0.000000, 0.000000, 0.000000, 1.000000)
((0.219180, 0.861297, -0.458396, -0.317230), (-0.949026, 0.079124, -0.305104, -0.070647), (-0.226515, 0.501903, 0.834736, 0.061778), (0.000000, 0.000000, 0.000000, 1.000000)
((0.217891, 0.862613, -0.456533, -0.317804), (-0.948420, 0.076782, -0.307578, -0.070546), (-0.230267, 0.500003, 0.834850, 0.059842), (0.000000, 0.000000, 0.000000, 1.000000)
((0.217229, 0.862855, -0.456391, -0.318367), (-0.949304, 0.077904, -0.304555, -0.070438), (-0.227232, 0.499412, 0.836034, 0.057867), (0.000000, 0.000000, 0.000000, 1.000000)
((0.214445, 0.863740, -0.456034, -0.318893), (-0.949236, 0.074287, -0.305667, -0.070330), (-0.230139, 0.498433, 0.835823, 0.055941), (0.000000, 0.000000, 0.000000, 1.000000)
((0.213901, 0.863718, -0.456330, -0.319569), (-0.949171, 0.073344, -0.306095, -0.070191), (-0.230911, 0.498609, 0.835505, 0.053466), (0.000000, 0.000000, 0.000000, 1.000000)
((0.214917, 0.864917, -0.453574, -0.320372), (-0.948988, 0.075229, -0.306206, -0.070008), (-0.230721, 0.496246, 0.836964, 0.050426), (0.000000, 0.000000, 0.000000, 1.000000)
((0.216685, 0.865226, -0.452142, -0.321008), (-0.949170, 0.078405, -0.304843, -0.069861), (-0.228308, 0.495214, 0.838235, 0.047958), (0.000000, 0.000000, 0.000000, 1.000000)
((0.216146, 0.864768, -0.453274, -0.321910), (-0.949285, 0.077560, -0.304700, -0.069652), (-0.228339, 0.496146, 0.837676, 0.044430), (0.000000, 0.000000, 0.000000, 1.000000)
((0.217029, 0.865902, -0.450679, -0.322725), (-0.949158, 0.079341, -0.304637, -0.069479), (-0.228028, 0.493881, 0.839098, 0.041052), (0.000000, 0.000000, 0.000000, 1.000000)
((0.215339, 0.867399, -0.448606, -0.323653), (-0.949358, 0.078317, -0.304280, -0.069289), (-0.228799, 0.491411, 0.840337, 0.037135), (0.000000, 0.000000, 0.000000, 1.000000)
((0.217570, 0.866619, -0.449038, -0.324272), (-0.949061, 0.080408, -0.304659, -0.069188), (-0.227917, 0.492450, 0.839969, 0.034354), (0.000000, 0.000000, 0.000000, 1.000000)
((0.216455, 0.868058, -0.446792, -0.324628), (-0.949346, 0.080367, -0.303783, -0.069136), (-0.227794, 0.489915, 0.841483, 0.032708), (0.000000, 0.000000, 0.000000, 1.000000)
((0.217925, 0.867825, -0.446528, -0.325393), (-0.949822, 0.083399, -0.301468, -0.069093), (-0.224381, 0.489820, 0.842454, 0.028768), (0.000000, 0.000000, 0.000000, 1.000000)
((0.217745, 0.867898, -0.446476, -0.325807), (-0.949608, 0.082716, -0.302330, -0.069070), (-0.225461, 0.489808, 0.842173, 0.026639), (0.000000, 0.000000, 0.000000, 1.000000)
((0.216429, 0.868499, -0.445945, -0.326518), (-0.950293, 0.082681, -0.300177, -0.069076), (-0.223832, 0.488746, 0.843224, 0.022787), (0.000000, 0.000000, 0.000000, 1.000000)
((0.218812, 0.867839, -0.446069, -0.326921), (-0.949889, 0.084864, -0.300848, -0.069105), (-0.223233, 0.489545, 0.842919, 0.020499), (0.000000, 0.000000, 0.000000, 1.000000)
((0.218024, 0.869015, -0.444161, -0.327269), (-0.950174, 0.085118, -0.299874, -0.069191), (-0.222789, 0.487410, 0.844273, 0.018222), (0.000000, 0.000000, 0.000000, 1.000000)
((0.218217, 0.868558, -0.444960, -0.327422), (-0.950298, 0.085366, -0.299411, -0.069247), (-0.222071, 0.488181, 0.844017, 0.017131), (0.000000, 0.000000, 0.000000, 1.000000)
((0.218441, 0.868023, -0.445891, -0.327552), (-0.950442, 0.085657, -0.298869, -0.069303), (-0.221232, 0.489079, 0.843717, 0.016161), (0.000000, 0.000000, 0.000000, 1.000000)
((0.218218, 0.868676, -0.444727, -0.327666), (-0.950010, 0.084817, -0.300477, -0.069363), (-0.223297, 0.488065, 0.843760, 0.015262), (0.000000, 0.000000, 0.000000, 1.000000)
((0.221233, 0.867299, -0.445925, -0.327846), (-0.949924, 0.088175, -0.299782, -0.069467), (-0.220681, 0.489917, 0.843375, 0.013809), (0.000000, 0.000000, 0.000000, 1.000000)
((0.220062, 0.868962, -0.443258, -0.327986), (-0.950136, 0.088019, -0.299156, -0.069555), (-0.220940, 0.486988, 0.845002, 0.012659), (0.000000, 0.000000, 0.000000, 1.000000)
((0.220380, 0.868200, -0.444591, -0.328185), (-0.950341, 0.088434, -0.298382, -0.069686), (-0.219739, 0.488270, 0.844575, 0.011028), (0.000000, 0.000000, 0.000000, 1.000000)
((0.219554, 0.869644, -0.442171, -0.328657), (-0.950294, 0.088074, -0.298637, -0.070010), (-0.220764, 0.485759, 0.845755, 0.007206), (0.000000, 0.000000, 0.000000, 1.000000)
((0.219800, 0.869658, -0.442022, -0.328932), (-0.949975, 0.087747, -0.299748, -0.070205), (-0.221892, 0.485794, 0.845440, 0.005073), (0.000000, 0.000000, 0.000000, 1.000000)
((0.219120, 0.870482, -0.440736, -0.329017), (-0.950603, 0.088674, -0.297473, -0.070265), (-0.219863, 0.484147, 0.846913, 0.004431), (0.000000, 0.000000, 0.000000, 1.000000)
((0.218584, 0.871150, -0.439681, -0.329481), (-0.950027, 0.087073, -0.299779, -0.070567), (-0.222868, 0.483236, 0.846648, 0.001221), (0.000000, 0.000000, 0.000000, 1.000000)
((0.218131, 0.871442, -0.439326, -0.329716), (-0.950799, 0.088285, -0.296962, -0.070720), (-0.219999, 0.482488, 0.847824, -0.000405), (0.000000, 0.000000, 0.000000, 1.000000)
((0.217916, 0.871662, -0.438998, -0.329977), (-0.950542, 0.087552, -0.298002, -0.070889), (-0.221322, 0.482225, 0.847629, -0.002156), (0.000000, 0.000000, 0.000000, 1.000000)
((0.217605, 0.872106, -0.438268, -0.330170), (-0.950220, 0.086697, -0.299276, -0.071014), (-0.223004, 0.481575, 0.847558, -0.003436), (0.000000, 0.000000, 0.000000, 1.000000)
((0.214113, 0.873940, -0.436330, -0.330524), (-0.950764, 0.083995, -0.298316, -0.071229), (-0.224061, 0.478720, 0.848896, -0.005645), (0.000000, 0.000000, 0.000000, 1.000000)
((0.214607, 0.873240, -0.437488, -0.330739), (-0.950900, 0.084532, -0.297730, -0.071355), (-0.223008, 0.479902, 0.848505, -0.006946), (0.000000, 0.000000, 0.000000, 1.000000)
((0.214534, 0.873581, -0.436842, -0.330992), (-0.950544, 0.083896, -0.299043, -0.071500), (-0.224589, 0.479393, 0.848376, -0.008448), (0.000000, 0.000000, 0.000000, 1.000000)
((0.214022, 0.874020, -0.436215, -0.331273), (-0.951278, 0.085020, -0.296380, -0.071652), (-0.221955, 0.478394, 0.849632, -0.010048), (0.000000, 0.000000, 0.000000, 1.000000)
((0.213783, 0.874311, -0.435748, -0.331567), (-0.950995, 0.084260, -0.297505, -0.071807), (-0.223396, 0.477996, 0.849479, -0.011693), (0.000000, 0.000000, 0.000000, 1.000000)
((0.214233, 0.873264, -0.437623, -0.331953), (-0.951284, 0.084829, -0.296417, -0.071992), (-0.221727, 0.479806, 0.848895, -0.013719), (0.000000, 0.000000, 0.000000, 1.000000)
((0.213056, 0.874544, -0.435637, -0.332366), (-0.951636, 0.084734, -0.295311, -0.072181), (-0.221349, 0.477486, 0.850301, -0.015828), (0.000000, 0.000000, 0.000000, 1.000000)
((0.215634, 0.874012, -0.435437, -0.332764), (-0.951124, 0.087048, -0.296286, -0.072348), (-0.221053, 0.478044, 0.850065, -0.017720), (0.000000, 0.000000, 0.000000, 1.000000)
((0.217452, 0.874508, -0.433532, -0.333215), (-0.951166, 0.090160, -0.295219, -0.072538), (-0.219084, 0.476557, 0.851408, -0.019862), (0.000000, 0.000000, 0.000000, 1.000000)
((0.217628, 0.873641, -0.435189, -0.333630), (-0.951460, 0.090475, -0.294174, -0.072715), (-0.217629, 0.478085, 0.850924, -0.021788), (0.000000, 0.000000, 0.000000, 1.000000)
((0.217180, 0.874452, -0.433781, -0.333739), (-0.951037, 0.089440, -0.295853, -0.072762), (-0.219912, 0.476795, 0.851061, -0.022290), (0.000000, 0.000000, 0.000000, 1.000000)
((0.216374, 0.874910, -0.433261, -0.334604), (-0.951608, 0.089800, -0.293903, -0.073141), (-0.218232, 0.475887, 0.852001, -0.026084), (0.000000, 0.000000, 0.000000, 1.000000)
((0.216153, 0.875198, -0.432790, -0.334983), (-0.951325, 0.089055, -0.295042, -0.073307), (-0.219678, 0.475498, 0.851847, -0.027747), (0.000000, 0.000000, 0.000000, 1.000000)
((0.215304, 0.876219, -0.431143, -0.335515), (-0.951680, 0.089268, -0.293830, -0.073545), (-0.218972, 0.473573, 0.853100, -0.030043), (0.000000, 0.000000, 0.000000, 1.000000)
((0.215086, 0.876505, -0.430671, -0.335929), (-0.951396, 0.088529, -0.294972, -0.073730), (-0.220417, 0.473183, 0.852944, -0.031830), (0.000000, 0.000000, 0.000000, 1.000000)
((0.214649, 0.876794, -0.430299, -0.336360), (-0.952155, 0.089722, -0.292149, -0.073916), (-0.217548, 0.472421, 0.854103, -0.033652), (0.000000, 0.000000, 0.000000, 1.000000)
((0.214155, 0.876836, -0.430461, -0.336914), (-0.952051, 0.088798, -0.292768, -0.074148), (-0.218485, 0.472519, 0.853809, -0.035960), (0.000000, 0.000000, 0.000000, 1.000000)
((0.215114, 0.878319, -0.426945, -0.337480), (-0.951710, 0.090488, -0.293360, -0.074378), (-0.219030, 0.469434, 0.855370, -0.038320), (0.000000, 0.000000, 0.000000, 1.000000)
((0.215393, 0.877914, -0.427636, -0.338238), (-0.951558, 0.090295, -0.293913, -0.074676), (-0.219417, 0.470227, 0.854835, -0.041488), (0.000000, 0.000000, 0.000000, 1.000000)
((0.214601, 0.878851, -0.426107, -0.338884), (-0.951925, 0.090561, -0.292637, -0.074890), (-0.218596, 0.468422, 0.856035, -0.044175), (0.000000, 0.000000, 0.000000, 1.000000)
((0.214790, 0.878412, -0.426916, -0.339087), (-0.952047, 0.090799, -0.292168, -0.074957), (-0.217880, 0.469199, 0.855792, -0.045020), (0.000000, 0.000000, 0.000000, 1.000000)
((0.214086, 0.879218, -0.425610, -0.339814), (-0.951459, 0.089063, -0.294608, -0.075154), (-0.221118, 0.468022, 0.855607, -0.048052), (0.000000, 0.000000, 0.000000, 1.000000)
((0.213632, 0.879578, -0.425092, -0.340215), (-0.952195, 0.090212, -0.291868, -0.075253), (-0.218372, 0.467123, 0.856802, -0.049710), (0.000000, 0.000000, 0.000000, 1.000000)
((0.213261, 0.879809, -0.424801, -0.340622), (-0.951975, 0.089359, -0.292845, -0.075343), (-0.219688, 0.466852, 0.856613, -0.051372), (0.000000, 0.000000, 0.000000, 1.000000)
((0.213171, 0.880281, -0.423868, -0.340943), (-0.951574, 0.088705, -0.294343, -0.075400), (-0.221505, 0.466087, 0.856562, -0.052619), (0.000000, 0.000000, 0.000000, 1.000000)
((0.216189, 0.879023, -0.424947, -0.341288), (-0.951454, 0.092011, -0.293717, -0.075461), (-0.219084, 0.467816, 0.856242, -0.053957), (0.000000, 0.000000, 0.000000, 1.000000)
((0.224744, 0.879321, -0.419863, -0.342508), (-0.950520, 0.102993, -0.293094, -0.075668), (-0.214481, 0.464959, 0.858959, -0.058648), (0.000000, 0.000000, 0.000000, 1.000000)
((0.227257, 0.879033, -0.419112, -0.342853), (-0.949869, 0.105195, -0.294419, -0.075721), (-0.214715, 0.465010, 0.858873, -0.059922), (0.000000, 0.000000, 0.000000, 1.000000)
((0.231890, 0.878884, -0.416881, -0.343332), (-0.949444, 0.111263, -0.293558, -0.075795), (-0.211620, 0.463879, 0.860252, -0.061696), (0.000000, 0.000000, 0.000000, 1.000000)
((0.237025, 0.877717, -0.416452, -0.343812), (-0.948502, 0.116347, -0.294629, -0.075878), (-0.210148, 0.464840, 0.860094, -0.063475), (0.000000, 0.000000, 0.000000, 1.000000)
((0.243912, 0.876623, -0.414776, -0.344446), (-0.947835, 0.124979, -0.293240, -0.075999), (-0.205223, 0.464664, 0.861377, -0.065829), (0.000000, 0.000000, 0.000000, 1.000000)
((0.250374, 0.876396, -0.411391, -0.345071), (-0.946648, 0.132555, -0.293747, -0.076123), (-0.202907, 0.462989, 0.862827, -0.068147), (0.000000, 0.000000, 0.000000, 1.000000)
((0.261055, 0.873348, -0.411234, -0.345610), (-0.944741, 0.143642, -0.294672, -0.076234), (-0.198281, 0.465435, 0.862586, -0.070144), (0.000000, 0.000000, 0.000000, 1.000000)
((0.265731, 0.872995, -0.408982, -0.346104), (-0.944060, 0.149707, -0.293833, -0.076346), (-0.195287, 0.464184, 0.863942, -0.072003), (0.000000, 0.000000, 0.000000, 1.000000)
((0.272785, 0.871762, -0.406964, -0.346621), (-0.942983, 0.158419, -0.292724, -0.076474), (-0.190715, 0.463611, 0.865270, -0.073982), (0.000000, 0.000000, 0.000000, 1.000000)
((0.285016, 0.867952, -0.406725, -0.347654), (-0.940317, 0.170874, -0.294289, -0.076725), (-0.185930, 0.466328, 0.864852, -0.077884), (0.000000, 0.000000, 0.000000, 1.000000)
((0.289565, 0.867352, -0.404787, -0.348226), (-0.939552, 0.176829, -0.293212, -0.076866), (-0.182740, 0.465222, 0.866126, -0.080053), (0.000000, 0.000000, 0.000000, 1.000000)
((0.294541, 0.865659, -0.404821, -0.348810), (-0.938363, 0.181800, -0.293980, -0.077011), (-0.180890, 0.466458, 0.865850, -0.082281), (0.000000, 0.000000, 0.000000, 1.000000)
((0.296917, 0.865047, -0.404393, -0.349254), (-0.937611, 0.183879, -0.295082, -0.077117), (-0.180901, 0.466778, 0.865675, -0.083982), (0.000000, 0.000000, 0.000000, 1.000000)
((0.296619, 0.865756, -0.403093, -0.349432), (-0.937265, 0.182951, -0.296754, -0.077158), (-0.183170, 0.465828, 0.865710, -0.084667), (0.000000, 0.000000, 0.000000, 1.000000)
((0.296619, 0.865756, -0.403093, -0.349441), (-0.937265, 0.182951, -0.296754, -0.077160), (-0.183170, 0.465828, 0.865710, -0.084704), (0.000000, 0.000000, 0.000000, 1.000000)
((0.295062, 0.867146, -0.401243, -0.350464), (-0.936752, 0.179802, -0.300279, -0.077385), (-0.188241, 0.464466, 0.865353, -0.088827), (0.000000, 0.000000, 0.000000, 1.000000)
((0.295079, 0.866541, -0.402536, -0.350742), (-0.936129, 0.177851, -0.303368, -0.077443), (-0.191289, 0.466343, 0.863674, -0.089970), (0.000000, 0.000000, 0.000000, 1.000000)
((0.291436, 0.868222, -0.401566, -0.350894), (-0.935642, 0.171350, -0.308566, -0.077472), (-0.199096, 0.465649, 0.862283, -0.090607), (0.000000, 0.000000, 0.000000, 1.000000)
</SampleFrames>
<SampleWeights Num="124">0.0086477
0.0137219
0.0180654
0.0135608
0.0162659
0.0162914
0.0204914
0.0204915
0.0284094
0.0335175
0.0436792
0.0508134
0.0650289
0.0685493
0.0762483
0.0947149
0.12295
0.13593
0.149142
0.167319
0.182728
0.196552
0.229561
0.233259
0.24227
0.261522
0.269856
0.2844
0.294357
0.304629
0.305016
0.311619
0.321863
0.333018
0.332777
0.339766
0.339829
0.339903
0.3437
0.346213
0.353219
0.353874
0.352355
0.3532
0.346199
0.346842
0.345476
0.3388
0.333491
0.327777
0.309901
0.301081
0.294427
0.293952
0.291675
0.29067
0.293887
0.2875
0.279486
0.260546
0.247321
0.238149
0.21843
0.215271
0.200472
0.193501
0.191295
0.188272
0.188285
0.18804
0.187873
0.184643
0.181665
0.171654
0.171867
0.172434
0.166859
0.166244
0.166585
0.170029
0.179168
0.177392
0.176407
0.174427
0.17274
0.177884
0.177964
0.179718
0.178191
0.175012
0.173518
0.160964
0.15818
0.155616
0.158551
0.153226
0.148947
0.140578
0.136483
0.132247
0.129212
0.121368
0.119548
0.116027
0.122638
0.119992
0.128058
0.129869
0.135196
0.13815
0.129352
0.124312
0.121961
0.121321
0.119647
0.119981
0.118806
0.108462
0.104224
0.102439
0.102431
0.101063
0.106974
0.111891
</SampleWeights>
</PointSplatMark>
