<PointSplatMark HeadPosAtStart="(-0.785464, 1.06777, -1.87175)" BrushTip="0" BrushInterface="ForceTapeDraw" SuperSamplesPerWidth="20" Draw="0" Width="0.022" Pose="1" LayerIndex="0" Name="pelvis" RoomToVirtualScaleAtStart="1.03571" RoomToVirtualFrameAtStart="((-0.808210, 0.468205, -0.357185, -0.121865), (0.321850, 0.859122, 0.397898, 0.054948), (0.493163, 0.206625, -0.845042, 0.158701), (0.000000, 0.000000, 0.000000, 1.000000)" ColorSwatch="0.170979"><SamplePoints Num="106">(0.0219958, -0.168808, -0.0364817)
(0.0220043, -0.168801, -0.0364773)
(0.022556, -0.168345, -0.0361925)
(0.024104, -0.167116, -0.0353697)
(0.0247638, -0.166607, -0.0350225)
(0.0253214, -0.166184, -0.0347343)
(0.0258662, -0.165779, -0.0344429)
(0.0262168, -0.165521, -0.0342515)
(0.0266961, -0.16517, -0.0339885)
(0.0268329, -0.165074, -0.0339093)
(0.0272718, -0.164765, -0.0336536)
(0.0277665, -0.164421, -0.0333478)
(0.0284141, -0.163972, -0.0329448)
(0.0287139, -0.163773, -0.0327472)
(0.0299319, -0.162986, -0.0319281)
(0.0300035, -0.162944, -0.0318728)
(0.0315244, -0.162055, -0.030698)
(0.0322778, -0.161629, -0.0300772)
(0.0330176, -0.161229, -0.0294212)
(0.0336584, -0.160904, -0.0288124)
(0.034377, -0.160556, -0.0281011)
(0.035232, -0.160153, -0.0272038)
(0.0360695, -0.159772, -0.0262711)
(0.0373198, -0.159299, -0.0247974)
(0.0390225, -0.158658, -0.0227466)
(0.0396329, -0.158429, -0.0219956)
(0.0401774, -0.158229, -0.0213239)
(0.0408215, -0.157992, -0.020524)
(0.0408561, -0.15798, -0.020477)
(0.0428088, -0.157292, -0.0178282)
(0.042823, -0.157287, -0.0178094)
(0.0440752, -0.156877, -0.0161557)
(0.0448902, -0.15661, -0.0150793)
(0.0456354, -0.156381, -0.0140913)
(0.0464876, -0.156132, -0.0129739)
(0.0474781, -0.155869, -0.0117027)
(0.0481652, -0.155693, -0.0108146)
(0.0487939, -0.155539, -0.00999658)
(0.0493512, -0.155405, -0.0092823)
(0.0497636, -0.155309, -0.0087643)
(0.0501535, -0.155224, -0.00827946)
(0.0512299, -0.154991, -0.00694109)
(0.0527498, -0.154673, -0.00505671)
(0.0527498, -0.154673, -0.00505671)
(0.0528, -0.154665, -0.00499705)
(0.0567895, -0.153963, -0.000256131)
(0.058063, -0.153768, 0.00121884)
(0.059069, -0.153615, 0.00235817)
(0.0601932, -0.153444, 0.00363136)
(0.0628181, -0.153068, 0.0064027)
(0.0641053, -0.15288, 0.00760686)
(0.0652291, -0.152712, 0.00859561)
(0.0666487, -0.152491, 0.00972375)
(0.0683169, -0.152231, 0.0110494)
(0.0700354, -0.151958, 0.0122567)
(0.0708554, -0.151828, 0.0128325)
(0.0740559, -0.151405, 0.0151537)
(0.0740559, -0.151405, 0.0151537)
(0.0762339, -0.151139, 0.0167476)
(0.0775646, -0.151023, 0.0177714)
(0.0781738, -0.150987, 0.0182817)
(0.0782037, -0.150987, 0.0183139)
(0.0786313, -0.150989, 0.0187761)
(0.0785916, -0.151032, 0.0189017)
(0.0785488, -0.15108, 0.0190371)
(0.078517, -0.15111, 0.0191264)
(0.078054, -0.151554, 0.020406)
(0.077795, -0.151795, 0.0210779)
(0.0776812, -0.151901, 0.0213733)
(0.0774265, -0.15214, 0.0220162)
(0.0770259, -0.152515, 0.0230276)
(0.0766551, -0.152858, 0.0239298)
(0.0763158, -0.153171, 0.0247557)
(0.075855, -0.153596, 0.0258769)
(0.075405, -0.154014, 0.0269684)
(0.0750279, -0.15436, 0.0278677)
(0.0743815, -0.154934, 0.0293581)
(0.0741719, -0.15512, 0.0298415)
(0.0738676, -0.15539, 0.030543)
(0.0735095, -0.155713, 0.0313618)
(0.0730711, -0.156121, 0.0323814)
(0.0729026, -0.156285, 0.0327821)
(0.0718989, -0.157263, 0.0351503)
(0.0715723, -0.157579, 0.0358951)
(0.0712437, -0.157897, 0.0366444)
(0.0709035, -0.158234, 0.0374223)
(0.070773, -0.158363, 0.0377207)
(0.0707719, -0.158364, 0.0377232)
(0.0707082, -0.158427, 0.037868)
(0.0704972, -0.158633, 0.0383373)
(0.0697626, -0.15932, 0.0399126)
(0.0687442, -0.160266, 0.0420712)
(0.067971, -0.16097, 0.0436469)
(0.0673469, -0.161535, 0.0448791)
(0.0667316, -0.162092, 0.0460938)
(0.0661261, -0.162651, 0.0472891)
(0.0656724, -0.16307, 0.0481846)
(0.0652671, -0.163458, 0.0489845)
(0.0649859, -0.163727, 0.0495394)
(0.0635616, -0.165073, 0.0522816)
(0.0629272, -0.165694, 0.0535087)
(0.0624248, -0.166186, 0.0544804)
(0.0623426, -0.166267, 0.0546382)
(0.0622457, -0.166362, 0.0548192)
(0.0621093, -0.166497, 0.055071)
(0.0620525, -0.166553, 0.0551731)
</SamplePoints>
<SampleFrames Num="106">((0.137546, -0.010685, -0.990438, 0.021996), (-0.614093, 0.783648, -0.093736, -0.168808), (0.777156, 0.621114, 0.101226, -0.036482), (0.000000, 0.000000, 0.000000, 1.000000)
((0.137546, -0.010685, -0.990438, 0.022004), (-0.614093, 0.783648, -0.093736, -0.168801), (0.777156, 0.621114, 0.101226, -0.036477), (0.000000, 0.000000, 0.000000, 1.000000)
((0.135094, -0.010615, -0.990776, 0.022556), (-0.613804, 0.784069, -0.092094, -0.168345), (0.777814, 0.620583, 0.099407, -0.036193), (0.000000, 0.000000, 0.000000, 1.000000)
((0.137983, -0.012980, -0.990350, 0.024104), (-0.617408, 0.780732, -0.096255, -0.167116), (0.774447, 0.624732, 0.099714, -0.035370), (0.000000, 0.000000, 0.000000, 1.000000)
((0.137840, -0.013048, -0.990369, 0.024764), (-0.617348, 0.780785, -0.096210, -0.166607), (0.774520, 0.624664, 0.099568, -0.035022), (0.000000, 0.000000, 0.000000, 1.000000)
((0.137793, -0.013091, -0.990375, 0.025321), (-0.617138, 0.780954, -0.096187, -0.166184), (0.774696, 0.624452, 0.099531, -0.034734), (0.000000, 0.000000, 0.000000, 1.000000)
((0.137890, -0.013067, -0.990361, 0.025866), (-0.616988, 0.781069, -0.096210, -0.165779), (0.774798, 0.624308, 0.099640, -0.034443), (0.000000, 0.000000, 0.000000, 1.000000)
((0.137787, -0.012702, -0.990380, 0.026217), (-0.619378, 0.779181, -0.096164, -0.165521), (0.772907, 0.626670, 0.099494, -0.034252), (0.000000, 0.000000, 0.000000, 1.000000)
((0.137724, -0.011966, -0.990398, 0.026696), (-0.623636, 0.775786, -0.096095, -0.165170), (0.769487, 0.630883, 0.099382, -0.033989), (0.000000, 0.000000, 0.000000, 1.000000)
((0.137631, -0.012053, -0.990410, 0.026833), (-0.623218, 0.776127, -0.096050, -0.165074), (0.769842, 0.630461, 0.099308, -0.033909), (0.000000, 0.000000, 0.000000, 1.000000)
((0.137432, -0.011776, -0.990441, 0.027272), (-0.625176, 0.774562, -0.095958, -0.164765), (0.768288, 0.632388, 0.099088, -0.033654), (0.000000, 0.000000, 0.000000, 1.000000)
((0.137549, -0.014497, -0.990389, 0.027766), (-0.627386, 0.772461, -0.098441, -0.164421), (0.766464, 0.634897, 0.097156, -0.033348), (0.000000, 0.000000, 0.000000, 1.000000)
((0.137264, -0.014636, -0.990426, 0.028414), (-0.627267, 0.772570, -0.098350, -0.163972), (0.766613, 0.634761, 0.096865, -0.032945), (0.000000, 0.000000, 0.000000, 1.000000)
((0.137167, -0.014275, -0.990445, 0.028714), (-0.629631, 0.770650, -0.098305, -0.163773), (0.764689, 0.637099, 0.096720, -0.032747), (0.000000, 0.000000, 0.000000, 1.000000)
((0.137216, -0.014292, -0.990438, 0.029932), (-0.629276, 0.770940, -0.098305, -0.162986), (0.764973, 0.636748, 0.096792, -0.031928), (0.000000, 0.000000, 0.000000, 1.000000)
((0.137216, -0.014292, -0.990438, 0.030004), (-0.629276, 0.770940, -0.098305, -0.162944), (0.764973, 0.636748, 0.096792, -0.031873), (0.000000, 0.000000, 0.000000, 1.000000)
((0.134777, -0.014221, -0.990774, 0.031524), (-0.629556, 0.770913, -0.096705, -0.162055), (0.765176, 0.636781, 0.094948, -0.030698), (0.000000, 0.000000, 0.000000, 1.000000)
((0.134636, -0.013971, -0.990797, 0.032278), (-0.631146, 0.769623, -0.096617, -0.161629), (0.763890, 0.638345, 0.094801, -0.030077), (0.000000, 0.000000, 0.000000, 1.000000)
((0.134540, -0.013677, -0.990814, 0.033018), (-0.632941, 0.768156, -0.096549, -0.161229), (0.762420, 0.640117, 0.094691, -0.029421), (0.000000, 0.000000, 0.000000, 1.000000)
((0.134760, -0.016421, -0.990742, 0.033658), (-0.634774, 0.766324, -0.099043, -0.160904), (0.760856, 0.642244, 0.092846, -0.028812), (0.000000, 0.000000, 0.000000, 1.000000)
((0.134859, -0.016452, -0.990728, 0.034377), (-0.634067, 0.766909, -0.099045, -0.160556), (0.761428, 0.641545, 0.092993, -0.028101), (0.000000, 0.000000, 0.000000, 1.000000)
((0.132425, -0.016357, -0.991058, 0.035232), (-0.634902, 0.766418, -0.097485, -0.160153), (0.761159, 0.642134, 0.091108, -0.027204), (0.000000, 0.000000, 0.000000, 1.000000)
((0.132482, -0.015626, -0.991062, 0.036069), (-0.638942, 0.763058, -0.097443, -0.159772), (0.757761, 0.646141, 0.091107, -0.026271), (0.000000, 0.000000, 0.000000, 1.000000)
((0.132772, -0.015656, -0.991023, 0.037320), (-0.637387, 0.764355, -0.097469, -0.159299), (0.759019, 0.644606, 0.091506, -0.024797), (0.000000, 0.000000, 0.000000, 1.000000)
((0.128803, -0.018019, -0.991506, 0.039022), (-0.640742, 0.761594, -0.097077, -0.158658), (0.756875, 0.647804, 0.086550, -0.022747), (0.000000, 0.000000, 0.000000, 1.000000)
((0.128965, -0.017280, -0.991499, 0.039633), (-0.644611, 0.758324, -0.097061, -0.158429), (0.753554, 0.651649, 0.086658, -0.021996), (0.000000, 0.000000, 0.000000, 1.000000)
((0.128930, -0.017019, -0.991508, 0.040177), (-0.646030, 0.757124, -0.097002, -0.158229), (0.752345, 0.653050, 0.086621, -0.021324), (0.000000, 0.000000, 0.000000, 1.000000)
((0.128985, -0.016671, -0.991506, 0.040821), (-0.647853, 0.755567, -0.096983, -0.157992), (0.750766, 0.654860, 0.086656, -0.020524), (0.000000, 0.000000, 0.000000, 1.000000)
((0.128985, -0.016671, -0.991506, 0.040856), (-0.647853, 0.755567, -0.096983, -0.157980), (0.750766, 0.654860, 0.086656, -0.020477), (0.000000, 0.000000, 0.000000, 1.000000)
((0.127392, -0.017476, -0.991699, 0.042809), (-0.660835, 0.744105, -0.098003, -0.157292), (0.739641, 0.667834, 0.083244, -0.017828), (0.000000, 0.000000, 0.000000, 1.000000)
((0.127392, -0.017476, -0.991699, 0.042823), (-0.660835, 0.744105, -0.098003, -0.157287), (0.739641, 0.667834, 0.083244, -0.017809), (0.000000, 0.000000, 0.000000, 1.000000)
((0.128304, -0.019348, -0.991546, 0.044075), (-0.666135, 0.739013, -0.100617, -0.156877), (0.734712, 0.673413, 0.081930, -0.016156), (0.000000, 0.000000, 0.000000, 1.000000)
((0.128600, -0.018889, -0.991517, 0.044890), (-0.667830, 0.737475, -0.100667, -0.156610), (0.733120, 0.675110, 0.082225, -0.015079), (0.000000, 0.000000, 0.000000, 1.000000)
((0.129352, -0.021113, -0.991374, 0.045635), (-0.671789, 0.733508, -0.103275, -0.156381), (0.729361, 0.679353, 0.080697, -0.014091), (0.000000, 0.000000, 0.000000, 1.000000)
((0.126703, -0.021010, -0.991718, 0.046488), (-0.674571, 0.731175, -0.101674, -0.156132), (0.727256, 0.681866, 0.078469, -0.012974), (0.000000, 0.000000, 0.000000, 1.000000)
((0.126814, -0.020013, -0.991725, 0.047478), (-0.679979, 0.726157, -0.101604, -0.155869), (0.722181, 0.687237, 0.078479, -0.011703), (0.000000, 0.000000, 0.000000, 1.000000)
((0.126650, -0.019783, -0.991750, 0.048165), (-0.681810, 0.724450, -0.101521, -0.155693), (0.720482, 0.689043, 0.078263, -0.010815), (0.000000, 0.000000, 0.000000, 1.000000)
((0.129124, -0.018939, -0.991448, 0.048794), (-0.684846, 0.721376, -0.102973, -0.155539), (0.717157, 0.692285, 0.080177, -0.009997), (0.000000, 0.000000, 0.000000, 1.000000)
((0.129274, -0.021493, -0.991376, 0.049351), (-0.688953, 0.717103, -0.105385, -0.155405), (0.713184, 0.696635, 0.077895, -0.009282), (0.000000, 0.000000, 0.000000, 1.000000)
((0.130479, -0.017987, -0.991288, 0.049764), (-0.691866, 0.714492, -0.104032, -0.155309), (0.710138, 0.699413, 0.080782, -0.008764), (0.000000, 0.000000, 0.000000, 1.000000)
((0.132533, -0.017343, -0.991027, 0.050154), (-0.694685, 0.711557, -0.105355, -0.155224), (0.706999, 0.702415, 0.082257, -0.008279), (0.000000, 0.000000, 0.000000, 1.000000)
((0.132520, -0.016325, -0.991046, 0.051230), (-0.700085, 0.706261, -0.105247, -0.154991), (0.701655, 0.707764, 0.082165, -0.006941), (0.000000, 0.000000, 0.000000, 1.000000)
((0.130607, -0.015227, -0.991317, 0.052750), (-0.706244, 0.700317, -0.103805, -0.154673), (0.695817, 0.713670, 0.080712, -0.005057), (0.000000, 0.000000, 0.000000, 1.000000)
((0.130607, -0.015227, -0.991317, 0.052750), (-0.706244, 0.700317, -0.103805, -0.154673), (0.695817, 0.713670, 0.080712, -0.005057), (0.000000, 0.000000, 0.000000, 1.000000)
((0.130607, -0.015227, -0.991317, 0.052800), (-0.706244, 0.700317, -0.103805, -0.154665), (0.695817, 0.713670, 0.080712, -0.004997), (0.000000, 0.000000, 0.000000, 1.000000)
((0.131988, -0.015119, -0.991136, 0.056789), (-0.720026, 0.685750, -0.106345, -0.153963), (0.681279, 0.727680, 0.079625, -0.000256), (0.000000, 0.000000, 0.000000, 1.000000)
((0.136085, -0.013595, -0.990604, 0.058063), (-0.725093, 0.679979, -0.108942, -0.153768), (0.675071, 0.733105, 0.082677, 0.001219), (0.000000, 0.000000, 0.000000, 1.000000)
((0.135826, -0.013439, -0.990642, 0.059069), (-0.726444, 0.678557, -0.108807, -0.153615), (0.673669, 0.734425, 0.082403, 0.002358), (0.000000, 0.000000, 0.000000, 1.000000)
((0.135916, -0.012681, -0.990639, 0.060193), (-0.729708, 0.675054, -0.108757, -0.153444), (0.670114, 0.737659, 0.082497, 0.003631), (0.000000, 0.000000, 0.000000, 1.000000)
((0.133110, -0.012235, -0.991026, 0.062818), (-0.735427, 0.669096, -0.107040, -0.153068), (0.664401, 0.743075, 0.080065, 0.006403), (0.000000, 0.000000, 0.000000, 1.000000)
((0.132886, -0.011673, -0.991063, 0.064105), (-0.738850, 0.665336, -0.106905, -0.152880), (0.660637, 0.746453, 0.079789, 0.007607), (0.000000, 0.000000, 0.000000, 1.000000)
((0.133304, -0.014220, -0.990973, 0.065229), (-0.742120, 0.661293, -0.109318, -0.152712), (0.656878, 0.749993, 0.077600, 0.008596), (0.000000, 0.000000, 0.000000, 1.000000)
((0.133138, -0.014030, -0.990998, 0.066649), (-0.743307, 0.659977, -0.109205, -0.152491), (0.655568, 0.751155, 0.077439, 0.009724), (0.000000, 0.000000, 0.000000, 1.000000)
((0.133059, -0.013421, -0.991017, 0.068317), (-0.746255, 0.656661, -0.109089, -0.152231), (0.652226, 0.754067, 0.077359, 0.011049), (0.000000, 0.000000, 0.000000, 1.000000)
((0.132932, -0.012814, -0.991042, 0.070035), (-0.749489, 0.652986, -0.108975, -0.151958), (0.648533, 0.757262, 0.077199, 0.012257), (0.000000, 0.000000, 0.000000, 1.000000)
((0.133022, -0.012810, -0.991030, 0.070855), (-0.748886, 0.653678, -0.108969, -0.151828), (0.649211, 0.756664, 0.077360, 0.012833), (0.000000, 0.000000, 0.000000, 1.000000)
((0.132896, -0.012289, -0.991054, 0.074056), (-0.751156, 0.651097, -0.108800, -0.151405), (0.646609, 0.758895, 0.077297, 0.015154), (0.000000, 0.000000, 0.000000, 1.000000)
((0.132896, -0.012289, -0.991054, 0.074056), (-0.751156, 0.651097, -0.108800, -0.151405), (0.646609, 0.758895, 0.077297, 0.015154), (0.000000, 0.000000, 0.000000, 1.000000)
((0.131310, -0.012762, -0.991259, 0.076234), (-0.753645, 0.648318, -0.108181, -0.151139), (0.644032, 0.761263, 0.075513, 0.016748), (0.000000, 0.000000, 0.000000, 1.000000)
((0.132013, -0.015155, -0.991132, 0.077565), (-0.757038, 0.643928, -0.110679, -0.151023), (0.639895, 0.764936, 0.073534, 0.017771), (0.000000, 0.000000, 0.000000, 1.000000)
((0.129137, -0.016033, -0.991497, 0.078174), (-0.757390, 0.643791, -0.109056, -0.150987), (0.640066, 0.765033, 0.070994, 0.018282), (0.000000, 0.000000, 0.000000, 1.000000)
((0.129230, -0.015622, -0.991492, 0.078204), (-0.759113, 0.641760, -0.109053, -0.150987), (0.638003, 0.766747, 0.071076, 0.018314), (0.000000, 0.000000, 0.000000, 1.000000)
((0.129492, -0.015111, -0.991465, 0.078631), (-0.760584, 0.640009, -0.109092, -0.150989), (0.636195, 0.768219, 0.071383, 0.018776), (0.000000, 0.000000, 0.000000, 1.000000)
((0.126311, -0.027527, -0.991609, 0.078592), (-0.746154, 0.656069, -0.113257, -0.151032), (0.653682, 0.754198, 0.062329, 0.018902), (0.000000, 0.000000, 0.000000, 1.000000)
((0.126397, -0.027479, -0.991599, 0.078549), (-0.746028, 0.656209, -0.113279, -0.151080), (0.653809, 0.754079, 0.062443, 0.019037), (0.000000, 0.000000, 0.000000, 1.000000)
((0.126397, -0.027828, -0.991589, 0.078517), (-0.743836, 0.658689, -0.113302, -0.151110), (0.656302, 0.751901, 0.062557, 0.019126), (0.000000, 0.000000, 0.000000, 1.000000)
((0.124751, -0.027891, -0.991796, 0.078054), (-0.743848, 0.658882, -0.112092, -0.151554), (0.656603, 0.751729, 0.061450, 0.020406), (0.000000, 0.000000, 0.000000, 1.000000)
((0.125228, -0.027607, -0.991744, 0.077795), (-0.743391, 0.659375, -0.112223, -0.151795), (0.657029, 0.751307, 0.062049, 0.021078), (0.000000, 0.000000, 0.000000, 1.000000)
((0.123020, -0.027971, -0.992010, 0.077681), (-0.744464, 0.658390, -0.110886, -0.151901), (0.656231, 0.752157, 0.060172, 0.021373), (0.000000, 0.000000, 0.000000, 1.000000)
((0.123540, -0.027344, -0.991963, 0.077427), (-0.745898, 0.656746, -0.110998, -0.152140), (0.654503, 0.753616, 0.060739, 0.022016), (0.000000, 0.000000, 0.000000, 1.000000)
((0.121812, -0.027481, -0.992173, 0.077026), (-0.746030, 0.656800, -0.109784, -0.152515), (0.654676, 0.753564, 0.059504, 0.023028), (0.000000, 0.000000, 0.000000, 1.000000)
((0.121037, -0.030238, -0.992187, 0.076655), (-0.748421, 0.653830, -0.111226, -0.152858), (0.652085, 0.756037, 0.056507, 0.023930), (0.000000, 0.000000, 0.000000, 1.000000)
((0.121814, -0.029763, -0.992107, 0.076316), (-0.747768, 0.654540, -0.111449, -0.153171), (0.652690, 0.755442, 0.057476, 0.024756), (0.000000, 0.000000, 0.000000, 1.000000)
((0.120409, -0.029364, -0.992290, 0.075855), (-0.750350, 0.651767, -0.110338, -0.153596), (0.649982, 0.757851, 0.056445, 0.025877), (0.000000, 0.000000, 0.000000, 1.000000)
((0.118962, -0.029030, -0.992474, 0.075405), (-0.752744, 0.649191, -0.109216, -0.154014), (0.647476, 0.760071, 0.055377, 0.026968), (0.000000, 0.000000, 0.000000, 1.000000)
((0.117297, -0.029180, -0.992668, 0.075028), (-0.753041, 0.649039, -0.108061, -0.154360), (0.647434, 0.760195, 0.054157, 0.027868), (0.000000, 0.000000, 0.000000, 1.000000)
((0.117144, -0.031376, -0.992619, 0.074382), (-0.756794, 0.644386, -0.109682, -0.154934), (0.643071, 0.764057, 0.051741, 0.029358), (0.000000, 0.000000, 0.000000, 1.000000)
((0.117586, -0.030810, -0.992585, 0.074172), (-0.758321, 0.642571, -0.109780, -0.155120), (0.641189, 0.765606, 0.052194, 0.029842), (0.000000, 0.000000, 0.000000, 1.000000)
((0.115807, -0.031047, -0.992786, 0.073868), (-0.759032, 0.641930, -0.108615, -0.155390), (0.640671, 0.766134, 0.050774, 0.030543), (0.000000, 0.000000, 0.000000, 1.000000)
((0.116862, -0.029461, -0.992711, 0.073510), (-0.764413, 0.635472, -0.108846, -0.155713), (0.634047, 0.771561, 0.051742, 0.031362), (0.000000, 0.000000, 0.000000, 1.000000)
((0.113925, -0.026614, -0.993133, 0.073071), (-0.766827, 0.633218, -0.104934, -0.156121), (0.631662, 0.773516, 0.051731, 0.032381), (0.000000, 0.000000, 0.000000, 1.000000)
((0.112018, -0.026691, -0.993348, 0.072903), (-0.769580, 0.630072, -0.103714, -0.156285), (0.628649, 0.776078, 0.050039, 0.032782), (0.000000, 0.000000, 0.000000, 1.000000)
((0.110429, -0.028832, -0.993466, 0.071899), (-0.775899, 0.622176, -0.104302, -0.157263), (0.621117, 0.782347, 0.046336, 0.035150), (0.000000, 0.000000, 0.000000, 1.000000)
((0.111327, -0.027379, -0.993407, 0.071572), (-0.781065, 0.615643, -0.104498, -0.157579), (0.614445, 0.787549, 0.047153, 0.035895), (0.000000, 0.000000, 0.000000, 1.000000)
((0.109580, -0.027479, -0.993598, 0.071244), (-0.783337, 0.612946, -0.103343, -0.157897), (0.611862, 0.789647, 0.045641, 0.036644), (0.000000, 0.000000, 0.000000, 1.000000)
((0.109054, -0.030444, -0.993569, 0.070903), (-0.785639, 0.609725, -0.104914, -0.158234), (0.608998, 0.792028, 0.042575, 0.037422), (0.000000, 0.000000, 0.000000, 1.000000)
((0.109565, -0.029795, -0.993533, 0.070773), (-0.787411, 0.607411, -0.105050, -0.158363), (0.606613, 0.793829, 0.043090, 0.037721), (0.000000, 0.000000, 0.000000, 1.000000)
((0.109565, -0.029795, -0.993533, 0.070772), (-0.787411, 0.607411, -0.105050, -0.158364), (0.606613, 0.793829, 0.043090, 0.037723), (0.000000, 0.000000, 0.000000, 1.000000)
((0.109924, -0.028707, -0.993525, 0.070708), (-0.792985, 0.600111, -0.105076, -0.158427), (0.599242, 0.799401, 0.043202, 0.037868), (0.000000, 0.000000, 0.000000, 1.000000)
((0.107956, -0.029025, -0.993732, 0.070497), (-0.795543, 0.596929, -0.103861, -0.158633), (0.596202, 0.801769, 0.041351, 0.038337), (0.000000, 0.000000, 0.000000, 1.000000)
((0.108714, -0.030599, -0.993602, 0.069763), (-0.800988, 0.589260, -0.105786, -0.159320), (0.588726, 0.807364, 0.039551, 0.039913), (0.000000, 0.000000, 0.000000, 1.000000)
((0.103900, -0.031457, -0.994090, 0.068744), (-0.804682, 0.584771, -0.102608, -0.160266), (0.584543, 0.810588, 0.035445, 0.042071), (0.000000, 0.000000, 0.000000, 1.000000)
((0.104812, -0.033033, -0.993943, 0.067971), (-0.810157, 0.576805, -0.104601, -0.160970), (0.576767, 0.816214, 0.033694, 0.043647), (0.000000, 0.000000, 0.000000, 1.000000)
((0.103550, -0.032762, -0.994085, 0.067347), (-0.813900, 0.571690, -0.103622, -0.161535), (0.571703, 0.819815, 0.032534, 0.044879), (0.000000, 0.000000, 0.000000, 1.000000)
((0.099922, -0.033856, -0.994419, 0.066732), (-0.816631, 0.568182, -0.101402, -0.162092), (0.568444, 0.822206, 0.029126, 0.046094), (0.000000, 0.000000, 0.000000, 1.000000)
((0.098836, -0.033501, -0.994540, 0.066126), (-0.820508, 0.562731, -0.100497, -0.162651), (0.563025, 0.825961, 0.028130, 0.047289), (0.000000, 0.000000, 0.000000, 1.000000)
((0.099126, -0.036406, -0.994409, 0.065672), (-0.820881, 0.561844, -0.102398, -0.163070), (0.562431, 0.826441, 0.025808, 0.048185), (0.000000, 0.000000, 0.000000, 1.000000)
((0.099994, -0.035280, -0.994362, 0.065267), (-0.823944, 0.557300, -0.102630, -0.163458), (0.557779, 0.829561, 0.026658, 0.048985), (0.000000, 0.000000, 0.000000, 1.000000)
((0.098157, -0.036021, -0.994519, 0.064986), (-0.824605, 0.556521, -0.101544, -0.163727), (0.557129, 0.830052, 0.024923, 0.049539), (0.000000, 0.000000, 0.000000, 1.000000)
((0.095720, -0.039400, -0.994628, 0.063562), (-0.829143, 0.549732, -0.101571, -0.165073), (0.550781, 0.834411, 0.019952, 0.052282), (0.000000, 0.000000, 0.000000, 1.000000)
((0.094554, -0.039681, -0.994729, 0.062927), (-0.829344, 0.549579, -0.100757, -0.165694), (0.550680, 0.834499, 0.019056, 0.053509), (0.000000, 0.000000, 0.000000, 1.000000)
((0.093354, -0.039793, -0.994837, 0.062425), (-0.831476, 0.546508, -0.099884, -0.166186), (0.547661, 0.836508, 0.017932, 0.054480), (0.000000, 0.000000, 0.000000, 1.000000)
((0.095554, -0.041726, -0.994549, 0.062343), (-0.833098, 0.543480, -0.102844, -0.166267), (0.544809, 0.838384, 0.017170, 0.054638), (0.000000, 0.000000, 0.000000, 1.000000)
((0.093926, -0.041828, -0.994700, 0.062246), (-0.839122, 0.534350, -0.101705, -0.166362), (0.535772, 0.844228, 0.015091, 0.054819), (0.000000, 0.000000, 0.000000, 1.000000)
((0.096029, -0.044029, -0.994404, 0.062109), (-0.839024, 0.533933, -0.104665, -0.166497), (0.535554, 0.844379, 0.014332, 0.055071), (0.000000, 0.000000, 0.000000, 1.000000)
((0.102710, -0.055133, -0.993182, 0.062052), (-0.830878, 0.544201, -0.116135, -0.166553), (0.546894, 0.837141, 0.010086, 0.055173), (0.000000, 0.000000, 0.000000, 1.000000)
</SampleFrames>
<SampleWeights Num="106">0.0273387
0.027336
0.0721737
0.0453912
0.0401692
0.0408851
0.0409005
0.0385929
0.0521579
0.0659988
0.0742584
0.0762903
0.0725557
0.0670034
0.0575842
0.0574947
0.066624
0.0797324
0.0823193
0.0873473
0.0906627
0.0893636
0.0930422
0.100775
0.116468
0.125292
0.134516
0.128539
0.128525
0.14046
0.140458
0.149162
0.135228
0.125233
0.123573
0.138233
0.125261
0.104287
0.0945851
0.0991805
0.110824
0.128724
0.131721
0.131721
0.131697
0.0955994
0.122457
0.128135
0.125899
0.126143
0.12941
0.137312
0.135942
0.128962
0.124748
0.109432
0.0857302
0.0857302
0.121136
0.116554
0.122751
0.120816
0.11373
0.0855033
0.0806953
0.079264
0.0895831
0.0917241
0.0899359
0.0982607
0.110443
0.113629
0.111403
0.107752
0.111974
0.117268
0.130381
0.135721
0.133639
0.133568
0.15057
0.150133
0.158313
0.16289
0.171691
0.176332
0.171158
0.171158
0.171652
0.17729
0.173667
0.167791
0.157153
0.169129
0.186119
0.187153
0.174232
0.174912
0.172288
0.175215
0.176288
0.174437
0.156351
0.154366
0.137254
0.062594
</SampleWeights>
</PointSplatMark>
