<PointSplatMark HeadPosAtStart="(-0.199314, 0.350346, 2.10718)" BrushTip="0" BrushInterface="ForceTapeDraw" SuperSamplesPerWidth="20" Draw="0" Width="0.06" Pose="1" LayerIndex="0" Name="PointSplatMark" RoomToVirtualScaleAtStart="1" RoomToVirtualFrameAtStart="((1.000000, 0.000000, 0.000000, 0.000000), (0.000000, 1.000000, 0.000000, 0.000000), (0.000000, 0.000000, 1.000000, 0.000000), (0.000000, 0.000000, 0.000000, 1.000000)" ColorSwatch="0"><SamplePoints Num="75">(-0.073809, -0.153198, 0.141503)
(-0.0741618, -0.153036, 0.141653)
(-0.0741973, -0.15302, 0.141669)
(-0.0748473, -0.152718, 0.141949)
(-0.0756362, -0.152352, 0.142289)
(-0.0767432, -0.151837, 0.142765)
(-0.0779221, -0.151289, 0.143271)
(-0.0791638, -0.150711, 0.143804)
(-0.0800243, -0.15031, 0.144173)
(-0.0818812, -0.149446, 0.144968)
(-0.0828877, -0.148978, 0.145397)
(-0.0866668, -0.147224, 0.146997)
(-0.0890796, -0.146111, 0.147998)
(-0.0918356, -0.144849, 0.14914)
(-0.0934895, -0.144092, 0.149826)
(-0.0934938, -0.14409, 0.149828)
(-0.0955591, -0.143153, 0.150682)
(-0.0975297, -0.142268, 0.151483)
(-0.09819, -0.141973, 0.151747)
(-0.101591, -0.140473, 0.1531)
(-0.104362, -0.139276, 0.154184)
(-0.106336, -0.13843, 0.15495)
(-0.107508, -0.137938, 0.155395)
(-0.110829, -0.136542, 0.156658)
(-0.116504, -0.13421, 0.158777)
(-0.116655, -0.134149, 0.158831)
(-0.121278, -0.132285, 0.160499)
(-0.124844, -0.130849, 0.161785)
(-0.128194, -0.129524, 0.162971)
(-0.131743, -0.128121, 0.164225)
(-0.135286, -0.126744, 0.165426)
(-0.139069, -0.125274, 0.166708)
(-0.142699, -0.123876, 0.167928)
(-0.146438, -0.122437, 0.169192)
(-0.147999, -0.121836, 0.16972)
(-0.154674, -0.119286, 0.17194)
(-0.157637, -0.118162, 0.172909)
(-0.160069, -0.117244, 0.173703)
(-0.161382, -0.116749, 0.174132)
(-0.166428, -0.114838, 0.175782)
(-0.173028, -0.112338, 0.177866)
(-0.176156, -0.111152, 0.178854)
(-0.176157, -0.111152, 0.178854)
(-0.182478, -0.108732, 0.18085)
(-0.182506, -0.108722, 0.180859)
(-0.189403, -0.106074, 0.183021)
(-0.193001, -0.104686, 0.184141)
(-0.197705, -0.10287, 0.185604)
(-0.200912, -0.101646, 0.186556)
(-0.204396, -0.100316, 0.187591)
(-0.204426, -0.100305, 0.1876)
(-0.211464, -0.0976134, 0.189673)
(-0.211632, -0.09755, 0.18972)
(-0.215443, -0.096117, 0.190789)
(-0.221022, -0.0940404, 0.192338)
(-0.226376, -0.0920476, 0.193825)
(-0.233628, -0.089356, 0.195851)
(-0.233643, -0.0893502, 0.195856)
(-0.241013, -0.0866487, 0.197906)
(-0.24876, -0.0838596, 0.200084)
(-0.248776, -0.0838539, 0.200089)
(-0.255232, -0.0815758, 0.201898)
(-0.25726, -0.0808735, 0.202435)
(-0.261523, -0.0793976, 0.203562)
(-0.267297, -0.077429, 0.205095)
(-0.269933, -0.0765579, 0.205741)
(-0.274639, -0.0749937, 0.207001)
(-0.276626, -0.074335, 0.207551)
(-0.277329, -0.0741052, 0.207736)
(-0.277805, -0.0739501, 0.207859)
(-0.278356, -0.0737726, 0.207996)
(-0.279144, -0.0735189, 0.208192)
(-0.281981, -0.0726023, 0.208915)
(-0.283147, -0.0722296, 0.209206)
(-0.284263, -0.071873, 0.209485)
</SamplePoints>
<SampleFrames Num="75">((-0.170210, 0.708133, 0.685256, -0.073809), (-0.860532, 0.232004, -0.453497, -0.153198), (-0.480118, -0.666874, 0.569882, 0.141503), (0.000000, 0.000000, 0.000000, 1.000000)
((-0.183492, 0.702590, 0.687531, -0.074162), (-0.864450, 0.217673, -0.453149, -0.153036), (-0.468035, -0.677485, 0.567413, 0.141653), (0.000000, 0.000000, 0.000000, 1.000000)
((-0.185486, 0.702244, 0.687348, -0.074197), (-0.864844, 0.215420, -0.453473, -0.153020), (-0.466518, -0.678562, 0.567375, 0.141669), (0.000000, 0.000000, 0.000000, 1.000000)
((-0.191381, 0.701297, 0.686700, -0.074847), (-0.865991, 0.208660, -0.454445, -0.152718), (-0.461988, -0.681648, 0.567383, 0.141949), (0.000000, 0.000000, 0.000000, 1.000000)
((-0.195671, 0.699468, 0.687355, -0.075636), (-0.866545, 0.204836, -0.455128, -0.152352), (-0.459143, -0.684680, 0.566040, 0.142289), (0.000000, 0.000000, 0.000000, 1.000000)
((-0.192806, 0.701067, 0.686536, -0.076743), (-0.865897, 0.207558, -0.455128, -0.151837), (-0.461571, -0.682221, 0.567033, 0.142765), (0.000000, 0.000000, 0.000000, 1.000000)
((-0.194633, 0.700215, 0.686890, -0.077922), (-0.865706, 0.206612, -0.455921, -0.151289), (-0.461163, -0.683382, 0.565966, 0.143271), (0.000000, 0.000000, 0.000000, 1.000000)
((-0.199174, 0.695939, 0.689927, -0.079164), (-0.867091, 0.202878, -0.454965, -0.150711), (-0.456599, -0.688847, 0.563034, 0.143804), (0.000000, 0.000000, 0.000000, 1.000000)
((-0.198695, 0.696689, 0.689308, -0.080024), (-0.867184, 0.202720, -0.454859, -0.150310), (-0.456632, -0.688134, 0.563878, 0.144173), (0.000000, 0.000000, 0.000000, 1.000000)
((-0.202438, 0.694832, 0.690092, -0.081881), (-0.866869, 0.200685, -0.456359, -0.149446), (-0.455585, -0.690604, 0.561702, 0.144968), (0.000000, 0.000000, 0.000000, 1.000000)
((-0.200353, 0.694149, 0.691387, -0.082888), (-0.868279, 0.201078, -0.453496, -0.148978), (-0.453817, -0.691176, 0.562428, 0.145397), (0.000000, 0.000000, 0.000000, 1.000000)
((-0.205776, 0.691805, 0.692143, -0.086667), (-0.868286, 0.197156, -0.455203, -0.147224), (-0.451372, -0.694648, 0.560115, 0.146997), (0.000000, 0.000000, 0.000000, 1.000000)
((-0.209176, 0.690422, 0.692505, -0.089080), (-0.867846, 0.195290, -0.456842, -0.146111), (-0.450653, -0.696548, 0.558330, 0.147998), (0.000000, 0.000000, 0.000000, 1.000000)
((-0.212997, 0.687183, 0.694559, -0.091836), (-0.869498, 0.190927, -0.455544, -0.144849), (-0.445652, -0.700947, 0.556837, 0.149140), (0.000000, 0.000000, 0.000000, 1.000000)
((-0.214630, 0.686682, 0.694552, -0.093489), (-0.869532, 0.189513, -0.456069, -0.144092), (-0.444801, -0.701821, 0.556417, 0.149826), (0.000000, 0.000000, 0.000000, 1.000000)
((-0.214630, 0.686682, 0.694552, -0.093494), (-0.869532, 0.189513, -0.456069, -0.144090), (-0.444801, -0.701821, 0.556417, 0.149828), (0.000000, 0.000000, 0.000000, 1.000000)
((-0.218387, 0.684767, 0.695271, -0.095559), (-0.869233, 0.187337, -0.457536, -0.143153), (-0.443555, -0.704272, 0.554310, 0.150682), (0.000000, 0.000000, 0.000000, 1.000000)
((-0.218023, 0.683315, 0.696812, -0.097530), (-0.870309, 0.186956, -0.455643, -0.142268), (-0.441621, -0.705782, 0.553934, 0.151483), (0.000000, 0.000000, 0.000000, 1.000000)
((-0.217744, 0.683833, 0.696391, -0.098190), (-0.870484, 0.186628, -0.455441, -0.141973), (-0.441412, -0.705366, 0.554629, 0.151747), (0.000000, 0.000000, 0.000000, 1.000000)
((-0.219439, 0.680507, 0.699112, -0.101591), (-0.870821, 0.186485, -0.454857, -0.140473), (-0.439907, -0.708614, 0.551677, 0.153100), (0.000000, 0.000000, 0.000000, 1.000000)
((-0.222846, 0.679225, 0.699281, -0.104362), (-0.870662, 0.183990, -0.456175, -0.139276), (-0.438505, -0.710494, 0.550374, 0.154184), (0.000000, 0.000000, 0.000000, 1.000000)
((-0.222589, 0.677634, 0.700904, -0.106336), (-0.871799, 0.183446, -0.454218, -0.138430), (-0.436372, -0.712151, 0.549928, 0.154950), (0.000000, 0.000000, 0.000000, 1.000000)
((-0.224432, 0.676726, 0.701193, -0.107508), (-0.871625, 0.182367, -0.454986, -0.137938), (-0.435776, -0.713291, 0.548923, 0.155395), (0.000000, 0.000000, 0.000000, 1.000000)
((-0.223886, 0.675068, 0.702964, -0.110829), (-0.872256, 0.182985, -0.453527, -0.136542), (-0.434793, -0.714702, 0.547864, 0.156658), (0.000000, 0.000000, 0.000000, 1.000000)
((-0.219457, 0.671839, 0.707439, -0.116504), (-0.872463, 0.189375, -0.450495, -0.134210), (-0.436632, -0.716079, 0.544595, 0.158777), (0.000000, 0.000000, 0.000000, 1.000000)
((-0.219457, 0.671839, 0.707439, -0.116655), (-0.872463, 0.189375, -0.450495, -0.134149), (-0.436632, -0.716079, 0.544595, 0.158831), (0.000000, 0.000000, 0.000000, 1.000000)
((-0.221246, 0.668176, 0.710345, -0.121278), (-0.872411, 0.189918, -0.450367, -0.132285), (-0.435832, -0.719355, 0.540906, 0.160499), (0.000000, 0.000000, 0.000000, 1.000000)
((-0.218853, 0.667069, 0.712125, -0.124844), (-0.872612, 0.192782, -0.448758, -0.130849), (-0.436638, -0.719620, 0.539902, 0.161785), (0.000000, 0.000000, 0.000000, 1.000000)
((-0.220707, 0.665445, 0.713072, -0.128194), (-0.871417, 0.193848, -0.450618, -0.129524), (-0.438089, -0.720837, 0.537096, 0.162971), (0.000000, 0.000000, 0.000000, 1.000000)
((-0.220489, 0.663651, 0.714809, -0.131743), (-0.872267, 0.193802, -0.448989, -0.128121), (-0.436503, -0.722502, 0.536150, 0.164225), (0.000000, 0.000000, 0.000000, 1.000000)
((-0.222406, 0.662053, 0.715696, -0.135286), (-0.871029, 0.194859, -0.450930, -0.126744), (-0.438000, -0.723682, 0.533330, 0.165426), (0.000000, 0.000000, 0.000000, 1.000000)
((-0.222214, 0.660403, 0.717279, -0.139069), (-0.872011, 0.194468, -0.449198, -0.125274), (-0.436140, -0.725293, 0.532665, 0.166708), (0.000000, 0.000000, 0.000000, 1.000000)
((-0.226241, 0.658271, 0.717980, -0.142699), (-0.871507, 0.192433, -0.451049, -0.123876), (-0.435075, -0.727770, 0.530151, 0.167928), (0.000000, 0.000000, 0.000000, 1.000000)
((-0.226436, 0.655524, 0.720426, -0.146438), (-0.871446, 0.194051, -0.450473, -0.122437), (-0.435096, -0.729816, 0.527314, 0.169192), (0.000000, 0.000000, 0.000000, 1.000000)
((-0.226242, 0.655654, 0.720370, -0.147999), (-0.870940, 0.195021, -0.451032, -0.121836), (-0.436208, -0.729442, 0.526913, 0.169720), (0.000000, 0.000000, 0.000000, 1.000000)
((-0.226053, 0.653740, 0.722166, -0.154674), (-0.870645, 0.196908, -0.450781, -0.119286), (-0.436894, -0.730651, 0.524664, 0.171940), (0.000000, 0.000000, 0.000000, 1.000000)
((-0.225878, 0.653767, 0.722197, -0.157637), (-0.869592, 0.198831, -0.451969, -0.118162), (-0.439078, -0.730106, 0.523598, 0.172909), (0.000000, 0.000000, 0.000000, 1.000000)
((-0.228028, 0.652553, 0.722618, -0.160069), (-0.868981, 0.198366, -0.453346, -0.117244), (-0.439175, -0.731317, 0.521824, 0.173703), (0.000000, 0.000000, 0.000000, 1.000000)
((-0.225908, 0.651989, 0.723793, -0.161382), (-0.870370, 0.198612, -0.450565, -0.116749), (-0.437518, -0.731754, 0.522604, 0.174132), (0.000000, 0.000000, 0.000000, 1.000000)
((-0.229988, 0.649970, 0.724324, -0.166428), (-0.869028, 0.197855, -0.453479, -0.114838), (-0.438059, -0.733752, 0.519338, 0.175782), (0.000000, 0.000000, 0.000000, 1.000000)
((-0.230196, 0.648028, 0.725996, -0.173028), (-0.868722, 0.199364, -0.453404, -0.112338), (-0.438556, -0.735060, 0.517064, 0.177866), (0.000000, 0.000000, 0.000000, 1.000000)
((-0.233057, 0.643933, 0.728721, -0.176156), (-0.868899, 0.198615, -0.453394, -0.111152), (-0.436690, -0.738852, 0.513225, 0.178854), (0.000000, 0.000000, 0.000000, 1.000000)
((-0.233057, 0.643933, 0.728721, -0.176157), (-0.868899, 0.198615, -0.453394, -0.111152), (-0.436690, -0.738852, 0.513225, 0.178854), (0.000000, 0.000000, 0.000000, 1.000000)
((-0.239048, 0.642104, 0.728394, -0.182478), (-0.868522, 0.194041, -0.456089, -0.108732), (-0.434195, -0.741654, 0.511297, 0.180850), (0.000000, 0.000000, 0.000000, 1.000000)
((-0.239048, 0.642104, 0.728394, -0.182506), (-0.868522, 0.194041, -0.456089, -0.108722), (-0.434195, -0.741654, 0.511297, 0.180859), (0.000000, 0.000000, 0.000000, 1.000000)
((-0.237768, 0.638954, 0.731577, -0.189403), (-0.869333, 0.195982, -0.453709, -0.106074), (-0.433275, -0.743861, 0.508865, 0.183021), (0.000000, 0.000000, 0.000000, 1.000000)
((-0.240353, 0.637504, 0.731996, -0.193001), (-0.867980, 0.196447, -0.456092, -0.104686), (-0.434559, -0.744981, 0.506124, 0.184141), (0.000000, 0.000000, 0.000000, 1.000000)
((-0.241078, 0.635333, 0.733644, -0.197705), (-0.868100, 0.196817, -0.455703, -0.102870), (-0.433916, -0.746737, 0.504084, 0.185604), (0.000000, 0.000000, 0.000000, 1.000000)
((-0.243276, 0.634650, 0.733509, -0.200912), (-0.867472, 0.195968, -0.457262, -0.101646), (-0.433946, -0.747540, 0.502867, 0.186556), (0.000000, 0.000000, 0.000000, 1.000000)
((-0.241741, 0.633547, 0.734969, -0.204396), (-0.867467, 0.198307, -0.456263, -0.100316), (-0.434813, -0.747858, 0.501643, 0.187591), (0.000000, 0.000000, 0.000000, 1.000000)
((-0.241741, 0.633547, 0.734969, -0.204426), (-0.867467, 0.198307, -0.456263, -0.100305), (-0.434813, -0.747858, 0.501643, 0.187600), (0.000000, 0.000000, 0.000000, 1.000000)
((-0.244516, 0.631196, 0.736073, -0.211464), (-0.867624, 0.196521, -0.456737, -0.097613), (-0.432944, -0.750314, 0.499588, 0.189673), (0.000000, 0.000000, 0.000000, 1.000000)
((-0.244516, 0.631196, 0.736073, -0.211632), (-0.867624, 0.196521, -0.456737, -0.097550), (-0.432944, -0.750314, 0.499588, 0.189720), (0.000000, 0.000000, 0.000000, 1.000000)
((-0.245667, 0.628363, 0.738111, -0.215443), (-0.867286, 0.197627, -0.456902, -0.096117), (-0.432970, -0.752399, 0.496419, 0.190789), (0.000000, 0.000000, 0.000000, 1.000000)
((-0.244594, 0.627474, 0.739222, -0.221022), (-0.866905, 0.199986, -0.456597, -0.094040), (-0.434337, -0.752517, 0.495045, 0.192338), (0.000000, 0.000000, 0.000000, 1.000000)
((-0.248130, 0.623938, 0.741035, -0.226376), (-0.866579, 0.198940, -0.457672, -0.092048), (-0.432980, -0.755728, 0.491329, 0.193825), (0.000000, 0.000000, 0.000000, 1.000000)
((-0.253748, 0.620097, 0.742356, -0.233628), (-0.866177, 0.195924, -0.459729, -0.089356), (-0.430522, -0.759667, 0.487398, 0.195851), (0.000000, 0.000000, 0.000000, 1.000000)
((-0.253748, 0.620097, 0.742356, -0.233643), (-0.866177, 0.195924, -0.459729, -0.089350), (-0.430522, -0.759667, 0.487398, 0.195856), (0.000000, 0.000000, 0.000000, 1.000000)
((-0.254898, 0.618988, 0.742887, -0.241013), (-0.865534, 0.196489, -0.460698, -0.086649), (-0.431136, -0.760425, 0.485671, 0.197906), (0.000000, 0.000000, 0.000000, 1.000000)
((-0.255337, 0.615284, 0.745807, -0.248760), (-0.864892, 0.199433, -0.460639, -0.083860), (-0.432162, -0.762661, 0.481232, 0.200084), (0.000000, 0.000000, 0.000000, 1.000000)
((-0.255337, 0.615284, 0.745807, -0.248776), (-0.864892, 0.199433, -0.460639, -0.083854), (-0.432162, -0.762661, 0.481232, 0.200089), (0.000000, 0.000000, 0.000000, 1.000000)
((-0.251006, 0.614326, 0.748064, -0.255232), (-0.864816, 0.204843, -0.458403, -0.081576), (-0.434844, -0.761999, 0.479862, 0.201898), (0.000000, 0.000000, 0.000000, 1.000000)
((-0.251391, 0.614592, 0.747716, -0.257260), (-0.864279, 0.205205, -0.459252, -0.080874), (-0.435688, -0.761687, 0.479592, 0.202435), (0.000000, 0.000000, 0.000000, 1.000000)
((-0.254794, 0.611394, 0.749184, -0.261523), (-0.864193, 0.203652, -0.460104, -0.079398), (-0.433878, -0.764672, 0.476473, 0.203562), (0.000000, 0.000000, 0.000000, 1.000000)
((-0.254321, 0.610890, 0.749756, -0.267297), (-0.863528, 0.205642, -0.460467, -0.077429), (-0.435476, -0.764542, 0.475222, 0.205095), (0.000000, 0.000000, 0.000000, 1.000000)
((-0.253139, 0.609831, 0.751018, -0.269933), (-0.864113, 0.206537, -0.458968, -0.076558), (-0.435006, -0.765146, 0.474680, 0.205741), (0.000000, 0.000000, 0.000000, 1.000000)
((-0.252967, 0.608618, 0.752058, -0.274639), (-0.863070, 0.209293, -0.459682, -0.074994), (-0.437171, -0.765363, 0.472336, 0.207001), (0.000000, 0.000000, 0.000000, 1.000000)
((-0.253564, 0.608970, 0.751572, -0.276626), (-0.862705, 0.209077, -0.460464, -0.074335), (-0.437546, -0.765142, 0.472347, 0.207551), (0.000000, 0.000000, 0.000000, 1.000000)
((-0.256160, 0.607602, 0.751799, -0.277329), (-0.862392, 0.207672, -0.461684, -0.074105), (-0.436648, -0.766610, 0.470794, 0.207736), (0.000000, 0.000000, 0.000000, 1.000000)
((-0.254366, 0.608590, 0.751609, -0.277805), (-0.862035, 0.209620, -0.461470, -0.073950), (-0.438398, -0.765296, 0.471306, 0.207859), (0.000000, 0.000000, 0.000000, 1.000000)
((-0.252077, 0.612190, 0.749453, -0.278356), (-0.860021, 0.213329, -0.463524, -0.073773), (-0.443645, -0.761389, 0.472721, 0.207996), (0.000000, 0.000000, 0.000000, 1.000000)
((-0.251038, 0.612481, 0.749565, -0.279144), (-0.858670, 0.216557, -0.464531, -0.073519), (-0.446840, -0.760244, 0.471555, 0.208192), (0.000000, 0.000000, 0.000000, 1.000000)
((-0.251033, 0.610507, 0.751175, -0.281981), (-0.858432, 0.218188, -0.464207, -0.072602), (-0.447299, -0.761364, 0.469307, 0.208915), (0.000000, 0.000000, 0.000000, 1.000000)
((-0.249808, 0.611075, 0.751122, -0.283147), (-0.856971, 0.221596, -0.465290, -0.072230), (-0.450773, -0.759923, 0.468317, 0.209206), (0.000000, 0.000000, 0.000000, 1.000000)
((-0.248765, 0.611535, 0.751093, -0.284263), (-0.855649, 0.224615, -0.466276, -0.071873), (-0.453851, -0.758665, 0.467383, 0.209485), (0.000000, 0.000000, 0.000000, 1.000000)
</SampleFrames>
<SampleWeights Num="75">0.0218798
0.0922217
0.10907
0.165516
0.17904
0.202683
0.222737
0.239215
0.251974
0.275246
0.280809
0.309546
0.349165
0.377195
0.386497
0.386498
0.410012
0.439523
0.443012
0.467182
0.493277
0.50847
0.520554
0.540486
0.552202
0.552172
0.562269
0.570894
0.570766
0.571136
0.568619
0.56552
0.560055
0.55823
0.564295
0.561146
0.558379
0.560851
0.561661
0.571821
0.557011
0.553536
0.553535
0.554665
0.554664
0.5431
0.534248
0.524353
0.519718
0.520072
0.520071
0.506249
0.506211
0.49125
0.470612
0.447377
0.430442
0.430442
0.422919
0.403988
0.403988
0.38958
0.388352
0.381684
0.361784
0.355428
0.339106
0.322026
0.313631
0.302433
0.291391
0.271899
0.230655
0.219514
0.198399
</SampleWeights>
</PointSplatMark>
<PointSplatMark HeadPosAtStart="(-0.0404934, 0.370188, 2.10792)" BrushTip="0" BrushInterface="ForceTapeDraw" SuperSamplesPerWidth="20" Draw="0" Width="0.06" Pose="1" LayerIndex="0" Name="PointSplatMark" RoomToVirtualScaleAtStart="1" RoomToVirtualFrameAtStart="((0.992656, -0.068539, 0.099686, -0.010762), (0.068504, 0.997644, 0.003779, 0.015401), (-0.099710, 0.003078, 0.995012, -0.032871), (0.000000, 0.000000, 0.000000, 1.000000)" ColorSwatch="0"><SamplePoints Num="121">(0.104912, 0.188197, 0.076766)
(0.104517, 0.187449, 0.0768998)
(0.104329, 0.187094, 0.0769635)
(0.104231, 0.186907, 0.0769967)
(0.104096, 0.186653, 0.0770421)
(0.104053, 0.186573, 0.0770564)
(0.103523, 0.185571, 0.0772348)
(0.103084, 0.184743, 0.0773822)
(0.102889, 0.184376, 0.0774475)
(0.102748, 0.184109, 0.077495)
(0.100636, 0.180132, 0.0782073)
(0.0998964, 0.178747, 0.0784554)
(0.0991149, 0.177283, 0.0787178)
(0.098469, 0.176073, 0.0789344)
(0.0976614, 0.17456, 0.0792051)
(0.0970734, 0.17346, 0.0794017)
(0.0966225, 0.172617, 0.0795525)
(0.0950236, 0.169631, 0.0800893)
(0.0939445, 0.167616, 0.0804515)
(0.0919654, 0.163916, 0.0811161)
(0.0901108, 0.160449, 0.0817389)
(0.0881314, 0.156746, 0.0823988)
(0.086584, 0.153852, 0.0829147)
(0.0865839, 0.153851, 0.0829148)
(0.0765293, 0.135084, 0.0862786)
(0.0738009, 0.130018, 0.0871884)
(0.0697366, 0.122509, 0.0885437)
(0.0668714, 0.117245, 0.0894991)
(0.0643482, 0.112609, 0.0903513)
(0.0621641, 0.108595, 0.0910889)
(0.0606226, 0.105776, 0.0916049)
(0.0595803, 0.10387, 0.0919538)
(0.0568813, 0.0989381, 0.0928489)
(0.0548292, 0.0951929, 0.0935204)
(0.0527284, 0.0913516, 0.0942095)
(0.0503276, 0.0869615, 0.0949971)
(0.0486067, 0.0838202, 0.0955595)
(0.0449813, 0.0772027, 0.0967442)
(0.0428757, 0.0733645, 0.0974349)
(0.0380642, 0.0645914, 0.0990133)
(0.0363223, 0.0614274, 0.0995866)
(0.0348076, 0.0586763, 0.100085)
(0.0332646, 0.0558801, 0.100595)
(0.0319214, 0.0534462, 0.10104)
(0.0308126, 0.0514373, 0.101405)
(0.0298302, 0.0496575, 0.101728)
(0.0288922, 0.0479578, 0.102043)
(0.0277483, 0.0458851, 0.102427)
(0.0268915, 0.0443332, 0.102716)
(0.0255191, 0.0418474, 0.103179)
(0.0224336, 0.036253, 0.104222)
(0.0212961, 0.0341956, 0.104602)
(0.0194243, 0.0308101, 0.105226)
(0.0175209, 0.0273717, 0.105868)
(0.0158944, 0.0244334, 0.106417)
(0.0137314, 0.0205372, 0.107147)
(0.0120814, 0.0175995, 0.107704)
(0.0106124, 0.014984, 0.108199)
(0.00897202, 0.0120702, 0.108748)
(0.0073762, 0.00923544, 0.109282)
(0.0060352, 0.00684218, 0.10974)
(0.00485845, 0.00474205, 0.110141)
(0.00223041, 6.1946e-05, 0.111033)
(0.000394147, -0.00320024, 0.111654)
(-0.00081963, -0.00534493, 0.112076)
(-0.00414222, -0.0112059, 0.113228)
(-0.00817959, -0.0183018, 0.114615)
(-0.0101929, -0.0218559, 0.115304)
(-0.012237, -0.0254641, 0.115999)
(-0.0162096, -0.0324829, 0.117354)
(-0.0188397, -0.037127, 0.118261)
(-0.0205856, -0.0402099, 0.118863)
(-0.0223008, -0.0432424, 0.119458)
(-0.0237472, -0.0457996, 0.119959)
(-0.0251186, -0.0482172, 0.120435)
(-0.0262088, -0.0501389, 0.120814)
(-0.0272933, -0.0520397, 0.121199)
(-0.0273194, -0.0520849, 0.121208)
(-0.0303458, -0.057343, 0.122288)
(-0.0321267, -0.0604379, 0.122927)
(-0.0351074, -0.0656194, 0.124007)
(-0.0369374, -0.0687978, 0.124683)
(-0.0392036, -0.0727299, 0.12552)
(-0.0439179, -0.0808975, 0.12728)
(-0.0447386, -0.0823187, 0.127592)
(-0.0472108, -0.0865895, 0.128529)
(-0.0494218, -0.0903965, 0.129364)
(-0.0502583, -0.091835, 0.12968)
(-0.0522804, -0.0952567, 0.130435)
(-0.0528242, -0.0961725, 0.130638)
(-0.0533285, -0.0970034, 0.130825)
(-0.0540179, -0.098136, 0.131082)
(-0.0552658, -0.100145, 0.131553)
(-0.0555902, -0.100668, 0.131676)
(-0.0567951, -0.102597, 0.13217)
(-0.0577882, -0.104159, 0.132568)
(-0.05951, -0.106867, 0.133259)
(-0.060816, -0.108913, 0.13381)
(-0.0629768, -0.112298, 0.134722)
(-0.0644843, -0.114605, 0.135399)
(-0.066194, -0.117223, 0.136168)
(-0.0676572, -0.119382, 0.136835)
(-0.0695702, -0.122206, 0.137707)
(-0.0707736, -0.123889, 0.138286)
(-0.0725631, -0.126391, 0.139146)
(-0.0738861, -0.128178, 0.13982)
(-0.0741111, -0.128466, 0.139937)
(-0.0767914, -0.131897, 0.141338)
(-0.076884, -0.132013, 0.14139)
(-0.0788682, -0.134489, 0.142514)
(-0.0788977, -0.134525, 0.142531)
(-0.081066, -0.13721, 0.143781)
(-0.0815945, -0.137858, 0.144097)
(-0.0824143, -0.138865, 0.144586)
(-0.0827228, -0.139237, 0.144782)
(-0.083479, -0.140148, 0.145261)
(-0.0835631, -0.140247, 0.145317)
(-0.0844179, -0.141249, 0.14588)
(-0.0847251, -0.141611, 0.1461)
(-0.0852889, -0.142267, 0.14651)
(-0.0853159, -0.142298, 0.146529)
</SamplePoints>
<SampleFrames Num="121">((0.103387, 0.596925, 0.795608, 0.104912), (-0.628906, 0.658932, -0.412656, 0.188197), (-0.770576, -0.457700, 0.443535, 0.076766), (0.000000, 0.000000, 0.000000, 1.000000)
((0.102001, 0.597783, 0.795142, 0.104517), (-0.630159, 0.657313, -0.413328, 0.187449), (-0.769738, -0.458906, 0.443745, 0.076900), (0.000000, 0.000000, 0.000000, 1.000000)
((0.100318, 0.598316, 0.794956, 0.104329), (-0.631895, 0.655475, -0.413596, 0.187094), (-0.768534, -0.460837, 0.443828, 0.076963), (0.000000, 0.000000, 0.000000, 1.000000)
((0.100318, 0.598316, 0.794956, 0.104231), (-0.631895, 0.655475, -0.413596, 0.186907), (-0.768534, -0.460837, 0.443828, 0.076997), (0.000000, 0.000000, 0.000000, 1.000000)
((0.100456, 0.598399, 0.794875, 0.104096), (-0.631885, 0.655480, -0.413602, 0.186653), (-0.768524, -0.460721, 0.443967, 0.077042), (0.000000, 0.000000, 0.000000, 1.000000)
((0.100732, 0.598566, 0.794715, 0.104053), (-0.631866, 0.655491, -0.413614, 0.186573), (-0.768504, -0.460489, 0.444243, 0.077056), (0.000000, 0.000000, 0.000000, 1.000000)
((0.099104, 0.599226, 0.794422, 0.103523), (-0.633281, 0.653788, -0.414145, 0.185571), (-0.767550, -0.462049, 0.444272, 0.077235), (0.000000, 0.000000, 0.000000, 1.000000)
((0.100375, 0.600014, 0.793668, 0.103084), (-0.634134, 0.653263, -0.413668, 0.184743), (-0.766680, -0.461770, 0.446061, 0.077382), (0.000000, 0.000000, 0.000000, 1.000000)
((0.100432, 0.600145, 0.793562, 0.102889), (-0.633819, 0.653402, -0.413931, 0.184376), (-0.766934, -0.461402, 0.446006, 0.077447), (0.000000, 0.000000, 0.000000, 1.000000)
((0.101191, 0.597811, 0.795225, 0.102748), (-0.634132, 0.654664, -0.411452, 0.184109), (-0.766575, -0.462642, 0.445337, 0.077495), (0.000000, 0.000000, 0.000000, 1.000000)
((0.100373, 0.598036, 0.795159, 0.100636), (-0.637484, 0.652257, -0.410091, 0.180132), (-0.763898, -0.465739, 0.446707, 0.078207), (0.000000, 0.000000, 0.000000, 1.000000)
((0.098098, 0.598505, 0.795090, 0.099896), (-0.637213, 0.651464, -0.411771, 0.178747), (-0.764419, -0.466247, 0.445282, 0.078455), (0.000000, 0.000000, 0.000000, 1.000000)
((0.097631, 0.597105, 0.796199, 0.099115), (-0.638763, 0.651090, -0.409956, 0.177283), (-0.763184, -0.468559, 0.444975, 0.078718), (0.000000, 0.000000, 0.000000, 1.000000)
((0.096241, 0.597948, 0.795736, 0.098469), (-0.639995, 0.649457, -0.410623, 0.176073), (-0.762328, -0.469749, 0.445188, 0.078934), (0.000000, 0.000000, 0.000000, 1.000000)
((0.097623, 0.596265, 0.796830, 0.097661), (-0.639353, 0.651157, -0.408929, 0.174560), (-0.762691, -0.469534, 0.444792, 0.079205), (0.000000, 0.000000, 0.000000, 1.000000)
((0.096453, 0.597148, 0.796311, 0.097073), (-0.640881, 0.649390, -0.409346, 0.173460), (-0.761557, -0.470858, 0.445336, 0.079402), (0.000000, 0.000000, 0.000000, 1.000000)
((0.095680, 0.595446, 0.797677, 0.096622), (-0.642769, 0.648844, -0.407246, 0.172617), (-0.760061, -0.473757, 0.444816, 0.079553), (0.000000, 0.000000, 0.000000, 1.000000)
((0.095875, 0.594669, 0.798233, 0.095024), (-0.643509, 0.648840, -0.406083, 0.169631), (-0.759411, -0.474737, 0.444883, 0.080089), (0.000000, 0.000000, 0.000000, 1.000000)
((0.094824, 0.595808, 0.797509, 0.093945), (-0.644403, 0.647365, -0.407017, 0.167616), (-0.758784, -0.475322, 0.445326, 0.080452), (0.000000, 0.000000, 0.000000, 1.000000)
((0.094067, 0.593134, 0.799589, 0.091965), (-0.647212, 0.646710, -0.403588, 0.163916), (-0.756484, -0.479539, 0.444717, 0.081116), (0.000000, 0.000000, 0.000000, 1.000000)
((0.094707, 0.592619, 0.799895, 0.090111), (-0.647932, 0.646717, -0.402419, 0.160449), (-0.755787, -0.480166, 0.445226, 0.081739), (0.000000, 0.000000, 0.000000, 1.000000)
((0.093422, 0.592443, 0.800178, 0.088131), (-0.650381, 0.644832, -0.401493, 0.156746), (-0.753842, -0.482911, 0.445555, 0.082399), (0.000000, 0.000000, 0.000000, 1.000000)
((0.093719, 0.591649, 0.800730, 0.086584), (-0.651287, 0.644743, -0.400164, 0.153852), (-0.753022, -0.484002, 0.445758, 0.082915), (0.000000, 0.000000, 0.000000, 1.000000)
((0.093719, 0.591649, 0.800730, 0.086584), (-0.651287, 0.644743, -0.400164, 0.153851), (-0.753022, -0.484002, 0.445758, 0.082915), (0.000000, 0.000000, 0.000000, 1.000000)
((0.097316, 0.586409, 0.804148, 0.076529), (-0.653622, 0.646971, -0.392691, 0.135084), (-0.750538, -0.487394, 0.446251, 0.086279), (0.000000, 0.000000, 0.000000, 1.000000)
((0.096486, 0.583715, 0.806205, 0.073801), (-0.654569, 0.647401, -0.390398, 0.130018), (-0.749820, -0.490049, 0.444547, 0.087188), (0.000000, 0.000000, 0.000000, 1.000000)
((0.097881, 0.582601, 0.806843, 0.069737), (-0.656075, 0.647394, -0.387876, 0.122509), (-0.748322, -0.491383, 0.445597, 0.088544), (0.000000, 0.000000, 0.000000, 1.000000)
((0.099837, 0.580121, 0.808388, 0.066871), (-0.656416, 0.648970, -0.384650, 0.117245), (-0.747764, -0.492237, 0.445592, 0.089499), (0.000000, 0.000000, 0.000000, 1.000000)
((0.101690, 0.577399, 0.810104, 0.064348), (-0.657389, 0.650194, -0.380903, 0.112609), (-0.746658, -0.493820, 0.445694, 0.090351), (0.000000, 0.000000, 0.000000, 1.000000)
((0.098710, 0.578867, 0.809425, 0.062164), (-0.658383, 0.647912, -0.383069, 0.108595), (-0.746183, -0.495099, 0.445072, 0.091089), (0.000000, 0.000000, 0.000000, 1.000000)
((0.100812, 0.577535, 0.810117, 0.060623), (-0.657759, 0.649612, -0.381258, 0.105776), (-0.746452, -0.494426, 0.445367, 0.091605), (0.000000, 0.000000, 0.000000, 1.000000)
((0.100737, 0.576235, 0.811052, 0.059580), (-0.659355, 0.649138, -0.379303, 0.103870), (-0.745053, -0.496561, 0.445335, 0.091954), (0.000000, 0.000000, 0.000000, 1.000000)
((0.100951, 0.575321, 0.811674, 0.056881), (-0.658652, 0.650099, -0.378877, 0.098938), (-0.745645, -0.496363, 0.444564, 0.092849), (0.000000, 0.000000, 0.000000, 1.000000)
((0.101092, 0.577159, 0.810350, 0.054829), (-0.659634, 0.648630, -0.379687, 0.095193), (-0.744758, -0.496151, 0.446285, 0.093520), (0.000000, 0.000000, 0.000000, 1.000000)
((0.100816, 0.575861, 0.811308, 0.052728), (-0.659114, 0.649498, -0.379106, 0.091352), (-0.745255, -0.496524, 0.445038, 0.094209), (0.000000, 0.000000, 0.000000, 1.000000)
((0.104599, 0.572792, 0.812999, 0.050328), (-0.658208, 0.652696, -0.375168, 0.086962), (-0.745534, -0.495880, 0.445288, 0.094997), (0.000000, 0.000000, 0.000000, 1.000000)
((0.105039, 0.571880, 0.813585, 0.048607), (-0.659472, 0.652408, -0.373444, 0.083820), (-0.744354, -0.497310, 0.445667, 0.095559), (0.000000, 0.000000, 0.000000, 1.000000)
((0.102114, 0.571993, 0.813878, 0.044981), (-0.662201, 0.649623, -0.373470, 0.077203), (-0.742336, -0.500814, 0.445110, 0.096744), (0.000000, 0.000000, 0.000000, 1.000000)
((0.102046, 0.573778, 0.812629, 0.042876), (-0.662735, 0.648420, -0.374611, 0.073364), (-0.741868, -0.500330, 0.446431, 0.097435), (0.000000, 0.000000, 0.000000, 1.000000)
((0.100951, 0.569194, 0.815982, 0.038064), (-0.664090, 0.649261, -0.370737, 0.064591), (-0.740806, -0.504459, 0.443539, 0.099013), (0.000000, 0.000000, 0.000000, 1.000000)
((0.101666, 0.568337, 0.816490, 0.036322), (-0.665804, 0.648699, -0.368639, 0.061427), (-0.739168, -0.506145, 0.444352, 0.099587), (0.000000, 0.000000, 0.000000, 1.000000)
((0.100020, 0.568886, 0.816312, 0.034808), (-0.665514, 0.648140, -0.370144, 0.058676), (-0.739654, -0.506245, 0.443428, 0.100085), (0.000000, 0.000000, 0.000000, 1.000000)
((0.100450, 0.567856, 0.816976, 0.033265), (-0.667094, 0.647654, -0.368143, 0.055880), (-0.738170, -0.508020, 0.443870, 0.100595), (0.000000, 0.000000, 0.000000, 1.000000)
((0.097796, 0.566206, 0.818442, 0.031921), (-0.669244, 0.646083, -0.366999, 0.053446), (-0.736578, -0.511846, 0.442114, 0.101040), (0.000000, 0.000000, 0.000000, 1.000000)
((0.099653, 0.564578, 0.819342, 0.030813), (-0.668972, 0.647577, -0.364857, 0.051437), (-0.736577, -0.511757, 0.442220, 0.101405), (0.000000, 0.000000, 0.000000, 1.000000)
((0.098561, 0.565482, 0.818850, 0.029830), (-0.670343, 0.645881, -0.365347, 0.049658), (-0.735477, -0.512901, 0.442726, 0.101728), (0.000000, 0.000000, 0.000000, 1.000000)
((0.096257, 0.565540, 0.819084, 0.028892), (-0.670083, 0.645317, -0.366816, 0.047958), (-0.736018, -0.513546, 0.441075, 0.102043), (0.000000, 0.000000, 0.000000, 1.000000)
((0.096379, 0.564210, 0.819986, 0.027748), (-0.671994, 0.644611, -0.364555, 0.045885), (-0.734258, -0.515890, 0.441273, 0.102427), (0.000000, 0.000000, 0.000000, 1.000000)
((0.097117, 0.564787, 0.819502, 0.026891), (-0.671637, 0.644836, -0.364816, 0.044333), (-0.734488, -0.514978, 0.441956, 0.102716), (0.000000, 0.000000, 0.000000, 1.000000)
((0.096587, 0.562973, 0.820812, 0.025519), (-0.672031, 0.645199, -0.363445, 0.041847), (-0.734197, -0.516507, 0.440654, 0.103179), (0.000000, 0.000000, 0.000000, 1.000000)
((0.093819, 0.562830, 0.821231, 0.022434), (-0.675459, 0.641970, -0.362808, 0.036253), (-0.731405, -0.520670, 0.440397, 0.104222), (0.000000, 0.000000, 0.000000, 1.000000)
((0.095867, 0.561297, 0.822043, 0.021296), (-0.675340, 0.643372, -0.360540, 0.034196), (-0.731250, -0.520595, 0.440744, 0.104602), (0.000000, 0.000000, 0.000000, 1.000000)
((0.095593, 0.559662, 0.823189, 0.019424), (-0.675556, 0.643847, -0.359284, 0.030810), (-0.731086, -0.521765, 0.439630, 0.105226), (0.000000, 0.000000, 0.000000, 1.000000)
((0.098144, 0.558508, 0.823672, 0.017521), (-0.675245, 0.645362, -0.357143, 0.027372), (-0.731035, -0.521129, 0.440468, 0.105868), (0.000000, 0.000000, 0.000000, 1.000000)
((0.098683, 0.557474, 0.824308, 0.015894), (-0.676979, 0.644736, -0.354985, 0.024433), (-0.729357, -0.523008, 0.441023, 0.106417), (0.000000, 0.000000, 0.000000, 1.000000)
((0.096445, 0.556064, 0.825525, 0.013731), (-0.678618, 0.643470, -0.354152, 0.020537), (-0.728131, -0.526060, 0.439415, 0.107147), (0.000000, 0.000000, 0.000000, 1.000000)
((0.097787, 0.557133, 0.824646, 0.012081), (-0.677916, 0.643933, -0.354655, 0.017599), (-0.728606, -0.524360, 0.440658, 0.107704), (0.000000, 0.000000, 0.000000, 1.000000)
((0.095160, 0.555301, 0.826187, 0.010612), (-0.680339, 0.642151, -0.353244, 0.014984), (-0.726694, -0.528472, 0.438900, 0.108199), (0.000000, 0.000000, 0.000000, 1.000000)
((0.096680, 0.556458, 0.825232, 0.008972), (-0.679930, 0.642425, -0.353533, 0.012070), (-0.726875, -0.526920, 0.440462, 0.108748), (0.000000, 0.000000, 0.000000, 1.000000)
((0.096044, 0.554513, 0.826614, 0.007376), (-0.680160, 0.642892, -0.352240, 0.009235), (-0.726745, -0.528399, 0.438903, 0.109282), (0.000000, 0.000000, 0.000000, 1.000000)
((0.098275, 0.553070, 0.827319, 0.006035), (-0.680181, 0.644177, -0.349841, 0.006842), (-0.726427, -0.528346, 0.439494, 0.109740), (0.000000, 0.000000, 0.000000, 1.000000)
((0.094586, 0.553533, 0.827439, 0.004858), (-0.682339, 0.641264, -0.350988, 0.004742), (-0.724890, -0.531396, 0.438352, 0.110141), (0.000000, 0.000000, 0.000000, 1.000000)
((0.098624, 0.550372, 0.829074, 0.002230), (-0.682111, 0.644009, -0.346377, 0.000062), (-0.724568, -0.531359, 0.438930, 0.111033), (0.000000, 0.000000, 0.000000, 1.000000)
((0.099376, 0.549439, 0.829603, 0.000394), (-0.683985, 0.643249, -0.344085, -0.003200), (-0.722695, -0.533243, 0.439731, 0.111654), (0.000000, 0.000000, 0.000000, 1.000000)
((0.097406, 0.549591, 0.829736, -0.000820), (-0.683969, 0.642593, -0.345340, -0.005345), (-0.722979, -0.533876, 0.438496, 0.112076), (0.000000, 0.000000, 0.000000, 1.000000)
((0.096175, 0.548805, 0.830399, -0.004142), (-0.685671, 0.641280, -0.344405, -0.011206), (-0.721530, -0.536258, 0.437975, 0.113228), (0.000000, 0.000000, 0.000000, 1.000000)
((0.095023, 0.546486, 0.832060, -0.008180), (-0.689737, 0.638836, -0.340810, -0.018302), (-0.717798, -0.541518, 0.437636, 0.114615), (0.000000, 0.000000, 0.000000, 1.000000)
((0.095918, 0.545662, 0.832498, -0.010193), (-0.691447, 0.638155, -0.338613, -0.021856), (-0.716031, -0.543149, 0.438507, 0.115304), (0.000000, 0.000000, 0.000000, 1.000000)
((0.094040, 0.544261, 0.833628, -0.012237), (-0.693780, 0.636365, -0.337208, -0.025464), (-0.714021, -0.546644, 0.437441, 0.115999), (0.000000, 0.000000, 0.000000, 1.000000)
((0.094671, 0.541639, 0.835263, -0.016210), (-0.695822, 0.636044, -0.333586, -0.032483), (-0.711947, -0.549614, 0.437099, 0.117354), (0.000000, 0.000000, 0.000000, 1.000000)
((0.093332, 0.540621, 0.836073, -0.018840), (-0.698105, 0.634266, -0.332199, -0.037127), (-0.709886, -0.552662, 0.436608, 0.118261), (0.000000, 0.000000, 0.000000, 1.000000)
((0.091385, 0.539095, 0.837273, -0.020586), (-0.700570, 0.632339, -0.330680, -0.040210), (-0.707708, -0.556349, 0.435460, 0.118863), (0.000000, 0.000000, 0.000000, 1.000000)
((0.090846, 0.537070, 0.838631, -0.022301), (-0.700763, 0.632817, -0.329353, -0.043242), (-0.707586, -0.557762, 0.433848, 0.119458), (0.000000, 0.000000, 0.000000, 1.000000)
((0.090390, 0.538364, 0.837851, -0.023747), (-0.702366, 0.630901, -0.329614, -0.045800), (-0.706053, -0.558684, 0.435156, 0.119959), (0.000000, 0.000000, 0.000000, 1.000000)
((0.089644, 0.536132, 0.839361, -0.025119), (-0.702869, 0.631146, -0.328071, -0.048217), (-0.705648, -0.560551, 0.433409, 0.120435), (0.000000, 0.000000, 0.000000, 1.000000)
((0.088971, 0.537225, 0.838733, -0.026209), (-0.704779, 0.628988, -0.328117, -0.050139), (-0.703826, -0.561928, 0.434586, 0.120814), (0.000000, 0.000000, 0.000000, 1.000000)
((0.088015, 0.534785, 0.840392, -0.027293), (-0.705589, 0.628992, -0.326363, -0.052040), (-0.703134, -0.564246, 0.432700, 0.121199), (0.000000, 0.000000, 0.000000, 1.000000)
((0.088015, 0.534785, 0.840392, -0.027319), (-0.705589, 0.628992, -0.326363, -0.052085), (-0.703134, -0.564246, 0.432700, 0.121208), (0.000000, 0.000000, 0.000000, 1.000000)
((0.085439, 0.534315, 0.840956, -0.030346), (-0.709920, 0.624867, -0.324893, -0.057343), (-0.699081, -0.569253, 0.432709, 0.122288), (0.000000, 0.000000, 0.000000, 1.000000)
((0.081748, 0.532896, 0.842223, -0.032127), (-0.714299, 0.620651, -0.323370, -0.060438), (-0.695049, -0.575164, 0.431384, 0.122927), (0.000000, 0.000000, 0.000000, 1.000000)
((0.077590, 0.531021, 0.843799, -0.035107), (-0.717082, 0.617727, -0.322811, -0.065619), (-0.692656, -0.580026, 0.428715, 0.124007), (0.000000, 0.000000, 0.000000, 1.000000)
((0.075722, 0.532762, 0.842871, -0.036937), (-0.720703, 0.613410, -0.322978, -0.068798), (-0.689096, -0.583003, 0.430412, 0.124683), (0.000000, 0.000000, 0.000000, 1.000000)
((0.074237, 0.531462, 0.843823, -0.039204), (-0.723051, 0.611429, -0.321483, -0.072730), (-0.686794, -0.586261, 0.429665, 0.125520), (0.000000, 0.000000, 0.000000, 1.000000)
((0.069825, 0.525806, 0.847734, -0.043918), (-0.728680, 0.607263, -0.316635, -0.080898), (-0.681286, -0.595617, 0.425546, 0.127280), (0.000000, 0.000000, 0.000000, 1.000000)
((0.070560, 0.526452, 0.847272, -0.044739), (-0.728629, 0.607305, -0.316670, -0.082319), (-0.681264, -0.595003, 0.426440, 0.127592), (0.000000, 0.000000, 0.000000, 1.000000)
((0.069384, 0.525352, 0.848051, -0.047211), (-0.731212, 0.605065, -0.315001, -0.086590), (-0.678613, -0.598249, 0.426126, 0.128529), (0.000000, 0.000000, 0.000000, 1.000000)
((0.067959, 0.524025, 0.848987, -0.049422), (-0.733657, 0.602923, -0.313419, -0.090397), (-0.676113, -0.601566, 0.425429, 0.129364), (0.000000, 0.000000, 0.000000, 1.000000)
((0.069748, 0.522177, 0.849980, -0.050258), (-0.734050, 0.603838, -0.310727, -0.091835), (-0.675504, -0.602255, 0.425420, 0.129680), (0.000000, 0.000000, 0.000000, 1.000000)
((0.067975, 0.520519, 0.851140, -0.052280), (-0.736510, 0.601659, -0.309127, -0.095257), (-0.673002, -0.605860, 0.424266, 0.130435), (0.000000, 0.000000, 0.000000, 1.000000)
((0.068338, 0.520848, 0.850910, -0.052824), (-0.736485, 0.601680, -0.309144, -0.096173), (-0.672993, -0.605556, 0.424715, 0.130638), (0.000000, 0.000000, 0.000000, 1.000000)
((0.067076, 0.521396, 0.850674, -0.053328), (-0.738488, 0.599259, -0.309069, -0.097003), (-0.670922, -0.607482, 0.425241, 0.130825), (0.000000, 0.000000, 0.000000, 1.000000)
((0.067583, 0.521849, 0.850357, -0.054018), (-0.738737, 0.599036, -0.308906, -0.098136), (-0.670596, -0.607313, 0.425994, 0.131082), (0.000000, 0.000000, 0.000000, 1.000000)
((0.063218, 0.519493, 0.852133, -0.055266), (-0.742975, 0.594575, -0.307357, -0.100145), (-0.666327, -0.613683, 0.423558, 0.131553), (0.000000, 0.000000, 0.000000, 1.000000)
((0.061824, 0.519912, 0.851980, -0.055590), (-0.744823, 0.592253, -0.307368, -0.100668), (-0.664391, -0.615571, 0.423858, 0.131676), (0.000000, 0.000000, 0.000000, 1.000000)
((0.061036, 0.520892, 0.851438, -0.056795), (-0.746763, 0.589833, -0.307316, -0.102597), (-0.662284, -0.617064, 0.424984, 0.132170), (0.000000, 0.000000, 0.000000, 1.000000)
((0.057246, 0.520797, 0.851759, -0.057788), (-0.748922, 0.586565, -0.308314, -0.104159), (-0.660181, -0.620251, 0.423615, 0.132568), (0.000000, 0.000000, 0.000000, 1.000000)
((0.055434, 0.519002, 0.852974, -0.059510), (-0.751742, 0.583931, -0.306444, -0.106867), (-0.657123, -0.624229, 0.422525, 0.133259), (0.000000, 0.000000, 0.000000, 1.000000)
((0.056497, 0.520017, 0.852285, -0.060816), (-0.751669, 0.583998, -0.306496, -0.108913), (-0.657116, -0.623321, 0.423875, 0.133810), (0.000000, 0.000000, 0.000000, 1.000000)
((0.055023, 0.518543, 0.853279, -0.062977), (-0.754175, 0.581634, -0.304830, -0.112298), (-0.654364, -0.626750, 0.423076, 0.134722), (0.000000, 0.000000, 0.000000, 1.000000)
((0.055721, 0.517379, 0.853940, -0.064484), (-0.756513, 0.580038, -0.302066, -0.114605), (-0.651601, -0.629185, 0.423724, 0.135399), (0.000000, 0.000000, 0.000000, 1.000000)
((0.053788, 0.515435, 0.855239, -0.066194), (-0.758894, 0.577752, -0.300470, -0.117223), (-0.648989, -0.632874, 0.422237, 0.136168), (0.000000, 0.000000, 0.000000, 1.000000)
((0.050261, 0.515517, 0.855404, -0.067657), (-0.761112, 0.574336, -0.301408, -0.119382), (-0.646670, -0.635909, 0.421232, 0.136835), (0.000000, 0.000000, 0.000000, 1.000000)
((0.050106, 0.513535, 0.856604, -0.069570), (-0.762069, 0.574035, -0.299558, -0.122206), (-0.645554, -0.637782, 0.420112, 0.137707), (0.000000, 0.000000, 0.000000, 1.000000)
((0.050609, 0.512156, 0.857400, -0.070774), (-0.764533, 0.572243, -0.296694, -0.123889), (-0.642595, -0.640495, 0.420521, 0.138286), (0.000000, 0.000000, 0.000000, 1.000000)
((0.048929, 0.512295, 0.857414, -0.072563), (-0.764915, 0.571233, -0.297655, -0.126391), (-0.642270, -0.641285, 0.419812, 0.139146), (0.000000, 0.000000, 0.000000, 1.000000)
((0.049439, 0.510919, 0.858206, -0.073886), (-0.767369, 0.569424, -0.294791, -0.128178), (-0.639297, -0.643986, 0.420215, 0.139820), (0.000000, 0.000000, 0.000000, 1.000000)
((0.049439, 0.510919, 0.858206, -0.074111), (-0.767369, 0.569424, -0.294791, -0.128466), (-0.639297, -0.643986, 0.420215, 0.139937), (0.000000, 0.000000, 0.000000, 1.000000)
