<PointSplatMark HeadPosAtStart="(-0.259713, 0.538581, 2.28401)" BrushTip="0" BrushInterface="DirectDraw" SuperSamplesPerWidth="20" Draw="0" Width="0.01" Pose="1" LayerIndex="0" Name="PointSplatMark" RoomToVirtualScaleAtStart="1" RoomToVirtualFrameAtStart="((0.992846, -0.071958, 0.095286, -0.019983), (0.056313, 0.985874, 0.157749, 0.005284), (-0.105291, -0.151254, 0.982871, -0.004983), (0.000000, 0.000000, 0.000000, 1.000000)" ColorSwatch="0.00863503"><SamplePoints Num="98">(-0.0679042, 0.234076, 0.0479423)
(-0.0679042, 0.234076, 0.0479423)
(-0.0679042, 0.234076, 0.0479423)
(-0.0689589, 0.231646, 0.0467242)
(-0.0692705, 0.23125, 0.0465108)
(-0.0692705, 0.23125, 0.0465108)
(-0.072845, 0.226217, 0.0463104)
(-0.072845, 0.226217, 0.0463104)
(-0.072845, 0.226217, 0.0463104)
(-0.072845, 0.226217, 0.0463104)
(-0.072845, 0.226217, 0.0463104)
(-0.072845, 0.226217, 0.0463104)
(-0.0863671, 0.214531, 0.0485038)
(-0.0874189, 0.213394, 0.0485947)
(-0.0874189, 0.213394, 0.0485947)
(-0.0957763, 0.206096, 0.0496684)
(-0.0957763, 0.206096, 0.0496684)
(-0.0957763, 0.206096, 0.0496684)
(-0.0957763, 0.206096, 0.0496684)
(-0.0957763, 0.206096, 0.0496684)
(-0.0957763, 0.206096, 0.0496684)
(-0.107241, 0.192672, 0.0513024)
(-0.109656, 0.190409, 0.0519289)
(-0.111436, 0.188223, 0.0521051)
(-0.111436, 0.188223, 0.0521051)
(-0.111436, 0.188223, 0.0521051)
(-0.117896, 0.17936, 0.0522715)
(-0.119657, 0.176975, 0.0523861)
(-0.119657, 0.176975, 0.0523861)
(-0.119657, 0.176975, 0.0523861)
(-0.126602, 0.168372, 0.0530646)
(-0.129402, 0.164754, 0.0537573)
(-0.131635, 0.162141, 0.0545433)
(-0.131635, 0.162141, 0.0545433)
(-0.131635, 0.162141, 0.0545433)
(-0.13732, 0.154075, 0.0549646)
(-0.139547, 0.149606, 0.0546023)
(-0.139547, 0.149606, 0.0546023)
(-0.143813, 0.142233, 0.0547693)
(-0.145215, 0.139682, 0.0545056)
(-0.145215, 0.139682, 0.0545056)
(-0.150167, 0.13273, 0.0552605)
(-0.152912, 0.129988, 0.0568467)
(-0.152912, 0.129988, 0.0568467)
(-0.157093, 0.126637, 0.058925)
(-0.158956, 0.125273, 0.059628)
(-0.161393, 0.122819, 0.0605684)
(-0.161393, 0.122819, 0.0605684)
(-0.169237, 0.112233, 0.0627586)
(-0.171751, 0.108761, 0.063461)
(-0.174939, 0.103848, 0.0638589)
(-0.1776, 0.100382, 0.0642911)
(-0.178649, 0.0991213, 0.0645461)
(-0.178649, 0.0991213, 0.0645461)
(-0.185466, 0.0925678, 0.0673518)
(-0.185466, 0.0925678, 0.0673518)
(-0.185466, 0.0925678, 0.0673518)
(-0.191115, 0.0866119, 0.0688579)
(-0.191115, 0.0866119, 0.0688579)
(-0.191115, 0.0866119, 0.0688579)
(-0.197769, 0.0797073, 0.0713109)
(-0.199738, 0.0774696, 0.0716745)
(-0.199738, 0.0774696, 0.0716745)
(-0.205041, 0.0721817, 0.0735877)
(-0.205041, 0.0721817, 0.0735877)
(-0.205041, 0.0721817, 0.0735877)
(-0.212685, 0.06476, 0.0773288)
(-0.214903, 0.062666, 0.0781628)
(-0.215843, 0.0617746, 0.0784129)
(-0.215843, 0.0617746, 0.0784129)
(-0.220449, 0.0575531, 0.0800158)
(-0.220449, 0.0575531, 0.0800158)
(-0.220449, 0.0575531, 0.0800158)
(-0.224779, 0.0530082, 0.0821674)
(-0.224779, 0.0530082, 0.0821674)
(-0.229142, 0.048394, 0.0844643)
(-0.229949, 0.0477045, 0.0847461)
(-0.233313, 0.0442321, 0.0861017)
(-0.233313, 0.0442321, 0.0861017)
(-0.233313, 0.0442321, 0.0861017)
(-0.239089, 0.0383946, 0.0894261)
(-0.240871, 0.0364865, 0.0902271)
(-0.241683, 0.0357875, 0.0904857)
(-0.241683, 0.0357875, 0.0904857)
(-0.243961, 0.0354883, 0.0924398)
(-0.243961, 0.0354883, 0.0924398)
(-0.246647, 0.0346452, 0.0951421)
(-0.247213, 0.0343332, 0.0957259)
(-0.247402, 0.0342707, 0.0958955)
(-0.247935, 0.0348649, 0.0968041)
(-0.247935, 0.0348649, 0.0968041)
(-0.248487, 0.0365259, 0.0982748)
(-0.249013, 0.0379886, 0.0996965)
(-0.249013, 0.0379886, 0.0996965)
(-0.25009, 0.0406344, 0.102872)
(-0.25009, 0.0406344, 0.102872)
(-0.25009, 0.0406344, 0.102872)
(-0.25009, 0.0406344, 0.102872)
</SamplePoints>
<SampleFrames Num="98">((0.153095, 0.616532, 0.772302, -0.067904), (-0.642798, 0.655719, -0.396039, 0.234076), (-0.750582, -0.435802, 0.496692, 0.047942), (0.000000, 0.000000, 0.000000, 1.000000)
((0.153095, 0.616532, 0.772302, -0.067904), (-0.642798, 0.655719, -0.396039, 0.234076), (-0.750582, -0.435802, 0.496692, 0.047942), (0.000000, 0.000000, 0.000000, 1.000000)
((0.153095, 0.616532, 0.772302, -0.067904), (-0.642798, 0.655719, -0.396039, 0.234076), (-0.750582, -0.435802, 0.496692, 0.047942), (0.000000, 0.000000, 0.000000, 1.000000)
((0.145248, 0.619586, 0.771373, -0.068959), (-0.651520, 0.646638, -0.396716, 0.231646), (-0.744598, -0.444942, 0.497595, 0.046724), (0.000000, 0.000000, 0.000000, 1.000000)
((0.143396, 0.620108, 0.771300, -0.069270), (-0.653070, 0.644870, -0.397045, 0.231250), (-0.743598, -0.446778, 0.497445, 0.046511), (0.000000, 0.000000, 0.000000, 1.000000)
((0.143396, 0.620108, 0.771300, -0.069270), (-0.653070, 0.644870, -0.397045, 0.231250), (-0.743598, -0.446778, 0.497445, 0.046511), (0.000000, 0.000000, 0.000000, 1.000000)
((0.140270, 0.618870, 0.772868, -0.072845), (-0.658689, 0.641119, -0.393825, 0.226217), (-0.739225, -0.453837, 0.497573, 0.046310), (0.000000, 0.000000, 0.000000, 1.000000)
((0.140270, 0.618870, 0.772868, -0.072845), (-0.658689, 0.641119, -0.393825, 0.226217), (-0.739225, -0.453837, 0.497573, 0.046310), (0.000000, 0.000000, 0.000000, 1.000000)
((0.140270, 0.618870, 0.772868, -0.072845), (-0.658689, 0.641119, -0.393825, 0.226217), (-0.739225, -0.453837, 0.497573, 0.046310), (0.000000, 0.000000, 0.000000, 1.000000)
((0.140270, 0.618870, 0.772868, -0.072845), (-0.658689, 0.641119, -0.393825, 0.226217), (-0.739225, -0.453837, 0.497573, 0.046310), (0.000000, 0.000000, 0.000000, 1.000000)
((0.140270, 0.618870, 0.772868, -0.072845), (-0.658689, 0.641119, -0.393825, 0.226217), (-0.739225, -0.453837, 0.497573, 0.046310), (0.000000, 0.000000, 0.000000, 1.000000)
((0.140270, 0.618870, 0.772868, -0.072845), (-0.658689, 0.641119, -0.393825, 0.226217), (-0.739225, -0.453837, 0.497573, 0.046310), (0.000000, 0.000000, 0.000000, 1.000000)
((0.133373, 0.616506, 0.775972, -0.086367), (-0.669505, 0.633349, -0.388119, 0.214531), (-0.730737, -0.467752, 0.497224, 0.048504), (0.000000, 0.000000, 0.000000, 1.000000)
((0.132802, 0.615020, 0.777247, -0.087419), (-0.670608, 0.633199, -0.386456, 0.213394), (-0.729829, -0.469905, 0.496527, 0.048595), (0.000000, 0.000000, 0.000000, 1.000000)
((0.132802, 0.615020, 0.777247, -0.087419), (-0.670608, 0.633199, -0.386456, 0.213394), (-0.729829, -0.469905, 0.496527, 0.048595), (0.000000, 0.000000, 0.000000, 1.000000)
((0.124659, 0.614201, 0.779241, -0.095776), (-0.680345, 0.624577, -0.383456, 0.206096), (-0.722214, -0.482351, 0.495727, 0.049668), (0.000000, 0.000000, 0.000000, 1.000000)
((0.124659, 0.614201, 0.779241, -0.095776), (-0.680345, 0.624577, -0.383456, 0.206096), (-0.722214, -0.482351, 0.495727, 0.049668), (0.000000, 0.000000, 0.000000, 1.000000)
((0.124659, 0.614201, 0.779241, -0.095776), (-0.680345, 0.624577, -0.383456, 0.206096), (-0.722214, -0.482351, 0.495727, 0.049668), (0.000000, 0.000000, 0.000000, 1.000000)
((0.124659, 0.614201, 0.779241, -0.095776), (-0.680345, 0.624577, -0.383456, 0.206096), (-0.722214, -0.482351, 0.495727, 0.049668), (0.000000, 0.000000, 0.000000, 1.000000)
((0.124659, 0.614201, 0.779241, -0.095776), (-0.680345, 0.624577, -0.383456, 0.206096), (-0.722214, -0.482351, 0.495727, 0.049668), (0.000000, 0.000000, 0.000000, 1.000000)
((0.124659, 0.614201, 0.779241, -0.095776), (-0.680345, 0.624577, -0.383456, 0.206096), (-0.722214, -0.482351, 0.495727, 0.049668), (0.000000, 0.000000, 0.000000, 1.000000)
((0.121292, 0.608691, 0.784081, -0.107241), (-0.691293, 0.618659, -0.373334, 0.192672), (-0.712323, -0.496747, 0.495822, 0.051302), (0.000000, 0.000000, 0.000000, 1.000000)
((0.120127, 0.608131, 0.784694, -0.109656), (-0.694124, 0.616553, -0.371561, 0.190409), (-0.709763, -0.500039, 0.496183, 0.051929), (0.000000, 0.000000, 0.000000, 1.000000)
((0.120282, 0.606893, 0.785629, -0.111436), (-0.694769, 0.616734, -0.370052, 0.188223), (-0.709105, -0.501320, 0.495832, 0.052105), (0.000000, 0.000000, 0.000000, 1.000000)
((0.120282, 0.606893, 0.785629, -0.111436), (-0.694769, 0.616734, -0.370052, 0.188223), (-0.709105, -0.501320, 0.495832, 0.052105), (0.000000, 0.000000, 0.000000, 1.000000)
((0.120282, 0.606893, 0.785629, -0.111436), (-0.694769, 0.616734, -0.370052, 0.188223), (-0.709105, -0.501320, 0.495832, 0.052105), (0.000000, 0.000000, 0.000000, 1.000000)
((0.122809, 0.602629, 0.788515, -0.117896), (-0.700301, 0.615602, -0.361409, 0.179360), (-0.703205, -0.507813, 0.497623, 0.052272), (0.000000, 0.000000, 0.000000, 1.000000)
((0.123025, 0.601392, 0.789425, -0.119657), (-0.700825, 0.615860, -0.359950, 0.176975), (-0.702646, -0.508965, 0.497236, 0.052386), (0.000000, 0.000000, 0.000000, 1.000000)
((0.123025, 0.601392, 0.789425, -0.119657), (-0.700825, 0.615860, -0.359950, 0.176975), (-0.702646, -0.508965, 0.497236, 0.052386), (0.000000, 0.000000, 0.000000, 1.000000)
((0.123025, 0.601392, 0.789425, -0.119657), (-0.700825, 0.615860, -0.359950, 0.176975), (-0.702646, -0.508965, 0.497236, 0.052386), (0.000000, 0.000000, 0.000000, 1.000000)
((0.123567, 0.598918, 0.791219, -0.126602), (-0.703614, 0.615127, -0.355739, 0.168372), (-0.699757, -0.512755, 0.497416, 0.053065), (0.000000, 0.000000, 0.000000, 1.000000)
((0.125350, 0.595738, 0.793337, -0.129402), (-0.703860, 0.616951, -0.352074, 0.164754), (-0.699193, -0.514265, 0.496650, 0.053757), (0.000000, 0.000000, 0.000000, 1.000000)
((0.121166, 0.594952, 0.794575, -0.131635), (-0.707086, 0.613538, -0.351573, 0.162141), (-0.696670, -0.519234, 0.495022, 0.054543), (0.000000, 0.000000, 0.000000, 1.000000)
((0.121166, 0.594952, 0.794575, -0.131635), (-0.707086, 0.613538, -0.351573, 0.162141), (-0.696670, -0.519234, 0.495022, 0.054543), (0.000000, 0.000000, 0.000000, 1.000000)
((0.121166, 0.594952, 0.794575, -0.131635), (-0.707086, 0.613538, -0.351573, 0.162141), (-0.696670, -0.519234, 0.495022, 0.054543), (0.000000, 0.000000, 0.000000, 1.000000)
((0.118709, 0.592091, 0.797080, -0.137320), (-0.712276, 0.610073, -0.347098, 0.154075), (-0.691790, -0.526536, 0.494153, 0.054965), (0.000000, 0.000000, 0.000000, 1.000000)
((0.119057, 0.592111, 0.797013, -0.139547), (-0.714825, 0.608232, -0.345083, 0.149606), (-0.689095, -0.528639, 0.495670, 0.054602), (0.000000, 0.000000, 0.000000, 1.000000)
((0.119057, 0.592111, 0.797013, -0.139547), (-0.714825, 0.608232, -0.345083, 0.149606), (-0.689095, -0.528639, 0.495670, 0.054602), (0.000000, 0.000000, 0.000000, 1.000000)
((0.117565, 0.588287, 0.800061, -0.143813), (-0.718531, 0.606510, -0.340384, 0.142233), (-0.685487, -0.534851, 0.494006, 0.054769), (0.000000, 0.000000, 0.000000, 1.000000)
((0.120747, 0.587145, 0.800425, -0.145215), (-0.718392, 0.608155, -0.337734, 0.139682), (-0.685080, -0.534238, 0.495233, 0.054506), (0.000000, 0.000000, 0.000000, 1.000000)
((0.120747, 0.587145, 0.800425, -0.145215), (-0.718392, 0.608155, -0.337734, 0.139682), (-0.685080, -0.534238, 0.495233, 0.054506), (0.000000, 0.000000, 0.000000, 1.000000)
((0.117005, 0.583408, 0.803706, -0.150167), (-0.723269, 0.604639, -0.333611, 0.132730), (-0.680583, -0.542261, 0.492707, 0.055260), (0.000000, 0.000000, 0.000000, 1.000000)
((0.115201, 0.582339, 0.804742, -0.152912), (-0.725254, 0.602896, -0.332453, 0.129988), (-0.678776, -0.545343, 0.491798, 0.056847), (0.000000, 0.000000, 0.000000, 1.000000)
((0.115201, 0.582339, 0.804742, -0.152912), (-0.725254, 0.602896, -0.332453, 0.129988), (-0.678776, -0.545343, 0.491798, 0.056847), (0.000000, 0.000000, 0.000000, 1.000000)
((0.110087, 0.582156, 0.805590, -0.157093), (-0.729412, 0.597896, -0.332389, 0.126637), (-0.675160, -0.551014, 0.490452, 0.058925), (0.000000, 0.000000, 0.000000, 1.000000)
((0.110507, 0.580959, 0.806396, -0.158956), (-0.731308, 0.596975, -0.329867, 0.125273), (-0.673037, -0.553270, 0.490830, 0.059628), (0.000000, 0.000000, 0.000000, 1.000000)
((0.108587, 0.579744, 0.807531, -0.161393), (-0.732991, 0.595436, -0.328912, 0.122819), (-0.671516, -0.556197, 0.489603, 0.060568), (0.000000, 0.000000, 0.000000, 1.000000)
((0.108587, 0.579744, 0.807531, -0.161393), (-0.732991, 0.595436, -0.328912, 0.122819), (-0.671516, -0.556197, 0.489603, 0.060568), (0.000000, 0.000000, 0.000000, 1.000000)
((0.102701, 0.572730, 0.813285, -0.169237), (-0.741742, 0.588868, -0.321025, 0.112233), (-0.662777, -0.570278, 0.485294, 0.062759), (0.000000, 0.000000, 0.000000, 1.000000)
((0.101130, 0.571518, 0.814334, -0.171751), (-0.742535, 0.588128, -0.320548, 0.108761), (-0.662131, -0.572253, 0.483849, 0.063461), (0.000000, 0.000000, 0.000000, 1.000000)
((0.102949, 0.566452, 0.817639, -0.174939), (-0.744661, 0.588865, -0.314199, 0.103848), (-0.659456, -0.576517, 0.482437, 0.063859), (0.000000, 0.000000, 0.000000, 1.000000)
((0.102535, 0.565948, 0.818040, -0.177600), (-0.747073, 0.586801, -0.312329, 0.100382), (-0.656787, -0.579110, 0.482972, 0.064291), (0.000000, 0.000000, 0.000000, 1.000000)
((0.102678, 0.564476, 0.819039, -0.178649), (-0.748719, 0.585953, -0.309972, 0.099121), (-0.654888, -0.581402, 0.482798, 0.064546), (0.000000, 0.000000, 0.000000, 1.000000)
((0.102678, 0.564476, 0.819039, -0.178649), (-0.748719, 0.585953, -0.309972, 0.099121), (-0.654888, -0.581402, 0.482798, 0.064546), (0.000000, 0.000000, 0.000000, 1.000000)
((0.093234, 0.560787, 0.822694, -0.185466), (-0.758172, 0.575576, -0.306417, 0.092568), (-0.645356, -0.595174, 0.478836, 0.067352), (0.000000, 0.000000, 0.000000, 1.000000)
((0.093234, 0.560787, 0.822694, -0.185466), (-0.758172, 0.575576, -0.306417, 0.092568), (-0.645356, -0.595174, 0.478836, 0.067352), (0.000000, 0.000000, 0.000000, 1.000000)
((0.093234, 0.560787, 0.822694, -0.185466), (-0.758172, 0.575576, -0.306417, 0.092568), (-0.645356, -0.595174, 0.478836, 0.067352), (0.000000, 0.000000, 0.000000, 1.000000)
((0.088230, 0.559907, 0.823845, -0.191115), (-0.766112, 0.566738, -0.303123, 0.086612), (-0.636624, -0.604412, 0.478954, 0.068858), (0.000000, 0.000000, 0.000000, 1.000000)
((0.088230, 0.559907, 0.823845, -0.191115), (-0.766112, 0.566738, -0.303123, 0.086612), (-0.636624, -0.604412, 0.478954, 0.068858), (0.000000, 0.000000, 0.000000, 1.000000)
((0.088230, 0.559907, 0.823845, -0.191115), (-0.766112, 0.566738, -0.303123, 0.086612), (-0.636624, -0.604412, 0.478954, 0.068858), (0.000000, 0.000000, 0.000000, 1.000000)
((0.082051, 0.556534, 0.826763, -0.197769), (-0.774813, 0.557387, -0.298309, 0.079707), (-0.626845, -0.616109, 0.476944, 0.071311), (0.000000, 0.000000, 0.000000, 1.000000)
((0.080030, 0.554814, 0.828116, -0.199738), (-0.776286, 0.555835, -0.297373, 0.077470), (-0.625281, -0.619056, 0.475178, 0.071675), (0.000000, 0.000000, 0.000000, 1.000000)
((0.080030, 0.554814, 0.828116, -0.199738), (-0.776286, 0.555835, -0.297373, 0.077470), (-0.625281, -0.619056, 0.475178, 0.071675), (0.000000, 0.000000, 0.000000, 1.000000)
((0.078296, 0.553170, 0.829381, -0.205041), (-0.781357, 0.550734, -0.293558, 0.072182), (-0.619154, -0.625057, 0.475344, 0.073588), (0.000000, 0.000000, 0.000000, 1.000000)
((0.078296, 0.553170, 0.829381, -0.205041), (-0.781357, 0.550734, -0.293558, 0.072182), (-0.619154, -0.625057, 0.475344, 0.073588), (0.000000, 0.000000, 0.000000, 1.000000)
((0.078296, 0.553170, 0.829381, -0.205041), (-0.781357, 0.550734, -0.293558, 0.072182), (-0.619154, -0.625057, 0.475344, 0.073588), (0.000000, 0.000000, 0.000000, 1.000000)
((0.071904, 0.549451, 0.832426, -0.212685), (-0.789261, 0.541626, -0.289330, 0.064760), (-0.609835, -0.636196, 0.472605, 0.077329), (0.000000, 0.000000, 0.000000, 1.000000)
((0.069948, 0.547761, 0.833706, -0.214903), (-0.791204, 0.539465, -0.288057, 0.062666), (-0.607540, -0.639482, 0.471124, 0.078163), (0.000000, 0.000000, 0.000000, 1.000000)
((0.069012, 0.548550, 0.833265, -0.215843), (-0.792708, 0.537264, -0.288036, 0.061775), (-0.605684, -0.640657, 0.471917, 0.078413), (0.000000, 0.000000, 0.000000, 1.000000)
((0.069012, 0.548550, 0.833265, -0.215843), (-0.792708, 0.537264, -0.288036, 0.061775), (-0.605684, -0.640657, 0.471917, 0.078413), (0.000000, 0.000000, 0.000000, 1.000000)
((0.063818, 0.545634, 0.835590, -0.220449), (-0.798197, 0.530481, -0.285438, 0.057553), (-0.599009, -0.648748, 0.469377, 0.080016), (0.000000, 0.000000, 0.000000, 1.000000)
((0.063818, 0.545634, 0.835590, -0.220449), (-0.798197, 0.530481, -0.285438, 0.057553), (-0.599009, -0.648748, 0.469377, 0.080016), (0.000000, 0.000000, 0.000000, 1.000000)
((0.063818, 0.545634, 0.835590, -0.220449), (-0.798197, 0.530481, -0.285438, 0.057553), (-0.599009, -0.648748, 0.469377, 0.080016), (0.000000, 0.000000, 0.000000, 1.000000)
((0.058546, 0.542603, 0.837946, -0.224779), (-0.803873, 0.523324, -0.282707, 0.053008), (-0.591914, -0.657050, 0.466822, 0.082167), (0.000000, 0.000000, 0.000000, 1.000000)
((0.058546, 0.542603, 0.837946, -0.224779), (-0.803873, 0.523324, -0.282707, 0.053008), (-0.591914, -0.657050, 0.466822, 0.082167), (0.000000, 0.000000, 0.000000, 1.000000)
((0.055999, 0.540204, 0.839668, -0.229142), (-0.809506, 0.516843, -0.278526, 0.048394), (-0.584437, -0.664118, 0.466241, 0.084464), (0.000000, 0.000000, 0.000000, 1.000000)
((0.056631, 0.540725, 0.839291, -0.229949), (-0.809460, 0.516960, -0.278441, 0.047704), (-0.584439, -0.663603, 0.466971, 0.084746), (0.000000, 0.000000, 0.000000, 1.000000)
((0.054091, 0.539965, 0.839947, -0.233313), (-0.812855, 0.512370, -0.277034, 0.044232), (-0.579951, -0.667770, 0.466627, 0.086102), (0.000000, 0.000000, 0.000000, 1.000000)
((0.054091, 0.539965, 0.839947, -0.233313), (-0.812855, 0.512370, -0.277034, 0.044232), (-0.579951, -0.667770, 0.466627, 0.086102), (0.000000, 0.000000, 0.000000, 1.000000)
((0.054091, 0.539965, 0.839947, -0.233313), (-0.812855, 0.512370, -0.277034, 0.044232), (-0.579951, -0.667770, 0.466627, 0.086102), (0.000000, 0.000000, 0.000000, 1.000000)
((0.052611, 0.535156, 0.843113, -0.239089), (-0.817659, 0.507781, -0.271284, 0.038395), (-0.573295, -0.675106, 0.464290, 0.089426), (0.000000, 0.000000, 0.000000, 1.000000)
((0.050670, 0.533281, 0.844419, -0.240871), (-0.819605, 0.505343, -0.269961, 0.036487), (-0.570686, -0.678410, 0.462685, 0.090227), (0.000000, 0.000000, 0.000000, 1.000000)
((0.051167, 0.533709, 0.844119, -0.241683), (-0.819570, 0.505437, -0.269893, 0.035788), (-0.570692, -0.678003, 0.463273, 0.090486), (0.000000, 0.000000, 0.000000, 1.000000)
((0.051167, 0.533709, 0.844119, -0.241683), (-0.819570, 0.505437, -0.269893, 0.035788), (-0.570692, -0.678003, 0.463273, 0.090486), (0.000000, 0.000000, 0.000000, 1.000000)
((0.051393, 0.534354, 0.843697, -0.243961), (-0.819401, 0.505517, -0.270255, 0.035488), (-0.570914, -0.677436, 0.463830, 0.092440), (0.000000, 0.000000, 0.000000, 1.000000)
((0.051393, 0.534354, 0.843697, -0.243961), (-0.819401, 0.505517, -0.270255, 0.035488), (-0.570914, -0.677436, 0.463830, 0.092440), (0.000000, 0.000000, 0.000000, 1.000000)
((0.046556, 0.532245, 0.845309, -0.246647), (-0.823427, 0.499520, -0.269169, 0.034645), (-0.565511, -0.683517, 0.461520, 0.095142), (0.000000, 0.000000, 0.000000, 1.000000)
((0.046897, 0.532628, 0.845049, -0.247213), (-0.823639, 0.499272, -0.268978, 0.034333), (-0.565174, -0.683400, 0.462108, 0.095726), (0.000000, 0.000000, 0.000000, 1.000000)
((0.046992, 0.532795, 0.844938, -0.247402), (-0.823868, 0.498978, -0.268822, 0.034271), (-0.564832, -0.683485, 0.462400, 0.095896), (0.000000, 0.000000, 0.000000, 1.000000)
((0.042549, 0.532437, 0.845400, -0.247935), (-0.826434, 0.494248, -0.269685, 0.034865), (-0.561426, -0.687191, 0.461053, 0.096804), (0.000000, 0.000000, 0.000000, 1.000000)
((0.042549, 0.532437, 0.845400, -0.247935), (-0.826434, 0.494248, -0.269685, 0.034865), (-0.561426, -0.687191, 0.461053, 0.096804), (0.000000, 0.000000, 0.000000, 1.000000)
((0.038407, 0.534384, 0.844369, -0.248487), (-0.827769, 0.490353, -0.272683, 0.036526), (-0.559755, -0.688469, 0.461179, 0.098275), (0.000000, 0.000000, 0.000000, 1.000000)
((0.035947, 0.536214, 0.843316, -0.249013), (-0.827554, 0.489041, -0.275676, 0.037989), (-0.560237, -0.687979, 0.461325, 0.099697), (0.000000, 0.000000, 0.000000, 1.000000)
((0.035947, 0.536214, 0.843316, -0.249013), (-0.827554, 0.489041, -0.275676, 0.037989), (-0.560237, -0.687979, 0.461325, 0.099697), (0.000000, 0.000000, 0.000000, 1.000000)
((0.021343, 0.539341, 0.841817, -0.250090), (-0.833426, 0.474680, -0.282991, 0.040634), (-0.552221, -0.695551, 0.459631, 0.102872), (0.000000, 0.000000, 0.000000, 1.000000)
((0.021343, 0.539341, 0.841817, -0.250090), (-0.833426, 0.474680, -0.282991, 0.040634), (-0.552221, -0.695551, 0.459631, 0.102872), (0.000000, 0.000000, 0.000000, 1.000000)
((0.021343, 0.539341, 0.841817, -0.250090), (-0.833426, 0.474680, -0.282991, 0.040634), (-0.552221, -0.695551, 0.459631, 0.102872), (0.000000, 0.000000, 0.000000, 1.000000)
((0.021343, 0.539341, 0.841817, -0.250090), (-0.833426, 0.474680, -0.282991, 0.040634), (-0.552221, -0.695551, 0.459631, 0.102872), (0.000000, 0.000000, 0.000000, 1.000000)
</SampleFrames>
<SampleWeights Num="98">1
1
1
1
1
1
1
1
1
1
1
1
1
1
1
1
1
1
1
1
1
1
1
1
1
1
1
1
1
1
1
1
1
1
1
1
1
1
1
1
1
1
1
1
1
1
1
1
1
1
1
1
1
1
1
1
1
1
1
1
1
1
1
1
1
1
1
1
1
1
1
1
1
1
1
1
1
1
1
1
1
1
1
1
1
1
1
1
1
1
1
1
1
1
1
1
1
1
</SampleWeights>
</PointSplatMark>
<PointSplatMark HeadPosAtStart="(-0.360629, 0.835078, 2.10105)" BrushTip="0" BrushInterface="DirectDraw" SuperSamplesPerWidth="20" Draw="0" Width="0.01" Pose="1" LayerIndex="0" Name="PointSplatMark" RoomToVirtualScaleAtStart="1" RoomToVirtualFrameAtStart="((0.993900, -0.106369, 0.029117, -0.013584), (0.091812, 0.944345, 0.315886, -0.065660), (-0.061097, -0.311286, 0.948350, -0.094404), (0.000000, 0.000000, 0.000000, 1.000000)" ColorSwatch="0.00863503"><SamplePoints Num="55">(-0.246718, 0.0346756, 0.097292)
(-0.24726, 0.0343539, 0.0973815)
(-0.247725, 0.0346328, 0.0975794)
(-0.247725, 0.0346328, 0.0975794)
(-0.248492, 0.0367581, 0.0989934)
(-0.249547, 0.0376569, 0.0998115)
(-0.249892, 0.0381951, 0.100205)
(-0.249892, 0.0381951, 0.100205)
(-0.249892, 0.0381951, 0.100205)
(-0.249892, 0.0381951, 0.100205)
(-0.257372, 0.0408152, 0.10396)
(-0.259123, 0.0419706, 0.105084)
(-0.259945, 0.0427954, 0.105653)
(-0.259945, 0.0427954, 0.105653)
(-0.259945, 0.0427954, 0.105653)
(-0.259945, 0.0427954, 0.105653)
(-0.259945, 0.0427954, 0.105653)
(-0.270166, 0.0514229, 0.113058)
(-0.272117, 0.0532978, 0.114435)
(-0.27317, 0.0541047, 0.115106)
(-0.27317, 0.0541047, 0.115106)
(-0.27317, 0.0541047, 0.115106)
(-0.27317, 0.0541047, 0.115106)
(-0.282357, 0.0619869, 0.121927)
(-0.284208, 0.0639283, 0.123593)
(-0.284964, 0.0650518, 0.124451)
(-0.284964, 0.0650518, 0.124451)
(-0.284964, 0.0650518, 0.124451)
(-0.284964, 0.0650518, 0.124451)
(-0.284964, 0.0650518, 0.124451)
(-0.295275, 0.0748734, 0.133431)
(-0.29746, 0.0763119, 0.134957)
(-0.2985, 0.0767926, 0.135649)
(-0.2985, 0.0767926, 0.135649)
(-0.303649, 0.0801881, 0.138891)
(-0.305695, 0.0817959, 0.140476)
(-0.30717, 0.0837464, 0.14199)
(-0.30717, 0.0837464, 0.14199)
(-0.30717, 0.0837464, 0.14199)
(-0.30717, 0.0837464, 0.14199)
(-0.31188, 0.0911964, 0.146428)
(-0.312677, 0.0931401, 0.147634)
(-0.313296, 0.0944699, 0.148494)
(-0.313812, 0.0955479, 0.149063)
(-0.314367, 0.0968683, 0.14961)
(-0.314951, 0.0980795, 0.150393)
(-0.314951, 0.0980795, 0.150393)
(-0.314951, 0.0980795, 0.150393)
(-0.314951, 0.0980795, 0.150393)
(-0.314951, 0.0980795, 0.150393)
(-0.319178, 0.101051, 0.154051)
(-0.319371, 0.100898, 0.154096)
(-0.319174, 0.100934, 0.154136)
(-0.318514, 0.100908, 0.15404)
(-0.31789, 0.101008, 0.154008)
</SamplePoints>
<SampleFrames Num="55">((-0.153247, 0.653297, 0.741430, -0.246718), (-0.859300, 0.282402, -0.426443, 0.034676), (-0.487975, -0.702462, 0.518100, 0.097292), (0.000000, 0.000000, 0.000000, 1.000000)
((-0.154774, 0.653229, 0.741172, -0.247260), (-0.860180, 0.279902, -0.426316, 0.034354), (-0.485938, -0.703524, 0.518573, 0.097381), (0.000000, 0.000000, 0.000000, 1.000000)
((-0.154116, 0.651246, 0.743053, -0.247725), (-0.860710, 0.280817, -0.424641, 0.034633), (-0.485207, -0.704997, 0.517256, 0.097579), (0.000000, 0.000000, 0.000000, 1.000000)
((-0.154116, 0.651246, 0.743053, -0.247725), (-0.860710, 0.280817, -0.424641, 0.034633), (-0.485207, -0.704997, 0.517256, 0.097579), (0.000000, 0.000000, 0.000000, 1.000000)
((-0.160338, 0.650650, 0.742258, -0.248492), (-0.861545, 0.274726, -0.426926, 0.036758), (-0.481697, -0.707941, 0.516515, 0.098993), (0.000000, 0.000000, 0.000000, 1.000000)
((-0.161090, 0.651149, 0.741657, -0.249547), (-0.861178, 0.274341, -0.427912, 0.037657), (-0.482102, -0.707631, 0.516562, 0.099812), (0.000000, 0.000000, 0.000000, 1.000000)
((-0.160453, 0.649198, 0.743503, -0.249892), (-0.861797, 0.275092, -0.426181, 0.038195), (-0.481208, -0.709130, 0.515338, 0.100205), (0.000000, 0.000000, 0.000000, 1.000000)
((-0.160453, 0.649198, 0.743503, -0.249892), (-0.861797, 0.275092, -0.426181, 0.038195), (-0.481208, -0.709130, 0.515338, 0.100205), (0.000000, 0.000000, 0.000000, 1.000000)
((-0.160453, 0.649198, 0.743503, -0.249892), (-0.861797, 0.275092, -0.426181, 0.038195), (-0.481208, -0.709130, 0.515338, 0.100205), (0.000000, 0.000000, 0.000000, 1.000000)
((-0.160453, 0.649198, 0.743503, -0.249892), (-0.861797, 0.275092, -0.426181, 0.038195), (-0.481208, -0.709130, 0.515338, 0.100205), (0.000000, 0.000000, 0.000000, 1.000000)
((-0.161632, 0.646205, 0.745851, -0.257372), (-0.862218, 0.275184, -0.425269, 0.040815), (-0.480057, -0.711824, 0.512691, 0.103960), (0.000000, 0.000000, 0.000000, 1.000000)
((-0.159518, 0.645492, 0.746923, -0.259123), (-0.861555, 0.278352, -0.424552, 0.041971), (-0.481952, -0.711239, 0.511724, 0.105084), (0.000000, 0.000000, 0.000000, 1.000000)
((-0.160407, 0.645861, 0.746413, -0.259945), (-0.860972, 0.278255, -0.425796, 0.042795), (-0.482698, -0.710941, 0.511434, 0.105653), (0.000000, 0.000000, 0.000000, 1.000000)
((-0.160407, 0.645861, 0.746413, -0.259945), (-0.860972, 0.278255, -0.425796, 0.042795), (-0.482698, -0.710941, 0.511434, 0.105653), (0.000000, 0.000000, 0.000000, 1.000000)
((-0.160407, 0.645861, 0.746413, -0.259945), (-0.860972, 0.278255, -0.425796, 0.042795), (-0.482698, -0.710941, 0.511434, 0.105653), (0.000000, 0.000000, 0.000000, 1.000000)
((-0.160407, 0.645861, 0.746413, -0.259945), (-0.860972, 0.278255, -0.425796, 0.042795), (-0.482698, -0.710941, 0.511434, 0.105653), (0.000000, 0.000000, 0.000000, 1.000000)
((-0.160407, 0.645861, 0.746413, -0.259945), (-0.860972, 0.278255, -0.425796, 0.042795), (-0.482698, -0.710941, 0.511434, 0.105653), (0.000000, 0.000000, 0.000000, 1.000000)
((-0.163395, 0.640854, 0.750073, -0.270166), (-0.860067, 0.279930, -0.426525, 0.051423), (-0.483308, -0.714805, 0.505438, 0.113058), (0.000000, 0.000000, 0.000000, 1.000000)
((-0.166571, 0.639298, 0.750701, -0.272117), (-0.860161, 0.277995, -0.427599, 0.053298), (-0.482054, -0.716950, 0.503593, 0.114435), (0.000000, 0.000000, 0.000000, 1.000000)
((-0.169254, 0.639464, 0.749959, -0.273170), (-0.860496, 0.275120, -0.428785, 0.054105), (-0.480521, -0.717910, 0.503691, 0.115106), (0.000000, 0.000000, 0.000000, 1.000000)
((-0.169254, 0.639464, 0.749959, -0.273170), (-0.860496, 0.275120, -0.428785, 0.054105), (-0.480521, -0.717910, 0.503691, 0.115106), (0.000000, 0.000000, 0.000000, 1.000000)
((-0.169254, 0.639464, 0.749959, -0.273170), (-0.860496, 0.275120, -0.428785, 0.054105), (-0.480521, -0.717910, 0.503691, 0.115106), (0.000000, 0.000000, 0.000000, 1.000000)
((-0.169254, 0.639464, 0.749959, -0.273170), (-0.860496, 0.275120, -0.428785, 0.054105), (-0.480521, -0.717910, 0.503691, 0.115106), (0.000000, 0.000000, 0.000000, 1.000000)
((-0.177663, 0.635484, 0.751396, -0.282357), (-0.859940, 0.270989, -0.432513, 0.061987), (-0.478475, -0.722997, 0.498334, 0.121927), (0.000000, 0.000000, 0.000000, 1.000000)
((-0.175745, 0.632709, 0.754184, -0.284208), (-0.859825, 0.274415, -0.430578, 0.063928), (-0.479390, -0.724138, 0.495792, 0.123593), (0.000000, 0.000000, 0.000000, 1.000000)
((-0.178600, 0.632884, 0.753366, -0.284964), (-0.860285, 0.271144, -0.431729, 0.065052), (-0.477505, -0.725216, 0.496035, 0.124451), (0.000000, 0.000000, 0.000000, 1.000000)
((-0.178600, 0.632884, 0.753366, -0.284964), (-0.860285, 0.271144, -0.431729, 0.065052), (-0.477505, -0.725216, 0.496035, 0.124451), (0.000000, 0.000000, 0.000000, 1.000000)
((-0.178600, 0.632884, 0.753366, -0.284964), (-0.860285, 0.271144, -0.431729, 0.065052), (-0.477505, -0.725216, 0.496035, 0.124451), (0.000000, 0.000000, 0.000000, 1.000000)
((-0.178600, 0.632884, 0.753366, -0.284964), (-0.860285, 0.271144, -0.431729, 0.065052), (-0.477505, -0.725216, 0.496035, 0.124451), (0.000000, 0.000000, 0.000000, 1.000000)
((-0.178600, 0.632884, 0.753366, -0.284964), (-0.860285, 0.271144, -0.431729, 0.065052), (-0.477505, -0.725216, 0.496035, 0.124451), (0.000000, 0.000000, 0.000000, 1.000000)
((-0.184481, 0.626938, 0.756912, -0.295275), (-0.858564, 0.272040, -0.434583, 0.074873), (-0.478367, -0.730029, 0.488080, 0.133431), (0.000000, 0.000000, 0.000000, 1.000000)
((-0.182830, 0.626692, 0.757516, -0.297460), (-0.858100, 0.274330, -0.434059, 0.076312), (-0.479830, -0.729384, 0.487608, 0.134957), (0.000000, 0.000000, 0.000000, 1.000000)
((-0.183391, 0.625180, 0.758629, -0.298500), (-0.857571, 0.275512, -0.434357, 0.076793), (-0.480563, -0.730235, 0.485610, 0.135649), (0.000000, 0.000000, 0.000000, 1.000000)
((-0.183391, 0.625180, 0.758629, -0.298500), (-0.857571, 0.275512, -0.434357, 0.076793), (-0.480563, -0.730235, 0.485610, 0.135649), (0.000000, 0.000000, 0.000000, 1.000000)
((-0.186462, 0.623916, 0.758921, -0.303649), (-0.858070, 0.272792, -0.435087, 0.080188), (-0.478485, -0.732335, 0.484498, 0.138891), (0.000000, 0.000000, 0.000000, 1.000000)
((-0.190060, 0.622597, 0.759111, -0.305695), (-0.857885, 0.270663, -0.436779, 0.081796), (-0.477400, -0.734244, 0.482674, 0.140476), (0.000000, 0.000000, 0.000000, 1.000000)
((-0.188791, 0.622283, 0.759685, -0.307170), (-0.857536, 0.272499, -0.436321, 0.083746), (-0.478529, -0.733831, 0.482185, 0.141990), (0.000000, 0.000000, 0.000000, 1.000000)
((-0.188791, 0.622283, 0.759685, -0.307170), (-0.857536, 0.272499, -0.436321, 0.083746), (-0.478529, -0.733831, 0.482185, 0.141990), (0.000000, 0.000000, 0.000000, 1.000000)
((-0.188791, 0.622283, 0.759685, -0.307170), (-0.857536, 0.272499, -0.436321, 0.083746), (-0.478529, -0.733831, 0.482185, 0.141990), (0.000000, 0.000000, 0.000000, 1.000000)
((-0.188791, 0.622283, 0.759685, -0.307170), (-0.857536, 0.272499, -0.436321, 0.083746), (-0.478529, -0.733831, 0.482185, 0.141990), (0.000000, 0.000000, 0.000000, 1.000000)
((-0.193633, 0.619744, 0.760542, -0.311880), (-0.856250, 0.271654, -0.439363, 0.091196), (-0.478896, -0.736289, 0.478055, 0.146428), (0.000000, 0.000000, 0.000000, 1.000000)
((-0.194922, 0.620683, 0.759446, -0.312677), (-0.856278, 0.269920, -0.440376, 0.093140), (-0.478323, -0.736136, 0.478864, 0.147634), (0.000000, 0.000000, 0.000000, 1.000000)
((-0.196037, 0.619056, 0.760486, -0.313296), (-0.855903, 0.270445, -0.440783, 0.094470), (-0.478539, -0.737312, 0.476834, 0.148494), (0.000000, 0.000000, 0.000000, 1.000000)
((-0.194135, 0.620158, 0.760076, -0.313812), (-0.855952, 0.271427, -0.440085, 0.095548), (-0.479227, -0.736024, 0.478132, 0.149063), (0.000000, 0.000000, 0.000000, 1.000000)
((-0.197158, 0.617811, 0.761208, -0.314367), (-0.856145, 0.269790, -0.440714, 0.096868), (-0.477645, -0.738595, 0.475745, 0.149610), (0.000000, 0.000000, 0.000000, 1.000000)
((-0.198347, 0.618551, 0.760298, -0.314951), (-0.855619, 0.269108, -0.442151, 0.098080), (-0.478095, -0.738225, 0.475867, 0.150393), (0.000000, 0.000000, 0.000000, 1.000000)
((-0.198347, 0.618551, 0.760298, -0.314951), (-0.855619, 0.269108, -0.442151, 0.098080), (-0.478095, -0.738225, 0.475867, 0.150393), (0.000000, 0.000000, 0.000000, 1.000000)
((-0.198347, 0.618551, 0.760298, -0.314951), (-0.855619, 0.269108, -0.442151, 0.098080), (-0.478095, -0.738225, 0.475867, 0.150393), (0.000000, 0.000000, 0.000000, 1.000000)
((-0.198347, 0.618551, 0.760298, -0.314951), (-0.855619, 0.269108, -0.442151, 0.098080), (-0.478095, -0.738225, 0.475867, 0.150393), (0.000000, 0.000000, 0.000000, 1.000000)
((-0.198347, 0.618551, 0.760298, -0.314951), (-0.855619, 0.269108, -0.442151, 0.098080), (-0.478095, -0.738225, 0.475867, 0.150393), (0.000000, 0.000000, 0.000000, 1.000000)
((-0.197459, 0.615680, 0.762856, -0.319178), (-0.855790, 0.271303, -0.440475, 0.101051), (-0.478156, -0.739820, 0.473321, 0.154051), (0.000000, 0.000000, 0.000000, 1.000000)
((-0.195394, 0.616408, 0.762800, -0.319371), (-0.854935, 0.274039, -0.440441, 0.100898), (-0.480528, -0.738204, 0.473443, 0.154096), (0.000000, 0.000000, 0.000000, 1.000000)
((-0.195524, 0.616297, 0.762856, -0.319174), (-0.854933, 0.273990, -0.440475, 0.100934), (-0.480478, -0.738314, 0.473321, 0.154136), (0.000000, 0.000000, 0.000000, 1.000000)
((-0.198984, 0.617904, 0.760657, -0.318514), (-0.854052, 0.271326, -0.443821, 0.100908), (-0.480625, -0.737954, 0.473733, 0.154040), (0.000000, 0.000000, 0.000000, 1.000000)
((-0.197416, 0.618157, 0.760861, -0.317890), (-0.853100, 0.274037, -0.443988, 0.101008), (-0.482958, -0.736740, 0.473250, 0.154008), (0.000000, 0.000000, 0.000000, 1.000000)
</SampleFrames>
<SampleWeights Num="55">1
1
1
1
1
1
1
1
1
1
1
1
1
1
1
1
1
1
1
1
1
1
1
1
1
1
1
1
1
1
1
1
1
1
1
1
1
1
1
1
1
1
1
1
1
1
1
1
1
1
1
1
1
1
1
</SampleWeights>
</PointSplatMark>
<PointSplatMark HeadPosAtStart="(0.0652108, 0.499883, 2.29072)" BrushTip="0" BrushInterface="DirectDraw" SuperSamplesPerWidth="20" Draw="0" Width="0.01" Pose="1" LayerIndex="0" Name="PointSplatMark" RoomToVirtualScaleAtStart="1" RoomToVirtualFrameAtStart="((0.986186, -0.005049, 0.165563, 0.058035), (-0.014483, 0.993079, 0.116552, 0.009444), (-0.165006, -0.117340, 0.979288, -0.058762), (0.000000, 0.000000, 0.000000, 1.000000)" ColorSwatch="0.00863503"><SamplePoints Num="25">(-0.0682729, 0.230168, 0.045484)
(-0.0679373, 0.230951, 0.0457531)
(-0.0677666, 0.231518, 0.0462177)
(-0.0677666, 0.231518, 0.0462177)
(-0.0677666, 0.231518, 0.0462177)
(-0.0680917, 0.234665, 0.0484633)
(-0.0679207, 0.236022, 0.0491926)
(-0.0675755, 0.237938, 0.050588)
(-0.0679068, 0.238681, 0.0514844)
(-0.0680722, 0.238853, 0.0519182)
(-0.0687433, 0.240481, 0.0531906)
(-0.0685693, 0.242224, 0.0543528)
(-0.0687369, 0.2428, 0.054811)
(-0.0704232, 0.244463, 0.0572335)
(-0.0721213, 0.245768, 0.0589969)
(-0.0729719, 0.246701, 0.0603093)
(-0.0729719, 0.246701, 0.0603093)
(-0.0729719, 0.246701, 0.0603093)
(-0.0807208, 0.252243, 0.0699653)
(-0.0822915, 0.253462, 0.0719826)
(-0.0829941, 0.254226, 0.073048)
(-0.0842393, 0.256336, 0.0760224)
(-0.0844224, 0.256913, 0.0768693)
(-0.0842495, 0.257012, 0.0769777)
(-0.0835447, 0.256114, 0.0764254)
</SamplePoints>
<SampleFrames Num="25">((-0.635681, 0.361783, 0.681925, -0.068273), (-0.771252, -0.260039, -0.580991, 0.230168), (-0.032865, -0.895261, 0.444328, 0.045484), (0.000000, 0.000000, 0.000000, 1.000000)
((-0.635688, 0.366064, 0.679630, -0.067937), (-0.770910, -0.255447, -0.583477, 0.230951), (-0.039980, -0.894843, 0.444587, 0.045753), (0.000000, 0.000000, 0.000000, 1.000000)
((-0.633418, 0.369725, 0.679769, -0.067767), (-0.772516, -0.251369, -0.583123, 0.231518), (-0.044722, -0.894493, 0.444840, 0.046218), (0.000000, 0.000000, 0.000000, 1.000000)
((-0.633418, 0.369725, 0.679769, -0.067767), (-0.772516, -0.251369, -0.583123, 0.231518), (-0.044722, -0.894493, 0.444840, 0.046218), (0.000000, 0.000000, 0.000000, 1.000000)
((-0.633418, 0.369725, 0.679769, -0.067767), (-0.772516, -0.251369, -0.583123, 0.231518), (-0.044722, -0.894493, 0.444840, 0.046218), (0.000000, 0.000000, 0.000000, 1.000000)
((-0.624776, 0.380690, 0.681711, -0.068092), (-0.778259, -0.233186, -0.583042, 0.234665), (-0.062993, -0.894818, 0.441964, 0.048463), (0.000000, 0.000000, 0.000000, 1.000000)
((-0.620476, 0.387693, 0.681692, -0.067921), (-0.780749, -0.223627, -0.583456, 0.236022), (-0.073757, -0.894251, 0.441446, 0.049193), (0.000000, 0.000000, 0.000000, 1.000000)
((-0.614172, 0.397709, 0.681631, -0.067575), (-0.784005, -0.208808, -0.584582, 0.237938), (-0.090163, -0.893435, 0.440050, 0.050588), (0.000000, 0.000000, 0.000000, 1.000000)
((-0.609630, 0.404930, 0.681456, -0.067907), (-0.786164, -0.198804, -0.585169, 0.238681), (-0.101476, -0.892473, 0.439539, 0.051484), (0.000000, 0.000000, 0.000000, 1.000000)
((-0.605315, 0.407755, 0.683616, -0.068072), (-0.788934, -0.193266, -0.583293, 0.238853), (-0.105721, -0.892404, 0.438678, 0.051918), (0.000000, 0.000000, 0.000000, 1.000000)
((-0.593193, 0.426001, 0.683114, -0.068743), (-0.793750, -0.167752, -0.584654, 0.240481), (-0.134470, -0.889034, 0.437648, 0.053191), (0.000000, 0.000000, 0.000000, 1.000000)
((-0.584310, 0.438196, 0.683057, -0.068569), (-0.796967, -0.151100, -0.584819, 0.242224), (-0.153055, -0.886089, 0.437517, 0.054353), (0.000000, 0.000000, 0.000000, 1.000000)
((-0.579132, 0.441807, 0.685137, -0.068737), (-0.799207, -0.141862, -0.584074, 0.242800), (-0.160853, -0.885823, 0.435252, 0.054811), (0.000000, 0.000000, 0.000000, 1.000000)
((-0.561344, 0.462127, 0.686536, -0.070423), (-0.804608, -0.110643, -0.583408, 0.244463), (-0.193649, -0.879884, 0.433940, 0.057233), (0.000000, 0.000000, 0.000000, 1.000000)
((-0.548848, 0.471725, 0.690103, -0.072121), (-0.808496, -0.089826, -0.581606, 0.245768), (-0.212369, -0.877158, 0.430688, 0.058997), (0.000000, 0.000000, 0.000000, 1.000000)
((-0.545401, 0.476764, 0.689372, -0.072972), (-0.808135, -0.080895, -0.583415, 0.246701), (-0.222385, -0.875301, 0.429410, 0.060309), (0.000000, 0.000000, 0.000000, 1.000000)
((-0.545401, 0.476764, 0.689372, -0.072972), (-0.808135, -0.080895, -0.583415, 0.246701), (-0.222385, -0.875301, 0.429410, 0.060309), (0.000000, 0.000000, 0.000000, 1.000000)
((-0.545401, 0.476764, 0.689372, -0.072972), (-0.808135, -0.080895, -0.583415, 0.246701), (-0.222385, -0.875301, 0.429410, 0.060309), (0.000000, 0.000000, 0.000000, 1.000000)
((-0.507926, 0.502557, 0.699606, -0.080721), (-0.812630, -0.010153, -0.582691, 0.252243), (-0.285732, -0.864485, 0.413550, 0.069965), (0.000000, 0.000000, 0.000000, 1.000000)
((-0.500934, 0.511010, 0.698523, -0.082292), (-0.811678, 0.002756, -0.584098, 0.253462), (-0.300405, -0.859570, 0.413395, 0.071983), (0.000000, 0.000000, 0.000000, 1.000000)
((-0.496994, 0.512538, 0.700216, -0.082994), (-0.812229, 0.009247, -0.583266, 0.254226), (-0.305420, -0.858615, 0.411703, 0.073048), (0.000000, 0.000000, 0.000000, 1.000000)
((-0.492100, 0.516392, 0.700840, -0.084239), (-0.810444, 0.022172, -0.585396, 0.256336), (-0.317833, -0.856065, 0.407596, 0.076022), (0.000000, 0.000000, 0.000000, 1.000000)
((-0.485501, 0.522695, 0.700770, -0.084422), (-0.810592, 0.031101, -0.584785, 0.256913), (-0.327458, -0.851952, 0.408593, 0.076869), (0.000000, 0.000000, 0.000000, 1.000000)
((-0.482285, 0.525585, 0.700830, -0.084250), (-0.810440, 0.036001, -0.584714, 0.257012), (-0.332547, -0.849979, 0.408592, 0.076978), (0.000000, 0.000000, 0.000000, 1.000000)
((-0.466037, 0.542273, 0.699106, -0.083545), (-0.808608, 0.059666, -0.585314, 0.256114), (-0.359113, -0.838081, 0.410680, 0.076425), (0.000000, 0.000000, 0.000000, 1.000000)
</SampleFrames>
<SampleWeights Num="25">1
1
1
1
1
1
1
1
1
1
1
1
1
1
1
1
1
1
1
1
1
1
1
1
1
</SampleWeights>
</PointSplatMark>
<PointSplatMark HeadPosAtStart="(0.321274, 0.52669, 2.24656)" BrushTip="0" BrushInterface="DirectDraw" SuperSamplesPerWidth="20" Draw="0" Width="0.01" Pose="1" LayerIndex="0" Name="PointSplatMark" RoomToVirtualScaleAtStart="1" RoomToVirtualFrameAtStart="((0.935819, -0.160089, 0.314030, -0.055656), (0.138937, 0.986314, 0.088775, 0.147192), (-0.323945, -0.039447, 0.945253, -0.119970), (0.000000, 0.000000, 0.000000, 1.000000)" ColorSwatch="0.00863503"><SamplePoints Num="85">(-0.0661572, 0.238077, 0.0480845)
(-0.0663091, 0.237843, 0.0480783)
(-0.0663461, 0.237969, 0.0480154)
(-0.0664009, 0.238748, 0.0475887)
(-0.0666023, 0.239583, 0.0473266)
(-0.0666924, 0.240043, 0.0472539)
(-0.0668541, 0.241487, 0.0468051)
(-0.0671095, 0.242655, 0.0465295)
(-0.0670699, 0.243264, 0.0463429)
(-0.0674217, 0.244596, 0.0458191)
(-0.0674411, 0.245246, 0.0454495)
(-0.0674946, 0.245579, 0.045438)
(-0.0674946, 0.245579, 0.045438)
(-0.0678393, 0.248574, 0.0458091)
(-0.0681801, 0.250047, 0.0460397)
(-0.0680831, 0.250613, 0.0460298)
(-0.06799, 0.251617, 0.0455938)
