<PointSplatMark HeadPosAtStart="(0.0936904, 0.512845, 1.57031)" BrushTip="0" BrushInterface="ForceTapeDraw" SuperSamplesPerWidth="20" Draw="0" Width="0.022" Pose="1" LayerIndex="0" Name="shoulderblade" RoomToVirtualScaleAtStart="0.76445" RoomToVirtualFrameAtStart="((0.848327, 0.529343, 0.011728, 0.081267), (-0.525989, 0.840000, 0.133178, 0.141487), (0.060645, -0.119147, 0.991023, -0.061048), (0.000000, 0.000000, 0.000000, 1.000000)" ColorSwatch="0.170979"><SamplePoints Num="200">(0.186687, 0.0828957, 0.107313)
(0.18685, 0.0835964, 0.107371)
(0.186981, 0.084162, 0.107417)
(0.186981, 0.0841631, 0.107417)
(0.187412, 0.085913, 0.107576)
(0.187593, 0.0866279, 0.107646)
(0.18782, 0.0874792, 0.107739)
(0.188048, 0.0883275, 0.107833)
(0.18828, 0.0891747, 0.107934)
(0.188505, 0.089991, 0.108032)
(0.188647, 0.0904951, 0.108096)
(0.188861, 0.0912479, 0.108193)
(0.188918, 0.0914463, 0.10822)
(0.189394, 0.0930784, 0.108447)
(0.189575, 0.093698, 0.108533)
(0.189829, 0.0945687, 0.108661)
(0.189829, 0.0945689, 0.108661)
(0.190252, 0.0959982, 0.108879)
(0.190642, 0.097315, 0.109084)
(0.19124, 0.0993309, 0.109408)
(0.191551, 0.10038, 0.109579)
(0.192485, 0.103516, 0.110095)
(0.192842, 0.104712, 0.110291)
(0.192845, 0.104721, 0.110292)
(0.193419, 0.106656, 0.110601)
(0.19428, 0.109586, 0.111042)
(0.19429, 0.109622, 0.111047)
(0.194938, 0.111868, 0.111354)
(0.1952, 0.112777, 0.111478)
(0.195458, 0.113699, 0.111591)
(0.196227, 0.116485, 0.11191)
(0.196549, 0.117683, 0.112035)
(0.196919, 0.119062, 0.112179)
(0.197301, 0.120521, 0.112322)
(0.197751, 0.122242, 0.112491)
(0.198044, 0.123372, 0.112601)
(0.198049, 0.123392, 0.112602)
(0.198587, 0.125472, 0.112797)
(0.199403, 0.128643, 0.113103)
(0.199472, 0.12891, 0.11313)
(0.199681, 0.12972, 0.113212)
(0.199932, 0.130687, 0.11331)
(0.200273, 0.132, 0.11345)
(0.200487, 0.132825, 0.113541)
(0.200697, 0.133633, 0.11363)
(0.200886, 0.134365, 0.113711)
(0.201113, 0.135245, 0.113809)
(0.201573, 0.13704, 0.114001)
(0.201583, 0.137081, 0.114005)
(0.201846, 0.138117, 0.114111)
(0.202329, 0.140046, 0.114303)
(0.202593, 0.141115, 0.1144)
(0.203452, 0.144643, 0.114684)
(0.203642, 0.145426, 0.114744)
(0.203952, 0.14672, 0.114833)
(0.204165, 0.147616, 0.114892)
(0.204406, 0.148644, 0.114946)
(0.204652, 0.149692, 0.115002)
(0.205108, 0.151681, 0.115075)
(0.20543, 0.153099, 0.115114)
(0.205655, 0.154107, 0.115128)
(0.20594, 0.155443, 0.115115)
(0.206364, 0.157511, 0.11506)
(0.206647, 0.158892, 0.115024)
(0.206797, 0.159645, 0.114996)
(0.206895, 0.160142, 0.114975)
(0.207035, 0.160866, 0.114941)
(0.207204, 0.16176, 0.114896)
(0.207436, 0.162997, 0.114829)
(0.207757, 0.164747, 0.11473)
(0.208196, 0.16716, 0.114585)
(0.208399, 0.168303, 0.114517)
(0.208813, 0.170674, 0.114376)
(0.209019, 0.171874, 0.114305)
(0.209185, 0.172865, 0.114246)
(0.20937, 0.173975, 0.114179)
(0.209442, 0.174421, 0.114151)
(0.209653, 0.175732, 0.114064)
(0.209854, 0.176989, 0.113981)
(0.209964, 0.177684, 0.113933)
(0.210218, 0.179289, 0.113823)
(0.210228, 0.179351, 0.113819)
(0.21041, 0.180503, 0.113732)
(0.210424, 0.180585, 0.113725)
(0.210576, 0.181515, 0.113646)
(0.210757, 0.182572, 0.113542)
(0.210924, 0.183533, 0.113443)
(0.211022, 0.184059, 0.113379)
(0.211163, 0.184744, 0.113271)
(0.211304, 0.185414, 0.113158)
(0.211643, 0.186793, 0.112854)
(0.211821, 0.18752, 0.112693)
(0.211989, 0.188163, 0.112534)
(0.212108, 0.188621, 0.112421)
(0.212241, 0.189122, 0.112294)
(0.212551, 0.190246, 0.111992)
(0.213546, 0.193609, 0.111027)
(0.213889, 0.194711, 0.110698)
(0.214281, 0.195977, 0.110319)
(0.214704, 0.19728, 0.109916)
(0.215481, 0.199644, 0.109178)
(0.215868, 0.200785, 0.108813)
(0.216528, 0.202641, 0.108198)
(0.216824, 0.203428, 0.107927)
(0.217066, 0.204072, 0.107706)
(0.217154, 0.204302, 0.107626)
(0.217366, 0.204828, 0.107437)
(0.217452, 0.205028, 0.107361)
(0.217628, 0.20543, 0.107208)
(0.217802, 0.205807, 0.107057)
(0.218034, 0.206289, 0.106858)
(0.218123, 0.206468, 0.106782)
(0.218243, 0.2067, 0.10668)
(0.218477, 0.20713, 0.106484)
(0.218606, 0.207363, 0.106376)
(0.219938, 0.209446, 0.105305)
(0.22024, 0.209857, 0.105069)
(0.22069, 0.210407, 0.104728)
(0.220751, 0.210482, 0.104682)
(0.221768, 0.211649, 0.103936)
(0.222265, 0.212172, 0.103588)
(0.223185, 0.213027, 0.102995)
(0.223533, 0.213351, 0.102771)
(0.223965, 0.213735, 0.102504)
(0.224575, 0.214261, 0.10214)
(0.225777, 0.215235, 0.101466)
(0.226442, 0.215734, 0.101122)
(0.226649, 0.215882, 0.101019)
(0.226813, 0.215995, 0.100941)
(0.227029, 0.216141, 0.100839)
(0.227393, 0.216376, 0.100674)
(0.22762, 0.216521, 0.100573)
(0.227745, 0.216598, 0.100519)
(0.227845, 0.216656, 0.100478)
(0.228155, 0.216822, 0.100358)
(0.22844, 0.21697, 0.10025)
(0.228774, 0.217137, 0.100125)
(0.229255, 0.217372, 0.0999479)
(0.230054, 0.217714, 0.0996604)
(0.230991, 0.218116, 0.0993233)
(0.231959, 0.218501, 0.0989765)
(0.232577, 0.218738, 0.0987537)
(0.23291, 0.218862, 0.098633)
(0.232958, 0.218877, 0.0986155)
(0.233033, 0.2189, 0.0985882)
(0.233249, 0.218965, 0.0985095)
(0.23346, 0.219027, 0.0984326)
(0.233896, 0.219151, 0.0982719)
(0.234486, 0.219313, 0.0980541)
(0.235255, 0.219517, 0.0977686)
(0.235905, 0.219684, 0.0975273)
(0.236501, 0.21983, 0.0973042)
(0.23702, 0.219954, 0.0971087)
(0.23765, 0.220099, 0.0968687)
(0.237954, 0.220167, 0.0967517)
(0.238424, 0.220267, 0.0965695)
(0.238842, 0.220353, 0.0964068)
(0.239402, 0.220461, 0.0961871)
(0.239658, 0.220509, 0.0960861)
(0.240056, 0.220576, 0.095929)
(0.240079, 0.22058, 0.09592)
(0.240635, 0.220663, 0.0956979)
(0.240872, 0.220695, 0.095602)
(0.241455, 0.220772, 0.0953655)
(0.241476, 0.220774, 0.0953572)
(0.241838, 0.220804, 0.0952114)
(0.242143, 0.220821, 0.0950892)
(0.243477, 0.22088, 0.0945593)
(0.244048, 0.220889, 0.0943383)
(0.244397, 0.220886, 0.0942072)
(0.244916, 0.220877, 0.0940125)
(0.245069, 0.22087, 0.0939552)
(0.245169, 0.220864, 0.0939175)
(0.245296, 0.220834, 0.0938676)
(0.245411, 0.220807, 0.0938223)
(0.245482, 0.220787, 0.0937925)
(0.245959, 0.220644, 0.093586)
(0.246371, 0.220511, 0.0934001)
(0.247409, 0.220157, 0.0929066)
(0.247819, 0.220013, 0.0927046)
(0.24838, 0.219807, 0.0924115)
(0.248806, 0.219649, 0.0921856)
(0.249408, 0.219416, 0.0918357)
(0.249665, 0.219317, 0.091687)
(0.250456, 0.218998, 0.0911636)
(0.251085, 0.218744, 0.0907476)
(0.25151, 0.218562, 0.0904141)
(0.25337, 0.217688, 0.0885805)
(0.254435, 0.217171, 0.0874557)
(0.25506, 0.216847, 0.086707)
(0.256278, 0.21618, 0.0851158)
(0.256868, 0.215843, 0.0842997)
(0.257601, 0.21541, 0.0832291)
(0.258325, 0.214968, 0.0821201)
(0.258988, 0.214542, 0.0810491)
(0.259508, 0.214208, 0.0802084)
(0.259849, 0.213983, 0.0796693)
(0.259997, 0.213887, 0.079437)
(0.260412, 0.213537, 0.0789768)
(0.261151, 0.212875, 0.0782412)
</SamplePoints>
<SampleFrames Num="200">((0.638067, 0.765354, 0.084280, 0.186687), (-0.176932, 0.252267, -0.951344, 0.082896), (-0.749376, 0.592110, 0.296379, 0.107313), (0.000000, 0.000000, 0.000000, 1.000000)
((0.635930, 0.767243, 0.083251, 0.186850), (-0.178046, 0.250819, -0.951519, 0.083596), (-0.750928, 0.590277, 0.296108, 0.107371), (0.000000, 0.000000, 0.000000, 1.000000)
((0.636083, 0.767226, 0.082240, 0.186981), (-0.178317, 0.249854, -0.951723, 0.084162), (-0.750734, 0.590710, 0.295737, 0.107417), (0.000000, 0.000000, 0.000000, 1.000000)
((0.636083, 0.767226, 0.082240, 0.186981), (-0.178317, 0.249854, -0.951723, 0.084163), (-0.750734, 0.590710, 0.295737, 0.107417), (0.000000, 0.000000, 0.000000, 1.000000)
((0.636073, 0.767330, 0.081336, 0.187412), (-0.178830, 0.249131, -0.951816, 0.085913), (-0.750620, 0.590879, 0.295687, 0.107576), (0.000000, 0.000000, 0.000000, 1.000000)
((0.634214, 0.768991, 0.080160, 0.187593), (-0.179770, 0.247506, -0.952063, 0.086628), (-0.751968, 0.589401, 0.295213, 0.107646), (0.000000, 0.000000, 0.000000, 1.000000)
((0.633750, 0.769112, 0.082631, 0.187820), (-0.177337, 0.248436, -0.952277, 0.087479), (-0.752936, 0.588852, 0.293838, 0.107739), (0.000000, 0.000000, 0.000000, 1.000000)
((0.633991, 0.769029, 0.081549, 0.188048), (-0.177501, 0.247340, -0.952532, 0.088327), (-0.752695, 0.589421, 0.293315, 0.107833), (0.000000, 0.000000, 0.000000, 1.000000)
((0.633780, 0.769183, 0.081740, 0.188280), (-0.178037, 0.247895, -0.952287, 0.089175), (-0.752746, 0.588988, 0.294054, 0.107934), (0.000000, 0.000000, 0.000000, 1.000000)
((0.633857, 0.769222, 0.080761, 0.188505), (-0.178445, 0.247039, -0.952433, 0.089991), (-0.752584, 0.589295, 0.293851, 0.108032), (0.000000, 0.000000, 0.000000, 1.000000)
((0.632046, 0.770844, 0.079482, 0.188647), (-0.179093, 0.245091, -0.952815, 0.090495), (-0.753952, 0.587988, 0.292961, 0.108096), (0.000000, 0.000000, 0.000000, 1.000000)
((0.632200, 0.770717, 0.079489, 0.188861), (-0.179329, 0.245357, -0.952702, 0.091248), (-0.753767, 0.588043, 0.293327, 0.108193), (0.000000, 0.000000, 0.000000, 1.000000)
((0.632236, 0.770684, 0.079518, 0.188918), (-0.179507, 0.245550, -0.952619, 0.091446), (-0.753694, 0.588006, 0.293589, 0.108220), (0.000000, 0.000000, 0.000000, 1.000000)
((0.634417, 0.768626, 0.082034, 0.189394), (-0.176890, 0.247668, -0.952560, 0.093078), (-0.752480, 0.589809, 0.293087, 0.108447), (0.000000, 0.000000, 0.000000, 1.000000)
((0.634381, 0.768759, 0.081062, 0.189575), (-0.177250, 0.246729, -0.952737, 0.093698), (-0.752425, 0.590030, 0.292783, 0.108533), (0.000000, 0.000000, 0.000000, 1.000000)
((0.634427, 0.768829, 0.080032, 0.189829), (-0.177498, 0.245669, -0.952964, 0.094569), (-0.752328, 0.590381, 0.292324, 0.108661), (0.000000, 0.000000, 0.000000, 1.000000)
((0.634427, 0.768829, 0.080032, 0.189829), (-0.177498, 0.245669, -0.952964, 0.094569), (-0.752328, 0.590381, 0.292324, 0.108661), (0.000000, 0.000000, 0.000000, 1.000000)
((0.629996, 0.772234, 0.082220, 0.190252), (-0.176716, 0.245645, -0.953116, 0.095998), (-0.756225, 0.585930, 0.291221, 0.108879), (0.000000, 0.000000, 0.000000, 1.000000)
((0.630284, 0.772114, 0.081132, 0.190642), (-0.177078, 0.244719, -0.953287, 0.097315), (-0.755901, 0.586475, 0.290967, 0.109084), (0.000000, 0.000000, 0.000000, 1.000000)
((0.628205, 0.773903, 0.080209, 0.191240), (-0.179051, 0.244121, -0.953072, 0.099331), (-0.757166, 0.584363, 0.291926, 0.109408), (0.000000, 0.000000, 0.000000, 1.000000)
((0.628251, 0.773735, 0.081452, 0.191551), (-0.179824, 0.246269, -0.952373, 0.100380), (-0.756944, 0.583682, 0.293855, 0.109579), (0.000000, 0.000000, 0.000000, 1.000000)
((0.621082, 0.779475, 0.081707, 0.192485), (-0.180613, 0.243793, -0.952861, 0.103516), (-0.762651, 0.577047, 0.292199, 0.110095), (0.000000, 0.000000, 0.000000, 1.000000)
((0.620635, 0.779677, 0.083163, 0.192842), (-0.181653, 0.246149, -0.952057, 0.104712), (-0.762767, 0.575773, 0.294399, 0.110291), (0.000000, 0.000000, 0.000000, 1.000000)
((0.620635, 0.779677, 0.083163, 0.192845), (-0.181653, 0.246149, -0.952057, 0.104721), (-0.762767, 0.575773, 0.294399, 0.110292), (0.000000, 0.000000, 0.000000, 1.000000)
((0.613767, 0.785090, 0.083204, 0.193419), (-0.184880, 0.245389, -0.951632, 0.106656), (-0.767534, 0.568698, 0.295759, 0.110601), (0.000000, 0.000000, 0.000000, 1.000000)
((0.605893, 0.790777, 0.086982, 0.194280), (-0.186124, 0.247205, -0.950919, 0.109586), (-0.773467, 0.559966, 0.296962, 0.111042), (0.000000, 0.000000, 0.000000, 1.000000)
((0.605893, 0.790777, 0.086982, 0.194290), (-0.186124, 0.247205, -0.950919, 0.109622), (-0.773467, 0.559966, 0.296962, 0.111047), (0.000000, 0.000000, 0.000000, 1.000000)
((0.602744, 0.792862, 0.089828, 0.194938), (-0.189250, 0.251410, -0.949198, 0.111868), (-0.775167, 0.555124, 0.301585, 0.111354), (0.000000, 0.000000, 0.000000, 1.000000)
((0.602526, 0.793007, 0.090012, 0.195200), (-0.189814, 0.251933, -0.948947, 0.112777), (-0.775199, 0.554680, 0.302320, 0.111478), (0.000000, 0.000000, 0.000000, 1.000000)
((0.599814, 0.795039, 0.090197, 0.195458), (-0.191170, 0.251857, -0.948695, 0.113699), (-0.776967, 0.551797, 0.303055, 0.111591), (0.000000, 0.000000, 0.000000, 1.000000)
((0.598325, 0.795138, 0.098806, 0.196227), (-0.188281, 0.259385, -0.947243, 0.116485), (-0.778818, 0.548156, 0.304906, 0.111910), (0.000000, 0.000000, 0.000000, 1.000000)
((0.598058, 0.795306, 0.099070, 0.196549), (-0.189164, 0.260195, -0.946845, 0.117683), (-0.778809, 0.547528, 0.306055, 0.112035), (0.000000, 0.000000, 0.000000, 1.000000)
((0.597705, 0.795532, 0.099386, 0.196919), (-0.190174, 0.261115, -0.946389, 0.119062), (-0.778834, 0.546761, 0.307359, 0.112179), (0.000000, 0.000000, 0.000000, 1.000000)
((0.596661, 0.795966, 0.102149, 0.197301), (-0.188573, 0.262790, -0.946246, 0.120521), (-0.780023, 0.545326, 0.306894, 0.112322), (0.000000, 0.000000, 0.000000, 1.000000)
((0.596562, 0.795725, 0.104569, 0.197751), (-0.186775, 0.264365, -0.946164, 0.122242), (-0.780531, 0.544915, 0.306332, 0.112491), (0.000000, 0.000000, 0.000000, 1.000000)
((0.599084, 0.793812, 0.104699, 0.198044), (-0.186636, 0.265604, -0.945844, 0.123372), (-0.778631, 0.547099, 0.307273, 0.112601), (0.000000, 0.000000, 0.000000, 1.000000)
((0.599084, 0.793812, 0.104699, 0.198049), (-0.186636, 0.265604, -0.945844, 0.123392), (-0.778631, 0.547099, 0.307273, 0.112602), (0.000000, 0.000000, 0.000000, 1.000000)
((0.601772, 0.791753, 0.104871, 0.198587), (-0.184085, 0.265273, -0.946437, 0.125472), (-0.777164, 0.550234, 0.305384, 0.112797), (0.000000, 0.000000, 0.000000, 1.000000)
((0.606537, 0.787751, 0.107526, 0.199403), (-0.184562, 0.271055, -0.944704, 0.128643), (-0.773337, 0.553153, 0.309794, 0.113103), (0.000000, 0.000000, 0.000000, 1.000000)
((0.606321, 0.787609, 0.109762, 0.199472), (-0.181689, 0.271580, -0.945110, 0.128910), (-0.774186, 0.553098, 0.307764, 0.113130), (0.000000, 0.000000, 0.000000, 1.000000)
((0.606309, 0.787604, 0.109863, 0.199681), (-0.182191, 0.272054, -0.944877, 0.129720), (-0.774078, 0.552871, 0.308443, 0.113212), (0.000000, 0.000000, 0.000000, 1.000000)
((0.606247, 0.787626, 0.110041, 0.199932), (-0.183007, 0.272821, -0.944498, 0.130687), (-0.773933, 0.552461, 0.309538, 0.113310), (0.000000, 0.000000, 0.000000, 1.000000)
((0.608142, 0.785804, 0.112583, 0.200273), (-0.180282, 0.274833, -0.944439, 0.132000), (-0.773086, 0.554056, 0.308804, 0.113450), (0.000000, 0.000000, 0.000000, 1.000000)
((0.610678, 0.783665, 0.113758, 0.200487), (-0.179995, 0.277264, -0.943783, 0.132825), (-0.771151, 0.555872, 0.310375, 0.113541), (0.000000, 0.000000, 0.000000, 1.000000)
((0.610871, 0.783348, 0.114901, 0.200697), (-0.180640, 0.279198, -0.943089, 0.133633), (-0.770848, 0.555350, 0.312058, 0.113630), (0.000000, 0.000000, 0.000000, 1.000000)
((0.612541, 0.781498, 0.118553, 0.200886), (-0.177677, 0.282276, -0.942736, 0.134365), (-0.770211, 0.556400, 0.311760, 0.113711), (0.000000, 0.000000, 0.000000, 1.000000)
((0.612443, 0.781552, 0.118703, 0.201113), (-0.178303, 0.282862, -0.942442, 0.135245), (-0.770144, 0.556027, 0.312590, 0.113809), (0.000000, 0.000000, 0.000000, 1.000000)
((0.618672, 0.775849, 0.123707, 0.201573), (-0.174441, 0.289180, -0.941247, 0.137040), (-0.766039, 0.560743, 0.314247, 0.114001), (0.000000, 0.000000, 0.000000, 1.000000)
((0.618672, 0.775849, 0.123707, 0.201583), (-0.174441, 0.289180, -0.941247, 0.137081), (-0.766039, 0.560743, 0.314247, 0.114005), (0.000000, 0.000000, 0.000000, 1.000000)
((0.622777, 0.771958, 0.127393, 0.201846), (-0.173914, 0.295336, -0.939431, 0.138117), (-0.762825, 0.562901, 0.318183, 0.114111), (0.000000, 0.000000, 0.000000, 1.000000)
((0.629383, 0.765772, 0.132176, 0.202329), (-0.169700, 0.301425, -0.938267, 0.140046), (-0.758339, 0.568099, 0.319663, 0.114303), (0.000000, 0.000000, 0.000000, 1.000000)
((0.635774, 0.759821, 0.135879, 0.202593), (-0.168466, 0.308388, -0.936224, 0.141115), (-0.753267, 0.572336, 0.324069, 0.114400), (0.000000, 0.000000, 0.000000, 1.000000)
((0.653014, 0.744054, 0.141269, 0.203452), (-0.160632, 0.318360, -0.934261, 0.144643), (-0.740115, 0.587393, 0.327412, 0.114684), (0.000000, 0.000000, 0.000000, 1.000000)
((0.657375, 0.739954, 0.142571, 0.203642), (-0.159498, 0.321535, -0.933368, 0.145426), (-0.736491, 0.590833, 0.329390, 0.114744), (0.000000, 0.000000, 0.000000, 1.000000)
((0.666212, 0.731306, 0.146130, 0.203952), (-0.153551, 0.326261, -0.932725, 0.146720), (-0.729784, 0.598954, 0.329652, 0.114833), (0.000000, 0.000000, 0.000000, 1.000000)
((0.672706, 0.725279, 0.146411, 0.204165), (-0.151233, 0.328478, -0.932325, 0.147616), (-0.724289, 0.605039, 0.330655, 0.114892), (0.000000, 0.000000, 0.000000, 1.000000)
((0.674501, 0.723547, 0.146722, 0.204406), (-0.150908, 0.329663, -0.931960, 0.148644), (-0.722686, 0.606466, 0.331547, 0.114946), (0.000000, 0.000000, 0.000000, 1.000000)
((0.676360, 0.721300, 0.149209, 0.204652), (-0.147766, 0.331328, -0.931873, 0.149692), (-0.721597, 0.608233, 0.330681, 0.115002), (0.000000, 0.000000, 0.000000, 1.000000)
((0.682207, 0.714954, 0.153083, 0.205108), (-0.143400, 0.336138, -0.930832, 0.151681), (-0.716959, 0.613068, 0.331840, 0.115075), (0.000000, 0.000000, 0.000000, 1.000000)
((0.684365, 0.713068, 0.152244, 0.205430), (-0.143203, 0.336179, -0.930847, 0.153099), (-0.714939, 0.615237, 0.332183, 0.115114), (0.000000, 0.000000, 0.000000, 1.000000)
((0.688232, 0.709243, 0.152679, 0.205655), (-0.142185, 0.338230, -0.930260, 0.154107), (-0.711421, 0.618526, 0.333624, 0.115128), (0.000000, 0.000000, 0.000000, 1.000000)
((0.691974, 0.705023, 0.155290, 0.205940), (-0.138111, 0.340416, -0.930077, 0.155443), (-0.708588, 0.622142, 0.332930, 0.115115), (0.000000, 0.000000, 0.000000, 1.000000)
((0.695702, 0.700987, 0.156895, 0.206364), (-0.134325, 0.341516, -0.930228, 0.157511), (-0.705660, 0.626086, 0.331753, 0.115060), (0.000000, 0.000000, 0.000000, 1.000000)
((0.698019, 0.698892, 0.155948, 0.206647), (-0.134070, 0.341481, -0.930277, 0.158892), (-0.703417, 0.628443, 0.332061, 0.115024), (0.000000, 0.000000, 0.000000, 1.000000)
((0.700274, 0.696623, 0.155989, 0.206797), (-0.133330, 0.342295, -0.930085, 0.159645), (-0.701313, 0.630516, 0.332581, 0.114996), (0.000000, 0.000000, 0.000000, 1.000000)
((0.702521, 0.694347, 0.156031, 0.206895), (-0.132585, 0.343108, -0.929891, 0.160142), (-0.699203, 0.632581, 0.333101, 0.114975), (0.000000, 0.000000, 0.000000, 1.000000)
((0.702889, 0.694243, 0.154833, 0.207035), (-0.132625, 0.341773, -0.930377, 0.160866), (-0.698826, 0.633417, 0.332303, 0.114941), (0.000000, 0.000000, 0.000000, 1.000000)
((0.704484, 0.692070, 0.157297, 0.207204), (-0.129190, 0.342977, -0.930417, 0.161760), (-0.697863, 0.635143, 0.331030, 0.114896), (0.000000, 0.000000, 0.000000, 1.000000)
((0.706593, 0.689879, 0.157460, 0.207436), (-0.128834, 0.344223, -0.930007, 0.162997), (-0.695793, 0.636850, 0.332105, 0.114829), (0.000000, 0.000000, 0.000000, 1.000000)
((0.708495, 0.687622, 0.158777, 0.207757), (-0.125721, 0.344369, -0.930378, 0.164747), (-0.694427, 0.639207, 0.330432, 0.114730), (0.000000, 0.000000, 0.000000, 1.000000)
((0.711135, 0.685133, 0.157731, 0.208196), (-0.125800, 0.344732, -0.930233, 0.167160), (-0.691709, 0.641679, 0.331341, 0.114585), (0.000000, 0.000000, 0.000000, 1.000000)
((0.710971, 0.685039, 0.158879, 0.208399), (-0.123226, 0.343797, -0.930924, 0.168303), (-0.692341, 0.642282, 0.328844, 0.114517), (0.000000, 0.000000, 0.000000, 1.000000)
((0.711300, 0.684452, 0.159931, 0.208813), (-0.121187, 0.343547, -0.931284, 0.170674), (-0.692362, 0.643041, 0.327312, 0.114376), (0.000000, 0.000000, 0.000000, 1.000000)
((0.713753, 0.681894, 0.159931, 0.209019), (-0.120700, 0.344679, -0.930929, 0.171874), (-0.689919, 0.645149, 0.328320, 0.114305), (0.000000, 0.000000, 0.000000, 1.000000)
((0.712394, 0.683635, 0.158550, 0.209185), (-0.121901, 0.343036, -0.931379, 0.172865), (-0.691111, 0.644181, 0.327713, 0.114246), (0.000000, 0.000000, 0.000000, 1.000000)
((0.714813, 0.681110, 0.158529, 0.209370), (-0.121251, 0.343970, -0.931119, 0.173975), (-0.688723, 0.646355, 0.328460, 0.114179), (0.000000, 0.000000, 0.000000, 1.000000)
((0.714767, 0.681142, 0.158598, 0.209442), (-0.121528, 0.344294, -0.930963, 0.174421), (-0.688723, 0.646148, 0.328868, 0.114151), (0.000000, 0.000000, 0.000000, 1.000000)
((0.712836, 0.682942, 0.159549, 0.209653), (-0.119922, 0.342837, -0.931709, 0.175732), (-0.691002, 0.645022, 0.326286, 0.114064), (0.000000, 0.000000, 0.000000, 1.000000)
((0.716713, 0.678794, 0.159880, 0.209854), (-0.118771, 0.344727, -0.931159, 0.176989), (-0.687180, 0.648384, 0.327691, 0.113981), (0.000000, 0.000000, 0.000000, 1.000000)
((0.716922, 0.678850, 0.158701, 0.209964), (-0.118933, 0.343399, -0.931629, 0.177684), (-0.686934, 0.649030, 0.326928, 0.113933), (0.000000, 0.000000, 0.000000, 1.000000)
((0.717298, 0.678726, 0.157527, 0.210218), (-0.119479, 0.342549, -0.931872, 0.179289), (-0.686446, 0.649609, 0.326803, 0.113823), (0.000000, 0.000000, 0.000000, 1.000000)
((0.717298, 0.678726, 0.157527, 0.210228), (-0.119479, 0.342549, -0.931872, 0.179351), (-0.686446, 0.649609, 0.326803, 0.113819), (0.000000, 0.000000, 0.000000, 1.000000)
((0.719395, 0.676463, 0.157700, 0.210410), (-0.119279, 0.343974, -0.931372, 0.180503), (-0.684284, 0.651214, 0.328141, 0.113732), (0.000000, 0.000000, 0.000000, 1.000000)
((0.719395, 0.676463, 0.157700, 0.210424), (-0.119279, 0.343974, -0.931372, 0.180585), (-0.684284, 0.651214, 0.328141, 0.113725), (0.000000, 0.000000, 0.000000, 1.000000)
((0.721109, 0.674355, 0.158893, 0.210576), (-0.115841, 0.343471, -0.931992, 0.181515), (-0.683068, 0.653662, 0.325798, 0.113646), (0.000000, 0.000000, 0.000000, 1.000000)
((0.723416, 0.672366, 0.156822, 0.210757), (-0.118137, 0.344341, -0.931382, 0.182572), (-0.680230, 0.655250, 0.328533, 0.113542), (0.000000, 0.000000, 0.000000, 1.000000)
((0.723324, 0.672433, 0.156957, 0.210924), (-0.118685, 0.344994, -0.931071, 0.183533), (-0.680232, 0.654838, 0.329350, 0.113443), (0.000000, 0.000000, 0.000000, 1.000000)
((0.723074, 0.672449, 0.158041, 0.211022), (-0.116113, 0.343853, -0.931817, 0.184059), (-0.680942, 0.655422, 0.326711, 0.113379), (0.000000, 0.000000, 0.000000, 1.000000)
((0.723180, 0.672342, 0.158011, 0.211163), (-0.116163, 0.343930, -0.931782, 0.184744), (-0.680821, 0.655491, 0.326824, 0.113271), (0.000000, 0.000000, 0.000000, 1.000000)
((0.725460, 0.670148, 0.156872, 0.211304), (-0.115559, 0.343287, -0.932094, 0.185414), (-0.678494, 0.658069, 0.326483, 0.113158), (0.000000, 0.000000, 0.000000, 1.000000)
((0.727184, 0.668220, 0.157115, 0.211643), (-0.115037, 0.344275, -0.931795, 0.186793), (-0.676735, 0.659512, 0.327221, 0.112854), (0.000000, 0.000000, 0.000000, 1.000000)
((0.728978, 0.666217, 0.157308, 0.211821), (-0.114400, 0.345137, -0.931554, 0.187520), (-0.674910, 0.661087, 0.327812, 0.112693), (0.000000, 0.000000, 0.000000, 1.000000)
((0.727177, 0.668478, 0.156049, 0.211989), (-0.115586, 0.343319, -0.932079, 0.188163), (-0.676649, 0.659750, 0.326920, 0.112534), (0.000000, 0.000000, 0.000000, 1.000000)
((0.727236, 0.668405, 0.156085, 0.212108), (-0.115908, 0.343724, -0.931890, 0.188621), (-0.676530, 0.659613, 0.327442, 0.112421), (0.000000, 0.000000, 0.000000, 1.000000)
((0.727160, 0.668476, 0.156135, 0.212241), (-0.116019, 0.343850, -0.931830, 0.189122), (-0.676592, 0.659475, 0.327590, 0.112294), (0.000000, 0.000000, 0.000000, 1.000000)
((0.729386, 0.666299, 0.155052, 0.212551), (-0.115706, 0.343539, -0.931983, 0.190246), (-0.674246, 0.661835, 0.327668, 0.111992), (0.000000, 0.000000, 0.000000, 1.000000)
((0.731584, 0.663661, 0.156012, 0.213546), (-0.112398, 0.343121, -0.932542, 0.193609), (-0.672423, 0.664697, 0.325616, 0.111027), (0.000000, 0.000000, 0.000000, 1.000000)
((0.733771, 0.661504, 0.154894, 0.213889), (-0.111945, 0.342592, -0.932791, 0.194711), (-0.670110, 0.667116, 0.325436, 0.110698), (0.000000, 0.000000, 0.000000, 1.000000)
((0.732156, 0.663588, 0.153617, 0.214281), (-0.113525, 0.341260, -0.933088, 0.195977), (-0.671610, 0.665727, 0.325189, 0.110319), (0.000000, 0.000000, 0.000000, 1.000000)
((0.731908, 0.663353, 0.155797, 0.214704), (-0.110852, 0.341510, -0.933318, 0.197280), (-0.672326, 0.665833, 0.323488, 0.109916), (0.000000, 0.000000, 0.000000, 1.000000)
((0.733718, 0.661302, 0.156004, 0.215481), (-0.110382, 0.342565, -0.932987, 0.199644), (-0.670428, 0.667329, 0.324342, 0.109178), (0.000000, 0.000000, 0.000000, 1.000000)
((0.732283, 0.663492, 0.153428, 0.215868), (-0.111908, 0.339476, -0.933934, 0.200785), (-0.671742, 0.666734, 0.322843, 0.108813), (0.000000, 0.000000, 0.000000, 1.000000)
((0.734315, 0.661184, 0.153679, 0.216528), (-0.112128, 0.341432, -0.933194, 0.202641), (-0.669484, 0.668027, 0.324856, 0.108198), (0.000000, 0.000000, 0.000000, 1.000000)
((0.734371, 0.661395, 0.152498, 0.216824), (-0.112461, 0.340136, -0.933627, 0.203428), (-0.669366, 0.668479, 0.324167, 0.107927), (0.000000, 0.000000, 0.000000, 1.000000)
((0.734757, 0.661278, 0.151141, 0.217066), (-0.112517, 0.338539, -0.934201, 0.204072), (-0.668933, 0.669405, 0.323149, 0.107706), (0.000000, 0.000000, 0.000000, 1.000000)
((0.734757, 0.661278, 0.151141, 0.217154), (-0.112517, 0.338539, -0.934201, 0.204302), (-0.668933, 0.669405, 0.323149, 0.107626), (0.000000, 0.000000, 0.000000, 1.000000)
((0.734757, 0.661278, 0.151141, 0.217366), (-0.112517, 0.338539, -0.934201, 0.204828), (-0.668933, 0.669405, 0.323149, 0.107437), (0.000000, 0.000000, 0.000000, 1.000000)
((0.734861, 0.661169, 0.151112, 0.217452), (-0.112565, 0.338618, -0.934166, 0.205028), (-0.668811, 0.669473, 0.323262, 0.107361), (0.000000, 0.000000, 0.000000, 1.000000)
((0.734786, 0.661242, 0.151159, 0.217628), (-0.112676, 0.338744, -0.934107, 0.205430), (-0.668875, 0.669337, 0.323410, 0.107208), (0.000000, 0.000000, 0.000000, 1.000000)
((0.734994, 0.661303, 0.149873, 0.217802), (-0.112802, 0.337195, -0.934652, 0.205807), (-0.668625, 0.670058, 0.322433, 0.107057), (0.000000, 0.000000, 0.000000, 1.000000)
((0.734920, 0.661375, 0.149920, 0.218034), (-0.112913, 0.337322, -0.934593, 0.206289), (-0.668688, 0.669923, 0.322582, 0.106858), (0.000000, 0.000000, 0.000000, 1.000000)
((0.734920, 0.661375, 0.149920, 0.218123), (-0.112913, 0.337322, -0.934593, 0.206468), (-0.668688, 0.669923, 0.322582, 0.106782), (0.000000, 0.000000, 0.000000, 1.000000)
((0.734949, 0.661339, 0.149938, 0.218243), (-0.113072, 0.337526, -0.934500, 0.206700), (-0.668629, 0.669856, 0.322843, 0.106680), (0.000000, 0.000000, 0.000000, 1.000000)
((0.734979, 0.661579, 0.148723, 0.218477), (-0.113267, 0.336026, -0.935017, 0.207130), (-0.668563, 0.670373, 0.321907, 0.106484), (0.000000, 0.000000, 0.000000, 1.000000)
((0.736905, 0.659412, 0.148818, 0.218606), (-0.112431, 0.336634, -0.934899, 0.207363), (-0.666581, 0.672200, 0.322206, 0.106376), (0.000000, 0.000000, 0.000000, 1.000000)
((0.735736, 0.661768, 0.144070, 0.219938), (-0.116866, 0.333581, -0.935450, 0.209446), (-0.667110, 0.671407, 0.322765, 0.105305), (0.000000, 0.000000, 0.000000, 1.000000)
((0.735944, 0.661818, 0.142770, 0.220240), (-0.117021, 0.332041, -0.935978, 0.209857), (-0.666853, 0.672120, 0.321810, 0.105069), (0.000000, 0.000000, 0.000000, 1.000000)
((0.737693, 0.659831, 0.142941, 0.220690), (-0.116259, 0.332710, -0.935835, 0.210407), (-0.665051, 0.673741, 0.322149, 0.104728), (0.000000, 0.000000, 0.000000, 1.000000)
((0.737693, 0.659831, 0.142941, 0.220751), (-0.116259, 0.332710, -0.935835, 0.210482), (-0.665051, 0.673741, 0.322149, 0.104682), (0.000000, 0.000000, 0.000000, 1.000000)
((0.735974, 0.662048, 0.141542, 0.221768), (-0.117245, 0.330550, -0.936478, 0.211649), (-0.666780, 0.672628, 0.320898, 0.103936), (0.000000, 0.000000, 0.000000, 1.000000)
((0.738186, 0.659851, 0.140279, 0.222265), (-0.116490, 0.329505, -0.936940, 0.212172), (-0.664463, 0.675295, 0.320102, 0.103588), (0.000000, 0.000000, 0.000000, 1.000000)
((0.738341, 0.660109, 0.138234, 0.223185), (-0.119438, 0.329706, -0.936498, 0.213027), (-0.663767, 0.674945, 0.322278, 0.102995), (0.000000, 0.000000, 0.000000, 1.000000)
((0.736768, 0.662176, 0.136736, 0.223533), (-0.120211, 0.327289, -0.937247, 0.213351), (-0.665374, 0.674096, 0.320737, 0.102771), (0.000000, 0.000000, 0.000000, 1.000000)
((0.736872, 0.662324, 0.135452, 0.223965), (-0.120347, 0.325680, -0.937789, 0.213735), (-0.665234, 0.674730, 0.319693, 0.102504), (0.000000, 0.000000, 0.000000, 1.000000)
((0.738594, 0.660372, 0.135603, 0.224575), (-0.119447, 0.326154, -0.937740, 0.214261), (-0.663484, 0.676412, 0.319775, 0.102140), (0.000000, 0.000000, 0.000000, 1.000000)
((0.739264, 0.660335, 0.132087, 0.225777), (-0.122313, 0.324547, -0.937928, 0.215235), (-0.662215, 0.677220, 0.320693, 0.101466), (0.000000, 0.000000, 0.000000, 1.000000)
((0.739601, 0.660471, 0.129495, 0.226442), (-0.122838, 0.321633, -0.938863, 0.215734), (-0.661741, 0.678477, 0.319011, 0.101122), (0.000000, 0.000000, 0.000000, 1.000000)
((0.741599, 0.658217, 0.129543, 0.226649), (-0.121935, 0.322146, -0.938804, 0.215882), (-0.659669, 0.680420, 0.319163, 0.101019), (0.000000, 0.000000, 0.000000, 1.000000)
((0.739675, 0.660397, 0.129448, 0.226813), (-0.122729, 0.321505, -0.938921, 0.215995), (-0.661679, 0.678609, 0.318859, 0.100941), (0.000000, 0.000000, 0.000000, 1.000000)
((0.741898, 0.658288, 0.127453, 0.227029), (-0.124823, 0.322354, -0.938353, 0.216141), (-0.658792, 0.680253, 0.321323, 0.100839), (0.000000, 0.000000, 0.000000, 1.000000)
((0.743843, 0.656312, 0.126304, 0.227393), (-0.124315, 0.321542, -0.938699, 0.216376), (-0.656692, 0.682543, 0.320766, 0.100674), (0.000000, 0.000000, 0.000000, 1.000000)
((0.746002, 0.654106, 0.125007, 0.227620), (-0.123498, 0.320343, -0.939217, 0.216521), (-0.654392, 0.685220, 0.319757, 0.100573), (0.000000, 0.000000, 0.000000, 1.000000)
((0.745900, 0.654216, 0.125035, 0.227745), (-0.123451, 0.320263, -0.939250, 0.216598), (-0.654517, 0.685151, 0.319648, 0.100519), (0.000000, 0.000000, 0.000000, 1.000000)
((0.746156, 0.654322, 0.122940, 0.227845), (-0.126183, 0.320298, -0.938875, 0.216656), (-0.653704, 0.685035, 0.321557, 0.100478), (0.000000, 0.000000, 0.000000, 1.000000)
((0.746025, 0.654469, 0.122949, 0.228155), (-0.125983, 0.320009, -0.939001, 0.216822), (-0.653892, 0.685029, 0.321187, 0.100358), (0.000000, 0.000000, 0.000000, 1.000000)
((0.744282, 0.656719, 0.121510, 0.228440), (-0.126862, 0.317643, -0.939686, 0.216970), (-0.655706, 0.683976, 0.319729, 0.100250), (0.000000, 0.000000, 0.000000, 1.000000)
((0.742186, 0.659090, 0.121490, 0.228774), (-0.127704, 0.317034, -0.939777, 0.217137), (-0.657915, 0.681974, 0.319467, 0.100125), (0.000000, 0.000000, 0.000000, 1.000000)
((0.742386, 0.659234, 0.119469, 0.229255), (-0.130700, 0.317399, -0.939242, 0.217372), (-0.657100, 0.681666, 0.321795, 0.099948), (0.000000, 0.000000, 0.000000, 1.000000)
((0.738632, 0.663684, 0.118089, 0.230054), (-0.133023, 0.315236, -0.939644, 0.217714), (-0.660853, 0.678343, 0.321129, 0.099660), (0.000000, 0.000000, 0.000000, 1.000000)
((0.736307, 0.666257, 0.118127, 0.230991), (-0.133761, 0.314451, -0.939802, 0.218116), (-0.663295, 0.676182, 0.320652, 0.099323), (0.000000, 0.000000, 0.000000, 1.000000)
((0.734234, 0.668895, 0.116101, 0.231959), (-0.137386, 0.313872, -0.939473, 0.218501), (-0.664850, 0.673843, 0.322352, 0.098976), (0.000000, 0.000000, 0.000000, 1.000000)
((0.733849, 0.669294, 0.116236, 0.232577), (-0.137351, 0.313764, -0.939514, 0.218738), (-0.665282, 0.673496, 0.322184, 0.098754), (0.000000, 0.000000, 0.000000, 1.000000)
((0.731460, 0.671886, 0.116341, 0.232910), (-0.138350, 0.313301, -0.939522, 0.218862), (-0.667702, 0.671127, 0.322122, 0.098633), (0.000000, 0.000000, 0.000000, 1.000000)
((0.725289, 0.678571, 0.116177, 0.232958), (-0.140805, 0.311398, -0.939790, 0.218877), (-0.673892, 0.665261, 0.321400, 0.098615), (0.000000, 0.000000, 0.000000, 1.000000)
((0.723154, 0.680846, 0.116176, 0.233033), (-0.141783, 0.310954, -0.939790, 0.218900), (-0.675978, 0.663141, 0.321400, 0.098588), (0.000000, 0.000000, 0.000000, 1.000000)
((0.723078, 0.680918, 0.116224, 0.233249), (-0.141894, 0.311080, -0.939732, 0.218965), (-0.676035, 0.663008, 0.321554, 0.098510), (0.000000, 0.000000, 0.000000, 1.000000)
((0.722928, 0.681061, 0.116321, 0.233460), (-0.142116, 0.311333, -0.939614, 0.219027), (-0.676149, 0.662742, 0.321861, 0.098433), (0.000000, 0.000000, 0.000000, 1.000000)
((0.722823, 0.681168, 0.116351, 0.233896), (-0.142066, 0.311255, -0.939648, 0.219151), (-0.676273, 0.662669, 0.321753, 0.098272), (0.000000, 0.000000, 0.000000, 1.000000)
((0.720797, 0.683657, 0.114299, 0.234486), (-0.145727, 0.310679, -0.939277, 0.219313), (-0.677654, 0.660372, 0.323564, 0.098054), (0.000000, 0.000000, 0.000000, 1.000000)
((0.720298, 0.684156, 0.114464, 0.235255), (-0.145640, 0.310494, -0.939352, 0.219517), (-0.678204, 0.659943, 0.323288, 0.097769), (0.000000, 0.000000, 0.000000, 1.000000)
((0.719904, 0.684547, 0.114599, 0.235905), (-0.145603, 0.310386, -0.939394, 0.219684), (-0.678629, 0.659587, 0.323121, 0.097527), (0.000000, 0.000000, 0.000000, 1.000000)
((0.720048, 0.684733, 0.112571, 0.236501), (-0.148446, 0.310462, -0.938923, 0.219830), (-0.677861, 0.659359, 0.325193, 0.097304), (0.000000, 0.000000, 0.000000, 1.000000)
((0.719685, 0.685088, 0.112728, 0.237020), (-0.148569, 0.310559, -0.938872, 0.219954), (-0.678219, 0.658944, 0.325287, 0.097109), (0.000000, 0.000000, 0.000000, 1.000000)
((0.717501, 0.687580, 0.111475, 0.237650), (-0.149649, 0.308462, -0.939391, 0.220099), (-0.680293, 0.657332, 0.324217, 0.096869), (0.000000, 0.000000, 0.000000, 1.000000)
((0.717394, 0.687686, 0.111504, 0.237954), (-0.149599, 0.308384, -0.939425, 0.220167), (-0.680416, 0.657257, 0.324110, 0.096752), (0.000000, 0.000000, 0.000000, 1.000000)
((0.715199, 0.689973, 0.111483, 0.238424), (-0.150406, 0.307709, -0.939518, 0.220267), (-0.682546, 0.655174, 0.323849, 0.096570), (0.000000, 0.000000, 0.000000, 1.000000)
((0.714909, 0.690255, 0.111592, 0.238842), (-0.150417, 0.307680, -0.939525, 0.220353), (-0.682846, 0.654890, 0.323790, 0.096407), (0.000000, 0.000000, 0.000000, 1.000000)
((0.714860, 0.690617, 0.109652, 0.239402), (-0.153322, 0.307795, -0.939018, 0.220461), (-0.682252, 0.654454, 0.325917, 0.096187), (0.000000, 0.000000, 0.000000, 1.000000)
((0.716844, 0.688545, 0.109732, 0.239658), (-0.152415, 0.308324, -0.938992, 0.220509), (-0.680371, 0.656386, 0.325965, 0.096086), (0.000000, 0.000000, 0.000000, 1.000000)
((0.714827, 0.690848, 0.108400, 0.240056), (-0.153429, 0.306175, -0.939530, 0.220576), (-0.682262, 0.654970, 0.324859, 0.095929), (0.000000, 0.000000, 0.000000, 1.000000)
((0.714751, 0.690919, 0.108451, 0.240079), (-0.153540, 0.306301, -0.939471, 0.220580), (-0.682317, 0.654836, 0.325013, 0.095920), (0.000000, 0.000000, 0.000000, 1.000000)
((0.714506, 0.691167, 0.108487, 0.240635), (-0.153279, 0.305942, -0.939630, 0.220663), (-0.682632, 0.654743, 0.324539, 0.095698), (0.000000, 0.000000, 0.000000, 1.000000)
((0.714368, 0.691308, 0.108496, 0.240872), (-0.153068, 0.305662, -0.939756, 0.220695), (-0.682824, 0.654724, 0.324172, 0.095602), (0.000000, 0.000000, 0.000000, 1.000000)
((0.713864, 0.691803, 0.108661, 0.241455), (-0.152980, 0.305477, -0.939830, 0.220772), (-0.683371, 0.654288, 0.323901, 0.095366), (0.000000, 0.000000, 0.000000, 1.000000)
((0.713864, 0.691803, 0.108661, 0.241476), (-0.152980, 0.305477, -0.939830, 0.220774), (-0.683371, 0.654288, 0.323901, 0.095357), (0.000000, 0.000000, 0.000000, 1.000000)
((0.713467, 0.692191, 0.108798, 0.241838), (-0.152941, 0.305371, -0.939871, 0.220804), (-0.683794, 0.653927, 0.323736, 0.095211), (0.000000, 0.000000, 0.000000, 1.000000)
((0.711639, 0.694404, 0.106641, 0.242143), (-0.156408, 0.304580, -0.939557, 0.220821), (-0.684913, 0.651946, 0.325362, 0.095089), (0.000000, 0.000000, 0.000000, 1.000000)
((0.710990, 0.695230, 0.105585, 0.243477), (-0.156379, 0.302707, -0.940167, 0.220880), (-0.685594, 0.651938, 0.323941, 0.094559), (0.000000, 0.000000, 0.000000, 1.000000)
((0.712547, 0.693590, 0.105875, 0.244048), (-0.155720, 0.303469, -0.940031, 0.220889), (-0.684126, 0.653329, 0.324242, 0.094338), (0.000000, 0.000000, 0.000000, 1.000000)
((0.714357, 0.691701, 0.106034, 0.244397), (-0.154887, 0.304054, -0.939979, 0.220886), (-0.682425, 0.655058, 0.324339, 0.094207), (0.000000, 0.000000, 0.000000, 1.000000)
((0.712339, 0.694092, 0.103967, 0.244916), (-0.158412, 0.303322, -0.939628, 0.220877), (-0.683724, 0.652864, 0.326021, 0.094012), (0.000000, 0.000000, 0.000000, 1.000000)
((0.712307, 0.694128, 0.103945, 0.245069), (-0.158252, 0.303119, -0.939721, 0.220870), (-0.683794, 0.652920, 0.325761, 0.093955), (0.000000, 0.000000, 0.000000, 1.000000)
((0.710047, 0.696432, 0.103997, 0.245169), (-0.159314, 0.302746, -0.939662, 0.220864), (-0.685895, 0.650636, 0.325915, 0.093918), (0.000000, 0.000000, 0.000000, 1.000000)
((0.707888, 0.698624, 0.104018, 0.245296), (-0.160427, 0.302447, -0.939569, 0.220834), (-0.687865, 0.648422, 0.326177, 0.093868), (0.000000, 0.000000, 0.000000, 1.000000)
((0.707780, 0.698729, 0.104047, 0.245411), (-0.160376, 0.302369, -0.939602, 0.220807), (-0.687988, 0.648345, 0.326070, 0.093822), (0.000000, 0.000000, 0.000000, 1.000000)
((0.705690, 0.700844, 0.104018, 0.245482), (-0.161376, 0.301941, -0.939569, 0.220787), (-0.689899, 0.646258, 0.326176, 0.093792), (0.000000, 0.000000, 0.000000, 1.000000)
((0.705146, 0.701172, 0.105485, 0.245959), (-0.161296, 0.303487, -0.939084, 0.220644), (-0.690473, 0.645177, 0.327099, 0.093586), (0.000000, 0.000000, 0.000000, 1.000000)
((0.705149, 0.701462, 0.103516, 0.246371), (-0.164086, 0.303460, -0.938609, 0.220511), (-0.689812, 0.644874, 0.329085, 0.093400), (0.000000, 0.000000, 0.000000, 1.000000)
((0.702181, 0.704403, 0.103724, 0.247409), (-0.164681, 0.302407, -0.938845, 0.220157), (-0.692692, 0.642158, 0.328346, 0.092907), (0.000000, 0.000000, 0.000000, 1.000000)
((0.700036, 0.706828, 0.101706, 0.247819), (-0.168306, 0.301719, -0.938424, 0.220013), (-0.693990, 0.639813, 0.330178, 0.092705), (0.000000, 0.000000, 0.000000, 1.000000)
((0.699786, 0.707070, 0.101743, 0.248380), (-0.168040, 0.301365, -0.938585, 0.219807), (-0.694307, 0.639712, 0.329707, 0.092411), (0.000000, 0.000000, 0.000000, 1.000000)
((0.697233, 0.709575, 0.101833, 0.248806), (-0.168831, 0.300607, -0.938686, 0.219649), (-0.696680, 0.637290, 0.329391, 0.092186), (0.000000, 0.000000, 0.000000, 1.000000)
((0.696795, 0.709988, 0.101952, 0.249408), (-0.168624, 0.300302, -0.938821, 0.219416), (-0.697168, 0.636974, 0.328970, 0.091836), (0.000000, 0.000000, 0.000000, 1.000000)
((0.696969, 0.710108, 0.099906, 0.249665), (-0.171352, 0.300201, -0.938359, 0.219317), (-0.696328, 0.636888, 0.330909, 0.091687), (0.000000, 0.000000, 0.000000, 1.000000)
((0.694559, 0.712467, 0.099892, 0.250456), (-0.171913, 0.299186, -0.938581, 0.218998), (-0.698594, 0.634727, 0.330285, 0.091164), (0.000000, 0.000000, 0.000000, 1.000000)
((0.691767, 0.715158, 0.100040, 0.251085), (-0.172592, 0.298265, -0.938749, 0.218744), (-0.701192, 0.632130, 0.329760, 0.090748), (0.000000, 0.000000, 0.000000, 1.000000)
((0.691767, 0.715158, 0.100040, 0.251510), (-0.172592, 0.298265, -0.938749, 0.218562), (-0.701192, 0.632130, 0.329760, 0.090414), (0.000000, 0.000000, 0.000000, 1.000000)
((0.692936, 0.714266, 0.098305, 0.253370), (-0.173645, 0.297660, -0.938747, 0.217688), (-0.699776, 0.633422, 0.330288, 0.088580), (0.000000, 0.000000, 0.000000, 1.000000)
((0.692735, 0.714730, 0.096331, 0.254435), (-0.176053, 0.297122, -0.938469, 0.217171), (-0.699374, 0.633151, 0.331657, 0.087456), (0.000000, 0.000000, 0.000000, 1.000000)
((0.692528, 0.715193, 0.094359, 0.255060), (-0.178460, 0.296584, -0.938184, 0.216847), (-0.698969, 0.632879, 0.333026, 0.086707), (0.000000, 0.000000, 0.000000, 1.000000)
((0.693754, 0.714073, 0.093834, 0.256278), (-0.179436, 0.297549, -0.937693, 0.216180), (-0.697501, 0.633691, 0.334556, 0.085116), (0.000000, 0.000000, 0.000000, 1.000000)
((0.695496, 0.712471, 0.093117, 0.256868), (-0.180507, 0.298685, -0.937126, 0.215843), (-0.695487, 0.634959, 0.336340, 0.084300), (0.000000, 0.000000, 0.000000, 1.000000)
((0.694892, 0.712897, 0.094359, 0.257601), (-0.179520, 0.299035, -0.937204, 0.215410), (-0.696346, 0.634316, 0.335776, 0.083229), (0.000000, 0.000000, 0.000000, 1.000000)
((0.694765, 0.713301, 0.092213, 0.258325), (-0.181384, 0.297832, -0.937228, 0.214968), (-0.695990, 0.634427, 0.336305, 0.082120), (0.000000, 0.000000, 0.000000, 1.000000)
