<PointSplatMark HeadPosAtStart="(0.673742, -0.227806, 2.25919)" BrushTip="0" BrushInterface="ForceTapeDraw" SuperSamplesPerWidth="20" Draw="0" Width="0.022" Pose="1" LayerIndex="0" Name="shoulder" RoomToVirtualScaleAtStart="1.03571" RoomToVirtualFrameAtStart="((0.874502, 0.360407, 0.324582, -0.004865), (-0.295477, 0.926565, -0.232746, 0.198120), (-0.384630, 0.107630, 0.916775, 0.008530), (0.000000, 0.000000, 0.000000, 1.000000)" ColorSwatch="0.170979"><SamplePoints Num="180">(-0.150631, 0.0573317, 0.147384)
(-0.150432, 0.0576095, 0.147385)
(-0.150432, 0.0576097, 0.147385)
(-0.149255, 0.0591987, 0.14735)
(-0.148568, 0.0601258, 0.14732)
(-0.147842, 0.0611099, 0.14728)
(-0.147501, 0.0615731, 0.14726)
(-0.147047, 0.0621966, 0.147229)
(-0.146648, 0.0627458, 0.147202)
(-0.146192, 0.0633796, 0.147169)
(-0.14579, 0.0639386, 0.147139)
(-0.145493, 0.0643578, 0.147115)
(-0.144964, 0.0651111, 0.14707)
(-0.143785, 0.0668059, 0.146963)
(-0.143287, 0.0675273, 0.146916)
(-0.142964, 0.0680024, 0.146882)
(-0.142638, 0.0684824, 0.146849)
(-0.142299, 0.0689875, 0.146812)
(-0.140903, 0.0710737, 0.146653)
(-0.139902, 0.072584, 0.146531)
(-0.139236, 0.0735892, 0.14645)
(-0.138565, 0.0746018, 0.146366)
(-0.137895, 0.0756135, 0.146281)
(-0.137267, 0.0765627, 0.146202)
(-0.136862, 0.0771752, 0.146151)
(-0.136857, 0.0771826, 0.14615)
(-0.135651, 0.0790001, 0.145991)
(-0.134656, 0.0804879, 0.145856)
(-0.134272, 0.0810619, 0.145805)
(-0.134027, 0.0814269, 0.145771)
(-0.133357, 0.0824241, 0.14568)
(-0.133091, 0.0828184, 0.145643)
(-0.132095, 0.0842967, 0.145507)
(-0.131395, 0.0853351, 0.14541)
(-0.129844, 0.0876297, 0.145192)
(-0.128654, 0.0893878, 0.145025)
(-0.127936, 0.0904485, 0.144924)
(-0.127155, 0.0915994, 0.144813)
(-0.126105, 0.0931441, 0.144667)
(-0.125612, 0.0938704, 0.144599)
(-0.124998, 0.0947718, 0.144512)
(-0.124134, 0.0960403, 0.144389)
(-0.123517, 0.0969439, 0.144301)
(-0.12276, 0.0980549, 0.144192)
(-0.121994, 0.0991804, 0.14408)
(-0.121268, 0.100248, 0.143974)
(-0.120646, 0.101166, 0.143883)
(-0.120035, 0.102068, 0.143794)
(-0.119597, 0.102714, 0.143728)
(-0.119255, 0.103219, 0.143676)
(-0.118732, 0.103998, 0.143598)
(-0.118721, 0.104013, 0.143596)
(-0.116678, 0.107104, 0.143292)
(-0.116083, 0.108005, 0.143203)
(-0.116076, 0.108015, 0.143202)
(-0.114856, 0.109874, 0.143026)
(-0.114127, 0.111002, 0.142923)
(-0.11271, 0.113199, 0.142727)
(-0.111573, 0.114974, 0.142572)
(-0.111561, 0.114993, 0.14257)
(-0.109517, 0.118233, 0.142302)
(-0.108546, 0.119771, 0.142174)
(-0.108527, 0.119802, 0.142172)
(-0.105408, 0.12483, 0.141772)
(-0.103826, 0.127404, 0.14157)
(-0.102888, 0.128937, 0.141453)
(-0.102223, 0.130025, 0.141369)
(-0.101363, 0.131434, 0.141261)
(-0.0999641, 0.133733, 0.141094)
(-0.0980908, 0.136819, 0.140875)
(-0.0973176, 0.138095, 0.140786)
(-0.0965732, 0.13933, 0.140699)
(-0.09586, 0.140514, 0.140616)
(-0.09584, 0.140548, 0.140614)
(-0.0943709, 0.143015, 0.140447)
(-0.0927793, 0.145726, 0.140268)
(-0.0913928, 0.148119, 0.140116)
(-0.0908395, 0.149082, 0.14006)
(-0.0901132, 0.150346, 0.139986)
(-0.0894947, 0.151432, 0.139929)
(-0.0889511, 0.152386, 0.139879)
(-0.0882648, 0.153594, 0.139821)
(-0.0874186, 0.155082, 0.139749)
(-0.0864308, 0.156826, 0.139674)
(-0.0852259, 0.158953, 0.139581)
(-0.0841865, 0.160794, 0.139512)
(-0.0823964, 0.163974, 0.139397)
(-0.0814096, 0.165727, 0.139334)
(-0.0812059, 0.166091, 0.139322)
(-0.080378, 0.167567, 0.139273)
(-0.0798215, 0.168561, 0.139243)
(-0.0781275, 0.17158, 0.139152)
(-0.0751896, 0.17681, 0.138996)
(-0.0737176, 0.179439, 0.138921)
(-0.0732242, 0.180322, 0.138896)
(-0.0727538, 0.181167, 0.138874)
(-0.0717285, 0.183008, 0.138825)
(-0.0709324, 0.184446, 0.138791)
(-0.0709068, 0.184493, 0.13879)
(-0.0666561, 0.192343, 0.138673)
(-0.0666318, 0.192388, 0.138672)
(-0.0644471, 0.196469, 0.138623)
(-0.0637476, 0.197796, 0.138609)
(-0.0625078, 0.200183, 0.138586)
(-0.0620463, 0.201072, 0.138578)
(-0.062016, 0.201131, 0.138577)
(-0.0610907, 0.20294, 0.138561)
(-0.0604819, 0.204148, 0.138552)
(-0.0594931, 0.206137, 0.13854)
(-0.0587519, 0.207627, 0.138531)
(-0.0587393, 0.207653, 0.138531)
(-0.0562621, 0.212689, 0.138531)
(-0.0550237, 0.215225, 0.13854)
(-0.0544286, 0.216444, 0.138545)
(-0.0533815, 0.218586, 0.138566)
(-0.0525332, 0.220311, 0.138593)
(-0.0499452, 0.225556, 0.138693)
(-0.0490539, 0.227361, 0.138729)
(-0.0483991, 0.228688, 0.138755)
(-0.0467258, 0.232089, 0.138819)
(-0.0464139, 0.232725, 0.13883)
(-0.0459276, 0.233713, 0.138849)
(-0.0457946, 0.233983, 0.138854)
(-0.0449096, 0.235776, 0.138889)
(-0.0442983, 0.237006, 0.138915)
(-0.0427124, 0.24017, 0.13898)
(-0.0420002, 0.241583, 0.139008)
(-0.0409297, 0.24369, 0.13905)
(-0.0389514, 0.247547, 0.139128)
(-0.038909, 0.247628, 0.139129)
(-0.0377445, 0.249863, 0.139176)
(-0.0368255, 0.251601, 0.13921)
(-0.0350198, 0.254988, 0.139274)
(-0.0329098, 0.258881, 0.139346)
(-0.0317233, 0.261054, 0.139386)
(-0.0305139, 0.263259, 0.139429)
(-0.0292308, 0.265576, 0.13947)
(-0.0281211, 0.267571, 0.139503)
(-0.026655, 0.270188, 0.139552)
(-0.0213108, 0.279597, 0.139746)
(-0.0189752, 0.283707, 0.139848)
(-0.0177777, 0.285799, 0.139907)
(-0.0161803, 0.288585, 0.139986)
(-0.015581, 0.28963, 0.140016)
(-0.0146176, 0.291305, 0.140062)
(-0.0128326, 0.294411, 0.140153)
(-0.00563553, 0.306616, 0.140479)
(-0.0042515, 0.30886, 0.14053)
(-0.00330534, 0.310331, 0.140562)
(-0.00302237, 0.310747, 0.140568)
(-0.00251712, 0.311489, 0.140579)
(-0.00211534, 0.312041, 0.140585)
(-0.00112462, 0.313315, 0.140591)
(-0.000177894, 0.314452, 0.140589)
(-5.69638e-05, 0.314587, 0.140588)
(0.000328675, 0.314865, 0.140561)
(0.000746332, 0.315156, 0.140531)
(0.000833442, 0.315214, 0.140524)
(0.00167601, 0.315761, 0.140455)
(0.00196474, 0.31594, 0.14043)
(0.00279259, 0.316455, 0.140359)
(0.00295003, 0.31655, 0.140345)
(0.00514506, 0.317823, 0.140147)
(0.0072329, 0.318987, 0.139963)
(0.00896723, 0.319918, 0.139817)
(0.0129934, 0.321954, 0.139521)
(0.0180398, 0.324392, 0.139219)
(0.0222555, 0.326406, 0.138984)
(0.026113, 0.328201, 0.138807)
(0.0302201, 0.330076, 0.138648)
(0.0319924, 0.330869, 0.138589)
(0.0344453, 0.331942, 0.13852)
(0.0369013, 0.333005, 0.138455)
(0.0373033, 0.333178, 0.138445)
(0.0407205, 0.334643, 0.138365)
(0.0461406, 0.336993, 0.138239)
(0.0518043, 0.339473, 0.138123)
(0.058926, 0.342647, 0.13801)
(0.0604549, 0.343332, 0.137988)
(0.0645317, 0.345209, 0.137959)
</SamplePoints>
<SampleFrames Num="180">((-0.282099, 0.687342, 0.669314, -0.150631), (-0.091552, 0.675179, -0.731951, 0.057332), (-0.955007, -0.267760, -0.127540, 0.147384), (0.000000, 0.000000, 0.000000, 1.000000)
((0.281880, 0.627230, 0.726034, -0.150432), (-0.091409, 0.770834, -0.630444, 0.057609), (-0.955085, 0.111343, 0.274617, 0.147385), (0.000000, 0.000000, 0.000000, 1.000000)
((0.281880, 0.627230, 0.726034, -0.150432), (-0.091409, 0.770834, -0.630444, 0.057610), (-0.955085, 0.111343, 0.274617, 0.147385), (0.000000, 0.000000, 0.000000, 1.000000)
((0.284280, 0.627314, 0.725026, -0.149255), (-0.093349, 0.770744, -0.630269, 0.059199), (-0.954186, 0.111493, 0.277666, 0.147350), (0.000000, 0.000000, 0.000000, 1.000000)
((0.286442, 0.625368, 0.725855, -0.148568), (-0.095462, 0.772459, -0.627848, 0.060126), (-0.953330, 0.110550, 0.280964, 0.147320), (0.000000, 0.000000, 0.000000, 1.000000)
((0.285710, 0.625155, 0.726327, -0.147842), (-0.097936, 0.772999, -0.626802, 0.061110), (-0.953299, 0.107950, 0.282079, 0.147280), (0.000000, 0.000000, 0.000000, 1.000000)
((0.287868, 0.623199, 0.727155, -0.147501), (-0.100048, 0.774712, -0.624350, 0.061573), (-0.952430, 0.106980, 0.285364, 0.147260), (0.000000, 0.000000, 0.000000, 1.000000)
((0.289937, 0.623459, 0.726110, -0.147047), (-0.102518, 0.774566, -0.624129, 0.062197), (-0.951539, 0.106519, 0.288491, 0.147229), (0.000000, 0.000000, 0.000000, 1.000000)
((0.292036, 0.621555, 0.726900, -0.146648), (-0.104422, 0.776210, -0.621767, 0.062746), (-0.950690, 0.105674, 0.291585, 0.147202), (0.000000, 0.000000, 0.000000, 1.000000)
((0.292193, 0.621417, 0.726956, -0.146192), (-0.104366, 0.776308, -0.621655, 0.063380), (-0.950648, 0.105774, 0.291686, 0.147169), (0.000000, 0.000000, 0.000000, 1.000000)
((0.296538, 0.617419, 0.728601, -0.145790), (-0.108115, 0.779714, -0.616731, 0.063939), (-0.948882, 0.104111, 0.297967, 0.147139), (0.000000, 0.000000, 0.000000, 1.000000)
((0.298628, 0.615467, 0.729398, -0.145493), (-0.110017, 0.781378, -0.614284, 0.064358), (-0.948007, 0.103196, 0.301053, 0.147115), (0.000000, 0.000000, 0.000000, 1.000000)
((0.300663, 0.615719, 0.728349, -0.144964), (-0.112239, 0.781221, -0.614082, 0.065111), (-0.947103, 0.102883, 0.303992, 0.147070), (0.000000, 0.000000, 0.000000, 1.000000)
((0.304440, 0.611165, 0.730612, -0.143785), (-0.119023, 0.785418, -0.607414, 0.066806), (-0.945066, 0.097962, 0.311855, 0.146963), (0.000000, 0.000000, 0.000000, 1.000000)
((0.304537, 0.611108, 0.730619, -0.143287), (-0.118769, 0.785430, -0.607448, 0.067527), (-0.945067, 0.098215, 0.311773, 0.146916), (0.000000, 0.000000, 0.000000, 1.000000)
((0.308838, 0.609121, 0.730473, -0.142964), (-0.122779, 0.787124, -0.604451, 0.068002), (-0.943157, 0.096991, 0.317881, 0.146882), (0.000000, 0.000000, 0.000000, 1.000000)
((0.305920, 0.611076, 0.730068, -0.142638), (-0.123603, 0.785834, -0.605960, 0.068482), (-0.944000, 0.095137, 0.315933, 0.146849), (0.000000, 0.000000, 0.000000, 1.000000)
((0.308219, 0.608811, 0.730993, -0.142299), (-0.125627, 0.787721, -0.603087, 0.068987), (-0.942984, 0.094050, 0.319274, 0.146812), (0.000000, 0.000000, 0.000000, 1.000000)
((0.314867, 0.602266, 0.733577, -0.140903), (-0.130903, 0.793059, -0.594914, 0.071074), (-0.940066, 0.091291, 0.328546, 0.146653), (0.000000, 0.000000, 0.000000, 1.000000)
((0.318269, 0.597973, 0.735617, -0.139902), (-0.137109, 0.796844, -0.588423, 0.072584), (-0.938033, 0.086417, 0.335598, 0.146531), (0.000000, 0.000000, 0.000000, 1.000000)
((0.320702, 0.595449, 0.736608, -0.139236), (-0.139072, 0.798858, -0.585222, 0.073589), (-0.936915, 0.085240, 0.339006, 0.146450), (0.000000, 0.000000, 0.000000, 1.000000)
((0.322958, 0.595332, 0.735716, -0.138565), (-0.141111, 0.798974, -0.584576, 0.074602), (-0.935834, 0.084976, 0.342043, 0.146366), (0.000000, 0.000000, 0.000000, 1.000000)
((0.325333, 0.592857, 0.736667, -0.137895), (-0.142868, 0.800922, -0.581474, 0.075613), (-0.934745, 0.083927, 0.345267, 0.146281), (0.000000, 0.000000, 0.000000, 1.000000)
((0.327494, 0.590616, 0.737510, -0.137267), (-0.144481, 0.802678, -0.578647, 0.076563), (-0.933741, 0.082947, 0.348205, 0.146202), (0.000000, 0.000000, 0.000000, 1.000000)
((0.326861, 0.590374, 0.737984, -0.136862), (-0.147317, 0.803159, -0.577264, 0.077175), (-0.933520, 0.079968, 0.349493, 0.146151), (0.000000, 0.000000, 0.000000, 1.000000)
((0.326861, 0.590374, 0.737984, -0.136857), (-0.147317, 0.803159, -0.577264, 0.077183), (-0.933520, 0.079968, 0.349493, 0.146150), (0.000000, 0.000000, 0.000000, 1.000000)
((0.331187, 0.585727, 0.739756, -0.135651), (-0.151185, 0.806812, -0.571136, 0.079000), (-0.931374, 0.077313, 0.355759, 0.145991), (0.000000, 0.000000, 0.000000, 1.000000)
((0.335678, 0.583093, 0.739812, -0.134656), (-0.154965, 0.808866, -0.567206, 0.080488), (-0.929143, 0.075753, 0.361877, 0.145856), (0.000000, 0.000000, 0.000000, 1.000000)
((0.337732, 0.580836, 0.740653, -0.134272), (-0.156815, 0.810614, -0.564194, 0.081062), (-0.928087, 0.074401, 0.364854, 0.145805), (0.000000, 0.000000, 0.000000, 1.000000)
((0.337829, 0.580766, 0.740663, -0.134027), (-0.156565, 0.810640, -0.564225, 0.081427), (-0.928094, 0.074650, 0.364785, 0.145771), (0.000000, 0.000000, 0.000000, 1.000000)
((0.339769, 0.578686, 0.741404, -0.133357), (-0.158021, 0.812220, -0.561541, 0.082424), (-0.927139, 0.073637, 0.367411, 0.145680), (0.000000, 0.000000, 0.000000, 1.000000)
((0.342024, 0.576132, 0.742355, -0.133091), (-0.160012, 0.814169, -0.558144, 0.082818), (-0.925967, 0.072113, 0.370654, 0.145643), (0.000000, 0.000000, 0.000000, 1.000000)
((0.339338, 0.578224, 0.741961, -0.132095), (-0.160988, 0.812824, -0.559821, 0.084297), (-0.926786, 0.070522, 0.368909, 0.145507), (0.000000, 0.000000, 0.000000, 1.000000)
((0.341590, 0.575675, 0.742909, -0.131395), (-0.162979, 0.814763, -0.556416, 0.085335), (-0.925610, 0.068988, 0.372138, 0.145410), (0.000000, 0.000000, 0.000000, 1.000000)
((0.342305, 0.577133, 0.741448, -0.129844), (-0.162902, 0.813622, -0.558105, 0.087630), (-0.925360, 0.070259, 0.372523, 0.145192), (0.000000, 0.000000, 0.000000, 1.000000)
((0.344866, 0.576535, 0.740726, -0.128654), (-0.164515, 0.814048, -0.557010, 0.089388), (-0.924123, 0.070233, 0.375586, 0.145025), (0.000000, 0.000000, 0.000000, 1.000000)
((0.345223, 0.576098, 0.740899, -0.127936), (-0.164605, 0.814363, -0.556523, 0.090449), (-0.923973, 0.070169, 0.375965, 0.144924), (0.000000, 0.000000, 0.000000, 1.000000)
((0.345527, 0.575757, 0.741023, -0.127155), (-0.164498, 0.814594, -0.556217, 0.091599), (-0.923879, 0.070291, 0.376175, 0.144813), (0.000000, 0.000000, 0.000000, 1.000000)
((0.350462, 0.570967, 0.742410, -0.126105), (-0.165495, 0.817964, -0.550950, 0.093144), (-0.921839, 0.070222, 0.381158, 0.144667), (0.000000, 0.000000, 0.000000, 1.000000)
((0.350559, 0.570894, 0.742421, -0.125612), (-0.165246, 0.817994, -0.550981, 0.093870), (-0.921847, 0.070469, 0.381093, 0.144599), (0.000000, 0.000000, 0.000000, 1.000000)
((0.350829, 0.572836, 0.740795, -0.124998), (-0.165315, 0.816538, -0.553115, 0.094772), (-0.921732, 0.071584, 0.381164, 0.144512), (0.000000, 0.000000, 0.000000, 1.000000)
((0.351131, 0.572491, 0.740919, -0.124134), (-0.165209, 0.816770, -0.552804, 0.096040), (-0.921636, 0.071700, 0.381374, 0.144389), (0.000000, 0.000000, 0.000000, 1.000000)
((0.353440, 0.569728, 0.741950, -0.123517), (-0.167371, 0.818857, -0.549054, 0.096944), (-0.920363, 0.069876, 0.384773, 0.144301), (0.000000, 0.000000, 0.000000, 1.000000)
((0.350612, 0.572113, 0.741457, -0.122760), (-0.168401, 0.817324, -0.551020, 0.098055), (-0.921256, 0.068332, 0.382908, 0.144192), (0.000000, 0.000000, 0.000000, 1.000000)
((0.350914, 0.571766, 0.741581, -0.121994), (-0.168294, 0.817556, -0.550708, 0.099180), (-0.921161, 0.068447, 0.383117, 0.144080), (0.000000, 0.000000, 0.000000, 1.000000)
((0.351216, 0.571421, 0.741705, -0.121268), (-0.168188, 0.817788, -0.550395, 0.100248), (-0.921065, 0.068562, 0.383326, 0.143974), (0.000000, 0.000000, 0.000000, 1.000000)
((0.351740, 0.573109, 0.740152, -0.120646), (-0.167947, 0.816484, -0.552401, 0.101166), (-0.920909, 0.069995, 0.383442, 0.143883), (0.000000, 0.000000, 0.000000, 1.000000)
((0.351944, 0.572836, 0.740266, -0.120035), (-0.168091, 0.816687, -0.552058, 0.102068), (-0.920804, 0.069861, 0.383717, 0.143794), (0.000000, 0.000000, 0.000000, 1.000000)
((0.354202, 0.570163, 0.741252, -0.119597), (-0.170049, 0.818694, -0.548474, 0.102714), (-0.919578, 0.068221, 0.386938, 0.143728), (0.000000, 0.000000, 0.000000, 1.000000)
((0.354255, 0.570065, 0.741303, -0.119255), (-0.170245, 0.818778, -0.548287, 0.103219), (-0.919522, 0.068030, 0.387107, 0.143676), (0.000000, 0.000000, 0.000000, 1.000000)
((0.354406, 0.569889, 0.741366, -0.118732), (-0.170192, 0.818896, -0.548127, 0.103998), (-0.919473, 0.068085, 0.387212, 0.143598), (0.000000, 0.000000, 0.000000, 1.000000)
((0.354406, 0.569889, 0.741366, -0.118721), (-0.170192, 0.818896, -0.548127, 0.104013), (-0.919473, 0.068085, 0.387212, 0.143596), (0.000000, 0.000000, 0.000000, 1.000000)
((0.359261, 0.564029, 0.743507, -0.116678), (-0.174194, 0.823224, -0.540332, 0.107104), (-0.916836, 0.064606, 0.394003, 0.143292), (0.000000, 0.000000, 0.000000, 1.000000)
((0.359368, 0.563827, 0.743609, -0.116083), (-0.174586, 0.823393, -0.539948, 0.108005), (-0.916719, 0.064217, 0.394338, 0.143203), (0.000000, 0.000000, 0.000000, 1.000000)
((0.359368, 0.563827, 0.743609, -0.116076), (-0.174586, 0.823393, -0.539948, 0.108015), (-0.916719, 0.064217, 0.394338, 0.143202), (0.000000, 0.000000, 0.000000, 1.000000)
((0.359924, 0.563092, 0.743897, -0.114856), (-0.174820, 0.823914, -0.539077, 0.109874), (-0.916457, 0.063979, 0.394986, 0.143026), (0.000000, 0.000000, 0.000000, 1.000000)
((0.360330, 0.562534, 0.744122, -0.114127), (-0.175107, 0.824318, -0.538366, 0.111002), (-0.916242, 0.063688, 0.395530, 0.142923), (0.000000, 0.000000, 0.000000, 1.000000)
((0.355794, 0.569368, 0.741101, -0.112710), (-0.173925, 0.819478, -0.546083, 0.113199), (-0.918238, 0.065397, 0.390592, 0.142727), (0.000000, 0.000000, 0.000000, 1.000000)
((0.356147, 0.568916, 0.741279, -0.111573), (-0.174016, 0.819798, -0.545572, 0.114974), (-0.918084, 0.065310, 0.390969, 0.142572), (0.000000, 0.000000, 0.000000, 1.000000)
((0.356147, 0.568916, 0.741279, -0.111561), (-0.174016, 0.819798, -0.545572, 0.114993), (-0.918084, 0.065310, 0.390969, 0.142570), (0.000000, 0.000000, 0.000000, 1.000000)
((0.359335, 0.565886, 0.742059, -0.109517), (-0.173720, 0.821832, -0.542598, 0.118233), (-0.916897, 0.066064, 0.393619, 0.142302), (0.000000, 0.000000, 0.000000, 1.000000)
((0.359621, 0.567803, 0.740454, -0.108546), (-0.173767, 0.820414, -0.544725, 0.119771), (-0.916776, 0.067228, 0.393704, 0.142174), (0.000000, 0.000000, 0.000000, 1.000000)
((0.359621, 0.567803, 0.740454, -0.108527), (-0.173767, 0.820414, -0.544725, 0.119802), (-0.916776, 0.067228, 0.393704, 0.142172), (0.000000, 0.000000, 0.000000, 1.000000)
((0.358358, 0.571418, 0.738282, -0.105408), (-0.172701, 0.817731, -0.549082, 0.124830), (-0.917471, 0.069266, 0.391725, 0.141772), (0.000000, 0.000000, 0.000000, 1.000000)
((0.359021, 0.570482, 0.738684, -0.103826), (-0.173328, 0.818436, -0.547832, 0.127404), (-0.917094, 0.068649, 0.392716, 0.141570), (0.000000, 0.000000, 0.000000, 1.000000)
((0.359654, 0.571945, 0.737244, -0.102888), (-0.173473, 0.817324, -0.549444, 0.128937), (-0.916819, 0.069718, 0.393171, 0.141453), (0.000000, 0.000000, 0.000000, 1.000000)
((0.360007, 0.571488, 0.737426, -0.102223), (-0.173563, 0.817651, -0.548928, 0.130025), (-0.916663, 0.069628, 0.393549, 0.141369), (0.000000, 0.000000, 0.000000, 1.000000)
((0.360563, 0.570750, 0.737725, -0.101363), (-0.173798, 0.818186, -0.548056, 0.131434), (-0.916400, 0.069394, 0.394203, 0.141261), (0.000000, 0.000000, 0.000000, 1.000000)
((0.361442, 0.571952, 0.736363, -0.099964), (-0.173641, 0.817230, -0.549531, 0.133733), (-0.916083, 0.070761, 0.394695, 0.141094), (0.000000, 0.000000, 0.000000, 1.000000)
((0.362471, 0.572969, 0.735066, -0.098091), (-0.173431, 0.816393, -0.550840, 0.136819), (-0.915716, 0.072180, 0.395289, 0.140875), (0.000000, 0.000000, 0.000000, 1.000000)
((0.362928, 0.572305, 0.735358, -0.097318), (-0.173915, 0.816901, -0.549933, 0.138095), (-0.915443, 0.071696, 0.396009, 0.140786), (0.000000, 0.000000, 0.000000, 1.000000)
((0.366025, 0.571705, 0.734288, -0.096573), (-0.172943, 0.817087, -0.549963, 0.139330), (-0.914394, 0.074310, 0.397947, 0.140699), (0.000000, 0.000000, 0.000000, 1.000000)
((0.366280, 0.571319, 0.734462, -0.095860), (-0.173283, 0.817388, -0.549408, 0.140514), (-0.914228, 0.073967, 0.398393, 0.140616), (0.000000, 0.000000, 0.000000, 1.000000)
((0.366280, 0.571319, 0.734462, -0.095840), (-0.173283, 0.817388, -0.549408, 0.140548), (-0.914228, 0.073967, 0.398393, 0.140614), (0.000000, 0.000000, 0.000000, 1.000000)
((0.367059, 0.572578, 0.733091, -0.094371), (-0.173375, 0.816404, -0.550840, 0.143015), (-0.913898, 0.075091, 0.398939, 0.140447), (0.000000, 0.000000, 0.000000, 1.000000)
((0.367919, 0.571335, 0.733629, -0.092779), (-0.174146, 0.817346, -0.549197, 0.145726), (-0.913405, 0.074302, 0.400213, 0.140268), (0.000000, 0.000000, 0.000000, 1.000000)
((0.368398, 0.572954, 0.732125, -0.091393), (-0.174343, 0.816118, -0.550959, 0.148119), (-0.913174, 0.075331, 0.400547, 0.140116), (0.000000, 0.000000, 0.000000, 1.000000)
((0.368599, 0.572669, 0.732246, -0.090840), (-0.174487, 0.816332, -0.550597, 0.149082), (-0.913066, 0.075182, 0.400822, 0.140060), (0.000000, 0.000000, 0.000000, 1.000000)
((0.371793, 0.571799, 0.731311, -0.090113), (-0.173906, 0.816737, -0.550179, 0.150346), (-0.911881, 0.077373, 0.403096, 0.139986), (0.000000, 0.000000, 0.000000, 1.000000)
((0.371994, 0.571511, 0.731434, -0.089495), (-0.174050, 0.816953, -0.549813, 0.151432), (-0.911771, 0.077221, 0.403373, 0.139929), (0.000000, 0.000000, 0.000000, 1.000000)
((0.372098, 0.571304, 0.731543, -0.088951), (-0.174443, 0.817135, -0.549418, 0.152386), (-0.911654, 0.076825, 0.403714, 0.139879), (0.000000, 0.000000, 0.000000, 1.000000)
((0.372202, 0.571097, 0.731651, -0.088265), (-0.174835, 0.817317, -0.549023, 0.153594), (-0.911536, 0.076429, 0.404055, 0.139821), (0.000000, 0.000000, 0.000000, 1.000000)
((0.375339, 0.570292, 0.730676, -0.087419), (-0.174056, 0.817654, -0.548767, 0.155082), (-0.910398, 0.078795, 0.406160, 0.139749), (0.000000, 0.000000, 0.000000, 1.000000)
((0.375592, 0.569897, 0.730855, -0.086431), (-0.174396, 0.817964, -0.548198, 0.156826), (-0.910229, 0.078441, 0.406608, 0.139674), (0.000000, 0.000000, 0.000000, 1.000000)
((0.379028, 0.568552, 0.730128, -0.085226), (-0.174152, 0.818726, -0.547137, 0.158953), (-0.908850, 0.080227, 0.409335, 0.139581), (0.000000, 0.000000, 0.000000, 1.000000)
((0.377455, 0.572708, 0.727690, -0.084186), (-0.172830, 0.815579, -0.552232, 0.160794), (-0.909757, 0.082676, 0.406826, 0.139512), (0.000000, 0.000000, 0.000000, 1.000000)
((0.378229, 0.573807, 0.726422, -0.082396), (-0.173571, 0.814758, -0.553211, 0.163974), (-0.909294, 0.083155, 0.407761, 0.139397), (0.000000, 0.000000, 0.000000, 1.000000)
((0.380539, 0.570709, 0.727655, -0.081410), (-0.176061, 0.817173, -0.548845, 0.165727), (-0.907850, 0.080745, 0.411446, 0.139334), (0.000000, 0.000000, 0.000000, 1.000000)
((0.380539, 0.570709, 0.727655, -0.081206), (-0.176061, 0.817173, -0.548845, 0.166091), (-0.907850, 0.080745, 0.411446, 0.139322), (0.000000, 0.000000, 0.000000, 1.000000)
((0.385426, 0.567443, 0.727637, -0.080378), (-0.177522, 0.819430, -0.544995, 0.167567), (-0.905501, 0.080884, 0.416563, 0.139273), (0.000000, 0.000000, 0.000000, 1.000000)
((0.385528, 0.567230, 0.727748, -0.079821), (-0.177913, 0.819618, -0.544586, 0.168561), (-0.905381, 0.080477, 0.416903, 0.139243), (0.000000, 0.000000, 0.000000, 1.000000)
((0.386456, 0.568102, 0.726575, -0.078128), (-0.178586, 0.818962, -0.545351, 0.171580), (-0.904853, 0.080998, 0.417948, 0.139152), (0.000000, 0.000000, 0.000000, 1.000000)
((0.384057, 0.573056, 0.723952, -0.075190), (-0.176866, 0.815225, -0.551477, 0.176810), (-0.906211, 0.083756, 0.414447, 0.138996), (0.000000, 0.000000, 0.000000, 1.000000)
((0.384462, 0.572333, 0.724309, -0.073718), (-0.177793, 0.815832, -0.550280, 0.179439), (-0.905858, 0.082785, 0.415413, 0.138921), (0.000000, 0.000000, 0.000000, 1.000000)
((0.387258, 0.569623, 0.724955, -0.073224), (-0.176763, 0.817595, -0.547990, 0.180322), (-0.904868, 0.084068, 0.417309, 0.138896), (0.000000, 0.000000, 0.000000, 1.000000)
((0.387309, 0.569517, 0.725012, -0.072754), (-0.176959, 0.817690, -0.547785, 0.181167), (-0.904808, 0.083865, 0.417480, 0.138874), (0.000000, 0.000000, 0.000000, 1.000000)
((0.385759, 0.573646, 0.722579, -0.071728), (-0.175880, 0.814560, -0.552773, 0.183008), (-0.905680, 0.086150, 0.415117, 0.138825), (0.000000, 0.000000, 0.000000, 1.000000)
((0.386588, 0.573380, 0.722347, -0.070932), (-0.173762, 0.814499, -0.553533, 0.184446), (-0.905735, 0.088473, 0.414507, 0.138791), (0.000000, 0.000000, 0.000000, 1.000000)
((0.386588, 0.573380, 0.722347, -0.070907), (-0.173762, 0.814499, -0.553533, 0.184493), (-0.905735, 0.088473, 0.414507, 0.138790), (0.000000, 0.000000, 0.000000, 1.000000)
((0.387281, 0.577373, 0.718786, -0.066656), (-0.171551, 0.811140, -0.559126, 0.192343), (-0.905861, 0.093230, 0.413188, 0.138673), (0.000000, 0.000000, 0.000000, 1.000000)
((0.387281, 0.577373, 0.718786, -0.066632), (-0.171551, 0.811140, -0.559126, 0.192388), (-0.905861, 0.093230, 0.413188, 0.138672), (0.000000, 0.000000, 0.000000, 1.000000)
((0.386655, 0.577707, 0.718855, -0.064447), (-0.171934, 0.810969, -0.559256, 0.196469), (-0.906056, 0.092644, 0.412893, 0.138623), (0.000000, 0.000000, 0.000000, 1.000000)
((0.386809, 0.577386, 0.719030, -0.063748), (-0.172522, 0.811267, -0.558644, 0.197796), (-0.905878, 0.092040, 0.413417, 0.138609), (0.000000, 0.000000, 0.000000, 1.000000)
((0.387449, 0.578559, 0.717741, -0.062508), (-0.173549, 0.810408, -0.559571, 0.200183), (-0.905408, 0.092242, 0.414400, 0.138586), (0.000000, 0.000000, 0.000000, 1.000000)
((0.390395, 0.575526, 0.718583, -0.062046), (-0.173106, 0.812485, -0.556688, 0.201072), (-0.904227, 0.092937, 0.416817, 0.138578), (0.000000, 0.000000, 0.000000, 1.000000)
((0.390395, 0.575526, 0.718583, -0.062016), (-0.173106, 0.812485, -0.556688, 0.201131), (-0.904227, 0.092937, 0.416817, 0.138577), (0.000000, 0.000000, 0.000000, 1.000000)
((0.388511, 0.577918, 0.717684, -0.061091), (-0.171794, 0.810642, -0.559773, 0.202940), (-0.905288, 0.094184, 0.414226, 0.138561), (0.000000, 0.000000, 0.000000, 1.000000)
((0.388910, 0.577315, 0.717953, -0.060482), (-0.172083, 0.811109, -0.559007, 0.204148), (-0.905062, 0.093856, 0.414795, 0.138552), (0.000000, 0.000000, 0.000000, 1.000000)
((0.389491, 0.578595, 0.716607, -0.059493), (-0.172922, 0.810151, -0.560136, 0.206137), (-0.904652, 0.094251, 0.415598, 0.138540), (0.000000, 0.000000, 0.000000, 1.000000)
((0.392930, 0.574848, 0.717744, -0.058752), (-0.172521, 0.812746, -0.556489, 0.207627), (-0.903240, 0.094836, 0.418526, 0.138531), (0.000000, 0.000000, 0.000000, 1.000000)
((0.392930, 0.574848, 0.717744, -0.058739), (-0.172521, 0.812746, -0.556489, 0.207653), (-0.903240, 0.094836, 0.418526, 0.138531), (0.000000, 0.000000, 0.000000, 1.000000)
((0.389922, 0.580650, 0.714707, -0.056262), (-0.170910, 0.808288, -0.563436, 0.212689), (-0.904849, 0.097545, 0.414408, 0.138531), (0.000000, 0.000000, 0.000000, 1.000000)
((0.393132, 0.579407, 0.713957, -0.055024), (-0.170786, 0.808980, -0.562480, 0.215225), (-0.903482, 0.099195, 0.416990, 0.138540), (0.000000, 0.000000, 0.000000, 1.000000)
((0.391130, 0.582051, 0.712906, -0.054429), (-0.169103, 0.806878, -0.565997, 0.216444), (-0.904666, 0.100824, 0.414021, 0.138545), (0.000000, 0.000000, 0.000000, 1.000000)
((0.392770, 0.582876, 0.711328, -0.053382), (-0.167158, 0.805852, -0.568033, 0.218586), (-0.904317, 0.104202, 0.413947, 0.138566), (0.000000, 0.000000, 0.000000, 1.000000)
((0.391461, 0.584397, 0.710801, -0.052533), (-0.166309, 0.804658, -0.569971, 0.220311), (-0.905041, 0.104909, 0.412183, 0.138593), (0.000000, 0.000000, 0.000000, 1.000000)
((0.388824, 0.591741, 0.706158, -0.049945), (-0.165280, 0.798837, -0.578397, 0.225556), (-0.906366, 0.108181, 0.408410, 0.138693), (0.000000, 0.000000, 0.000000, 1.000000)
((0.389698, 0.591362, 0.705993, -0.049054), (-0.163623, 0.798861, -0.578833, 0.227361), (-0.906291, 0.110053, 0.408075, 0.138729), (0.000000, 0.000000, 0.000000, 1.000000)
((0.387677, 0.593856, 0.705011, -0.048399), (-0.162599, 0.796887, -0.581835, 0.228688), (-0.907341, 0.110930, 0.405495, 0.138755), (0.000000, 0.000000, 0.000000, 1.000000)
((0.391376, 0.589648, 0.706499, -0.046726), (-0.163186, 0.800044, -0.577322, 0.232089), (-0.905646, 0.110659, 0.409340, 0.138819), (0.000000, 0.000000, 0.000000, 1.000000)
((0.391376, 0.589648, 0.706499, -0.046414), (-0.163187, 0.800044, -0.577321, 0.232725), (-0.905646, 0.110658, 0.409341, 0.138830), (0.000000, 0.000000, 0.000000, 1.000000)
((0.391627, 0.589235, 0.706703, -0.045928), (-0.163528, 0.800397, -0.576735, 0.233713), (-0.905476, 0.110299, 0.409814, 0.138849), (0.000000, 0.000000, 0.000000, 1.000000)
((0.391776, 0.589041, 0.706783, -0.045795), (-0.163477, 0.800535, -0.576558, 0.233983), (-0.905421, 0.110339, 0.409925, 0.138854), (0.000000, 0.000000, 0.000000, 1.000000)
((0.392454, 0.590149, 0.705482, -0.044910), (-0.164337, 0.799667, -0.577517, 0.235776), (-0.904971, 0.110712, 0.410816, 0.138889), (0.000000, 0.000000, 0.000000, 1.000000)
((0.393103, 0.589127, 0.705974, -0.044298), (-0.164969, 0.800514, -0.576161, 0.237006), (-0.904575, 0.110027, 0.411872, 0.138915), (0.000000, 0.000000, 0.000000, 1.000000)
((0.397110, 0.586703, 0.705750, -0.042712), (-0.165041, 0.802098, -0.573934, 0.240170), (-0.902810, 0.111437, 0.415351, 0.138980), (0.000000, 0.000000, 0.000000, 1.000000)
((0.397262, 0.586373, 0.705939, -0.042000), (-0.165630, 0.802424, -0.573309, 0.241583), (-0.902635, 0.110829, 0.415893, 0.139008), (0.000000, 0.000000, 0.000000, 1.000000)
((0.395586, 0.588440, 0.705159, -0.040930), (-0.164718, 0.800796, -0.575842, 0.243690), (-0.903537, 0.111643, 0.413711, 0.139050), (0.000000, 0.000000, 0.000000, 1.000000)
((0.401625, 0.584093, 0.705360, -0.038951), (-0.164662, 0.803713, -0.571780, 0.247547), (-0.900880, 0.113495, 0.418969, 0.139128), (0.000000, 0.000000, 0.000000, 1.000000)
((0.399447, 0.587040, 0.704149, -0.038909), (-0.163077, 0.801338, -0.575555, 0.247628), (-0.902135, 0.115073, 0.415825, 0.139129), (0.000000, 0.000000, 0.000000, 1.000000)
((0.400349, 0.586574, 0.704025, -0.037744), (-0.161638, 0.801439, -0.575820, 0.249863), (-0.901994, 0.116732, 0.415668, 0.139176), (0.000000, 0.000000, 0.000000, 1.000000)
((0.400809, 0.587979, 0.702590, -0.036826), (-0.162378, 0.800335, -0.577146, 0.251601), (-0.901657, 0.117240, 0.416256, 0.139210), (0.000000, 0.000000, 0.000000, 1.000000)
((0.399474, 0.589442, 0.702124, -0.035020), (-0.162219, 0.799253, -0.578688, 0.254988), (-0.902278, 0.117273, 0.414899, 0.139274), (0.000000, 0.000000, 0.000000, 1.000000)
((0.398973, 0.592842, 0.699542, -0.032910), (-0.160069, 0.796205, -0.583468, 0.258881), (-0.902883, 0.120813, 0.412560, 0.139346), (0.000000, 0.000000, 0.000000, 1.000000)
((0.400454, 0.591612, 0.699737, -0.031723), (-0.158443, 0.796845, -0.583039, 0.261054), (-0.902515, 0.122612, 0.412836, 0.139386), (0.000000, 0.000000, 0.000000, 1.000000)
((0.400989, 0.592941, 0.698304, -0.030514), (-0.158968, 0.795746, -0.584395, 0.263259), (-0.902185, 0.123328, 0.413344, 0.139429), (0.000000, 0.000000, 0.000000, 1.000000)
((0.399643, 0.594411, 0.697826, -0.029231), (-0.158824, 0.794648, -0.585926, 0.265576), (-0.902807, 0.123330, 0.411982, 0.139470), (0.000000, 0.000000, 0.000000, 1.000000)
((0.400626, 0.593770, 0.697808, -0.028121), (-0.157805, 0.794933, -0.585815, 0.267571), (-0.902550, 0.124575, 0.412171, 0.139503), (0.000000, 0.000000, 0.000000, 1.000000)
((0.401654, 0.593157, 0.697738, -0.026655), (-0.156340, 0.795124, -0.585949, 0.270188), (-0.902348, 0.126264, 0.412099, 0.139552), (0.000000, 0.000000, 0.000000, 1.000000)
((0.400460, 0.597938, 0.694336, -0.021311), (-0.152783, 0.790712, -0.592816, 0.279597), (-0.903487, 0.131317, 0.408003, 0.139746), (0.000000, 0.000000, 0.000000, 1.000000)
((0.402220, 0.598295, 0.693009, -0.018975), (-0.152261, 0.790110, -0.593753, 0.283707), (-0.902793, 0.133301, 0.408895, 0.139848), (0.000000, 0.000000, 0.000000, 1.000000)
((0.405539, 0.594629, 0.694229, -0.017778), (-0.152113, 0.792797, -0.590198, 0.285799), (-0.901332, 0.133747, 0.411961, 0.139907), (0.000000, 0.000000, 0.000000, 1.000000)
((0.404438, 0.596853, 0.692962, -0.016180), (-0.149513, 0.790650, -0.593732, 0.288585), (-0.902262, 0.136521, 0.409006, 0.139986), (0.000000, 0.000000, 0.000000, 1.000000)
((0.404791, 0.596203, 0.693315, -0.015581), (-0.150250, 0.791272, -0.592717, 0.289630), (-0.901981, 0.135756, 0.409879, 0.140016), (0.000000, 0.000000, 0.000000, 1.000000)
((0.403157, 0.600340, 0.690693, -0.014618), (-0.149712, 0.787846, -0.597398, 0.291305), (-0.902802, 0.137440, 0.407504, 0.140062), (0.000000, 0.000000, 0.000000, 1.000000)
((0.405053, 0.598454, 0.691220, -0.012833), (-0.148610, 0.789056, -0.596075, 0.294411), (-0.902135, 0.138719, 0.408546, 0.140153), (0.000000, 0.000000, 0.000000, 1.000000)
((0.400143, 0.611939, 0.682214, -0.005636), (-0.142514, 0.776901, -0.613282, 0.306616), (-0.905304, 0.148176, 0.398081, 0.140479), (0.000000, 0.000000, 0.000000, 1.000000)
((0.399545, 0.615679, 0.679193, -0.004252), (-0.139339, 0.773079, -0.618817, 0.308860), (-0.906062, 0.152607, 0.394668, 0.140530), (0.000000, 0.000000, 0.000000, 1.000000)
((0.400323, 0.616561, 0.677934, -0.003305), (-0.140135, 0.772289, -0.619623, 0.310331), (-0.905596, 0.153047, 0.395566, 0.140562), (0.000000, 0.000000, 0.000000, 1.000000)
((0.398365, 0.619135, 0.676740, -0.003022), (-0.138525, 0.769958, -0.622876, 0.310747), (-0.906706, 0.154387, 0.392490, 0.140568), (0.000000, 0.000000, 0.000000, 1.000000)
((0.396046, 0.621087, 0.676313, -0.002517), (-0.139388, 0.768668, -0.624276, 0.311489), (-0.907589, 0.152972, 0.391000, 0.140579), (0.000000, 0.000000, 0.000000, 1.000000)
((0.396448, 0.620477, 0.676637, -0.002115), (-0.139681, 0.769218, -0.623533, 0.312041), (-0.907369, 0.152685, 0.391624, 0.140585), (0.000000, 0.000000, 0.000000, 1.000000)
((0.395265, 0.624883, 0.673266, -0.001125), (-0.136964, 0.764852, -0.629478, 0.313315), (-0.908299, 0.156597, 0.387906, 0.140591), (0.000000, 0.000000, 0.000000, 1.000000)
((0.393906, 0.626365, 0.672685, -0.000178), (-0.136443, 0.763594, -0.631116, 0.314452), (-0.908967, 0.156817, 0.386247, 0.140589), (0.000000, 0.000000, 0.000000, 1.000000)
((0.394199, 0.626121, 0.672741, -0.000057), (-0.135694, 0.763646, -0.631215, 0.314587), (-0.908952, 0.157537, 0.385989, 0.140588), (0.000000, 0.000000, 0.000000, 1.000000)
((0.388064, 0.636060, 0.666959, 0.000329), (-0.130537, 0.754309, -0.643411, 0.314865), (-0.912341, 0.162622, 0.375750, 0.140561), (0.000000, 0.000000, 0.000000, 1.000000)
((0.385813, 0.640928, 0.663596, 0.000746), (-0.129061, 0.749708, -0.649062, 0.315156), (-0.913505, 0.164772, 0.371966, 0.140531), (0.000000, 0.000000, 0.000000, 1.000000)
((0.385964, 0.640742, 0.663688, 0.000833), (-0.129009, 0.749853, -0.648904, 0.315214), (-0.913449, 0.164832, 0.372078, 0.140524), (0.000000, 0.000000, 0.000000, 1.000000)
((0.381774, 0.645894, 0.661112, 0.001676), (-0.125664, 0.744923, -0.655208, 0.315761), (-0.915673, 0.167063, 0.365558, 0.140455), (0.000000, 0.000000, 0.000000, 1.000000)
((0.382075, 0.645529, 0.661295, 0.001965), (-0.125559, 0.745212, -0.654900, 0.315940), (-0.915562, 0.167189, 0.365779, 0.140430), (0.000000, 0.000000, 0.000000, 1.000000)
((0.380152, 0.649860, 0.658154, 0.002793), (-0.124205, 0.740999, -0.659919, 0.316455), (-0.916547, 0.169124, 0.362408, 0.140359), (0.000000, 0.000000, 0.000000, 1.000000)
((0.382606, 0.646907, 0.659639, 0.002950), (-0.125643, 0.743762, -0.656530, 0.316550), (-0.915329, 0.168313, 0.365847, 0.140345), (0.000000, 0.000000, 0.000000, 1.000000)
((0.379505, 0.655678, 0.652735, 0.005145), (-0.120391, 0.734514, -0.667829, 0.317823), (-0.917323, 0.174861, 0.357689, 0.140147), (0.000000, 0.000000, 0.000000, 1.000000)
((0.383108, 0.653242, 0.653072, 0.007233), (-0.122355, 0.736673, -0.665088, 0.318987), (-0.915564, 0.174894, 0.362153, 0.139963), (0.000000, 0.000000, 0.000000, 1.000000)
((0.384650, 0.654199, 0.651205, 0.008967), (-0.120893, 0.735110, -0.667082, 0.319918), (-0.915112, 0.177867, 0.361848, 0.139817), (0.000000, 0.000000, 0.000000, 1.000000)
((0.383201, 0.660502, 0.645673, 0.012993), (-0.117364, 0.728186, -0.675256, 0.321954), (-0.916178, 0.182980, 0.356561, 0.139521), (0.000000, 0.000000, 0.000000, 1.000000)
((0.379833, 0.667815, 0.640117, 0.018040), (-0.115252, 0.720749, -0.683548, 0.324392), (-0.917848, 0.185859, 0.350731, 0.139219), (0.000000, 0.000000, 0.000000, 1.000000)
((0.380993, 0.670604, 0.636502, 0.022255), (-0.114731, 0.717394, -0.687155, 0.326406), (-0.917432, 0.188775, 0.350261, 0.138984), (0.000000, 0.000000, 0.000000, 1.000000)
((0.374567, 0.679531, 0.630822, 0.026113), (-0.110116, 0.708139, -0.697434, 0.328201), (-0.920638, 0.191772, 0.340073, 0.138807), (0.000000, 0.000000, 0.000000, 1.000000)
((0.377959, 0.680051, 0.628234, 0.030220), (-0.109646, 0.706673, -0.698993, 0.330076), (-0.919307, 0.195307, 0.341658, 0.138648), (0.000000, 0.000000, 0.000000, 1.000000)
((0.379297, 0.680190, 0.627276, 0.031992), (-0.110658, 0.706416, -0.699094, 0.330869), (-0.918634, 0.195751, 0.343210, 0.138589), (0.000000, 0.000000, 0.000000, 1.000000)
((0.376667, 0.685763, 0.622777, 0.034445), (-0.106844, 0.699967, -0.706138, 0.331942), (-0.920167, 0.199439, 0.336924, 0.138520), (0.000000, 0.000000, 0.000000, 1.000000)
((0.381478, 0.682860, 0.623038, 0.036901), (-0.107114, 0.702123, -0.703953, 0.333005), (-0.918151, 0.201806, 0.340988, 0.138455), (0.000000, 0.000000, 0.000000, 1.000000)
((0.381886, 0.682291, 0.623411, 0.037303), (-0.107408, 0.702728, -0.703304, 0.333178), (-0.917947, 0.201623, 0.341646, 0.138445), (0.000000, 0.000000, 0.000000, 1.000000)
((0.377208, 0.689003, 0.618861, 0.040720), (-0.105016, 0.695735, -0.710580, 0.334643), (-0.920155, 0.203046, 0.334793, 0.138365), (0.000000, 0.000000, 0.000000, 1.000000)
((0.381787, 0.687737, 0.617460, 0.046141), (-0.105822, 0.696199, -0.710006, 0.336993), (-0.918172, 0.205730, 0.338577, 0.138239), (0.000000, 0.000000, 0.000000, 1.000000)
((0.384396, 0.689581, 0.613773, 0.051804), (-0.103441, 0.692842, -0.713632, 0.339473), (-0.917355, 0.210828, 0.337656, 0.138123), (0.000000, 0.000000, 0.000000, 1.000000)
((0.388112, 0.689840, 0.611138, 0.058926), (-0.101865, 0.691165, -0.715482, 0.342647), (-0.915965, 0.215434, 0.338520, 0.138010), (0.000000, 0.000000, 0.000000, 1.000000)
((0.389673, 0.688767, 0.611355, 0.060455), (-0.100489, 0.691665, -0.715194, 0.343332), (-0.915454, 0.217257, 0.338737, 0.137988), (0.000000, 0.000000, 0.000000, 1.000000)
((0.390699, 0.689733, 0.609609, 0.064532), (-0.099394, 0.689983, -0.716969, 0.345209), (-0.915137, 0.219527, 0.338131, 0.137959), (0.000000, 0.000000, 0.000000, 1.000000)
</SampleFrames>
<SampleWeights Num="180">0.00541237
0.00669875
0.00669882
0.0152962
0.0232161
0.0396925
0.0438128
0.0463308
0.0550309
0.0567863
0.0645566
0.0752039
0.0781728
0.0912763
0.0968059
0.103782
0.107414
0.111004
0.126467
0.149591
0.152752
0.155958
0.160229
0.171266
0.176227
0.176227
0.188716
0.196422
0.204271
0.207739
0.226588
0.226257
0.233329
0.234343
0.237385
0.244791
0.242325
0.244619
0.256789
0.263151
0.26319
0.266775
0.266985
0.27291
0.278854
0.277291
0.278022
0.278409
0.280316
0.280956
0.283864
0.283863
0.291765
0.292461
0.29246
0.290305
0.285183
0.292823
0.301337
0.301336
0.313152
0.320004
0.320002
0.334664
0.33346
0.328146
0.326277
0.319848
0.315799
0.315293
0.309372
0.310424
0.314282
0.31428
0.310623
0.305175
0.312283
0.313484
0.311813
0.314211
0.317324
0.322961
0.326585
0.332659
0.329759
0.327057
0.329503
0.338663
0.346943
0.358764
0.361389
0.360369
0.340769
0.349808
0.357913
0.361653
0.360421
0.365861
0.365857
0.357533
0.357529
0.338869
0.344506
0.343047
0.34588
0.345873
0.349419
0.343904
0.334379
0.32863
0.328628
0.31879
0.324227
0.325133
0.304741
0.287588
0.267395
0.273361
0.278152
0.274436
0.277522
0.2761
0.272013
0.262233
0.250248
0.230993
0.231818
0.235881
0.252758
0.253531
0.26313
0.261793
0.262985
0.255275
0.250694
0.241838
0.243784
0.254806
0.265031
0.289956
0.282085
0.284281
0.301816
0.30268
0.291037
0.277297
0.228146
0.206214
0.191443
0.185544
0.176957
0.173678
0.173283
0.168596
0.156756
0.147501
0.148292
0.147369
0.1581
0.157305
0.158983
0.163619
0.176368
0.204222
0.211391
0.220713
0.22162
0.216268
0.211584
0.210078
0.219398
0.207021
0.203162
0.205344
0.190405
0.184579
0.171092
0.165144
0.170271
0.174804
</SampleWeights>
</PointSplatMark>
