<PointSplatMark HeadPosAtStart="(0.767083, -0.101132, 1.86366)" BrushTip="0" BrushInterface="ForceTapeDraw" SuperSamplesPerWidth="20" Draw="0" Width="0.022" Pose="1" LayerIndex="0" Name="shoulderblade" RoomToVirtualScaleAtStart="0.834423" RoomToVirtualFrameAtStart="((0.871447, 0.236382, 0.429772, 0.052837), (-0.171974, 0.967838, -0.183618, 0.048914), (-0.459353, 0.086103, 0.884071, 0.128213), (0.000000, 0.000000, 0.000000, 1.000000)" ColorSwatch="0.170979"><SamplePoints Num="167">(0.0770158, 0.136105, 0.139259)
(0.0771442, 0.136591, 0.139297)
(0.0772848, 0.137116, 0.139342)
(0.077609, 0.138314, 0.139448)
(0.0782269, 0.140598, 0.139649)
(0.0788477, 0.1429, 0.139848)
(0.0789907, 0.143431, 0.139894)
(0.080087, 0.147487, 0.140208)
(0.080087, 0.147487, 0.140208)
(0.0806187, 0.149409, 0.140342)
(0.0812137, 0.151515, 0.140469)
(0.0813358, 0.151948, 0.140495)
(0.0814782, 0.152438, 0.14052)
(0.0819959, 0.154219, 0.140608)
(0.0823143, 0.155286, 0.140651)
(0.0825817, 0.156182, 0.140688)
(0.0825872, 0.156201, 0.140688)
(0.0833874, 0.158816, 0.140764)
(0.0835589, 0.159372, 0.140779)
(0.0835629, 0.159385, 0.140779)
(0.0844345, 0.162248, 0.140854)
(0.0844345, 0.162248, 0.140854)
(0.0855237, 0.165848, 0.140958)
(0.0862115, 0.168137, 0.141026)
(0.0869727, 0.170681, 0.141102)
(0.0869751, 0.170689, 0.141102)
(0.0882469, 0.175068, 0.141249)
(0.0887814, 0.176939, 0.141313)
(0.0890504, 0.177917, 0.141346)
(0.0901328, 0.181922, 0.141472)
(0.0905783, 0.18374, 0.141514)
(0.091331, 0.187162, 0.141565)
(0.0915758, 0.188275, 0.141581)
(0.0915992, 0.188394, 0.141582)
(0.0918914, 0.189878, 0.141594)
(0.0919219, 0.190048, 0.141595)
(0.0922723, 0.192065, 0.141623)
(0.0922723, 0.192065, 0.141623)
(0.0924968, 0.19344, 0.141661)
(0.0927448, 0.194958, 0.141702)
(0.0937573, 0.201458, 0.141995)
(0.0937585, 0.201466, 0.141995)
(0.0942953, 0.205186, 0.142208)
(0.0947944, 0.209238, 0.142416)
(0.0950347, 0.211189, 0.142516)
(0.095199, 0.212676, 0.142578)
(0.0953787, 0.214489, 0.142638)
(0.095508, 0.215813, 0.14268)
(0.0955718, 0.216526, 0.142699)
(0.095708, 0.218156, 0.142733)
(0.0958647, 0.220031, 0.142773)
(0.0959923, 0.221765, 0.142802)
(0.0961058, 0.223306, 0.142828)
(0.0961917, 0.224658, 0.142852)
(0.0961937, 0.224695, 0.142853)
(0.0963673, 0.227965, 0.142914)
(0.096369, 0.228004, 0.142915)
(0.0964492, 0.229875, 0.142952)
(0.0964833, 0.231071, 0.142972)
(0.0965104, 0.232018, 0.142987)
(0.0965176, 0.232491, 0.142991)
(0.0965359, 0.233698, 0.143001)
(0.0965353, 0.233853, 0.143001)
(0.0965081, 0.235906, 0.142977)
(0.0965081, 0.235906, 0.142977)
(0.0963992, 0.238393, 0.142894)
(0.0963631, 0.239218, 0.142867)
(0.0962968, 0.240253, 0.14282)
(0.0962481, 0.241011, 0.142786)
(0.0962335, 0.241177, 0.142776)
(0.0958261, 0.244688, 0.142509)
(0.095802, 0.244849, 0.142495)
(0.0955113, 0.246772, 0.14233)
(0.0950883, 0.248883, 0.142131)
(0.094946, 0.249529, 0.142069)
(0.0949063, 0.249683, 0.142053)
(0.094639, 0.25072, 0.141947)
(0.0943831, 0.251573, 0.141853)
(0.0942099, 0.252151, 0.14179)
(0.0939436, 0.252929, 0.141695)
(0.0938425, 0.253224, 0.14166)
(0.0937778, 0.253391, 0.141637)
(0.0937778, 0.253391, 0.141637)
(0.0928347, 0.255572, 0.141313)
(0.0926269, 0.256053, 0.141241)
(0.0925402, 0.256232, 0.141211)
(0.0920941, 0.257153, 0.141056)
(0.0917479, 0.257793, 0.140932)
(0.0915294, 0.258196, 0.140854)
(0.0912396, 0.258679, 0.140745)
(0.0910947, 0.25892, 0.140691)
(0.0908584, 0.259271, 0.140601)
(0.0907588, 0.259419, 0.140563)
(0.0904213, 0.259867, 0.140437)
(0.0901469, 0.260231, 0.140335)
(0.0899854, 0.260423, 0.140276)
(0.0890538, 0.261423, 0.139952)
(0.0879087, 0.262591, 0.139562)
(0.0872864, 0.263147, 0.139361)
(0.0869734, 0.263427, 0.13926)
(0.0868638, 0.263519, 0.139227)
(0.0861617, 0.264107, 0.139013)
(0.0858851, 0.264331, 0.138935)
(0.0853995, 0.264724, 0.138799)
(0.0847945, 0.265206, 0.138645)
(0.0835606, 0.26618, 0.138351)
(0.0827735, 0.266798, 0.138172)
(0.0819699, 0.267429, 0.137995)
(0.0816707, 0.267659, 0.137932)
(0.0807597, 0.268347, 0.137749)
(0.0804605, 0.268573, 0.137689)
(0.0802563, 0.268722, 0.137647)
(0.079665, 0.269141, 0.137523)
(0.078815, 0.269687, 0.137322)
(0.0779694, 0.270189, 0.137101)
(0.0773567, 0.270552, 0.136942)
(0.0772161, 0.270629, 0.136902)
(0.0763329, 0.271111, 0.136654)
(0.0758069, 0.271376, 0.136498)
(0.0758069, 0.271376, 0.136498)
(0.0756953, 0.271428, 0.136464)
(0.0745323, 0.271974, 0.13611)
(0.0738176, 0.272288, 0.135889)
(0.0738176, 0.272288, 0.135889)
(0.0730939, 0.272588, 0.135668)
(0.0719578, 0.273029, 0.135324)
(0.0714348, 0.273232, 0.135166)
(0.0707568, 0.273483, 0.134965)
(0.0706882, 0.273507, 0.134946)
(0.0693264, 0.273989, 0.134553)
(0.068256, 0.274351, 0.134256)
(0.0665636, 0.274895, 0.133798)
(0.0665089, 0.274912, 0.133784)
(0.0641932, 0.275633, 0.133179)
(0.0632206, 0.275928, 0.132933)
(0.0628593, 0.276037, 0.132841)
(0.0622723, 0.276211, 0.132699)
(0.0601658, 0.276834, 0.132212)
(0.0593118, 0.277086, 0.132018)
(0.0586875, 0.277267, 0.131885)
(0.0580619, 0.277443, 0.13176)
(0.0571375, 0.277702, 0.131574)
(0.0570514, 0.277725, 0.131558)
(0.0566287, 0.277838, 0.131475)
(0.0563107, 0.277915, 0.131414)
(0.0559549, 0.278001, 0.131346)
(0.0557958, 0.278035, 0.131315)
(0.0552159, 0.278157, 0.131202)
(0.0543242, 0.278317, 0.131022)
(0.0529832, 0.278517, 0.13075)
(0.0526335, 0.278567, 0.130679)
(0.0518536, 0.278652, 0.130528)
(0.050586, 0.278738, 0.130283)
(0.049406, 0.278813, 0.130056)
(0.0477503, 0.278845, 0.129749)
(0.0469294, 0.278861, 0.129597)
(0.046661, 0.278855, 0.129549)
(0.0451588, 0.278825, 0.129279)
(0.0432392, 0.278739, 0.128959)
(0.041564, 0.278664, 0.128679)
(0.0413918, 0.278652, 0.12865)
(0.0395254, 0.278522, 0.128336)
(0.0387869, 0.278454, 0.128208)
(0.0352268, 0.278127, 0.127593)
(0.0312451, 0.277695, 0.126899)
(0.0286532, 0.277413, 0.126447)
(0.027657, 0.277292, 0.126268)
</SamplePoints>
<SampleFrames Num="167">((-0.376688, 0.709164, 0.595981, 0.077016), (-0.052296, 0.626065, -0.778015, 0.136105), (-0.924863, -0.324236, -0.198745, 0.139259), (0.000000, 0.000000, 0.000000, 1.000000)
((0.376906, 0.600468, 0.705252, 0.077144), (-0.052676, 0.774068, -0.630908, 0.136591), (-0.924752, 0.200643, 0.323381, 0.139297), (0.000000, 0.000000, 0.000000, 1.000000)
((0.379377, 0.597162, 0.706732, 0.077285), (-0.055230, 0.777089, -0.626963, 0.137116), (-0.923592, 0.198823, 0.327791, 0.139342), (0.000000, 0.000000, 0.000000, 1.000000)
((0.383722, 0.592502, 0.708306, 0.077609), (-0.057512, 0.780868, -0.622043, 0.138314), (-0.921656, 0.197956, 0.333712, 0.139448), (0.000000, 0.000000, 0.000000, 1.000000)
((0.388168, 0.588463, 0.709251, 0.078227), (-0.062498, 0.784633, -0.616802, 0.140598), (-0.919467, 0.195096, 0.341347, 0.139649), (0.000000, 0.000000, 0.000000, 1.000000)
((0.397368, 0.578592, 0.712271, 0.078848), (-0.070466, 0.793130, -0.604963, 0.142900), (-0.914950, 0.190202, 0.355935, 0.139848), (0.000000, 0.000000, 0.000000, 1.000000)
((0.399650, 0.575258, 0.713693, 0.078991), (-0.073032, 0.796080, -0.600768, 0.143431), (-0.913754, 0.187975, 0.360166, 0.139894), (0.000000, 0.000000, 0.000000, 1.000000)
((0.416948, 0.553707, 0.720807, 0.080087), (-0.091843, 0.814635, -0.572657, 0.147487), (-0.904278, 0.172567, 0.390514, 0.140208), (0.000000, 0.000000, 0.000000, 1.000000)
((0.416948, 0.553707, 0.720807, 0.080087), (-0.091843, 0.814635, -0.572657, 0.147487), (-0.904278, 0.172567, 0.390514, 0.140208), (0.000000, 0.000000, 0.000000, 1.000000)
((0.428609, 0.536840, 0.726703, 0.080619), (-0.100677, 0.827698, -0.552069, 0.149409), (-0.897863, 0.163460, 0.408806, 0.140342), (0.000000, 0.000000, 0.000000, 1.000000)
((0.435009, 0.528135, 0.729274, 0.081214), (-0.108855, 0.834827, -0.539643, 0.151515), (-0.893822, 0.155365, 0.420647, 0.140469), (0.000000, 0.000000, 0.000000, 1.000000)
((0.439315, 0.521222, 0.731662, 0.081336), (-0.112871, 0.840038, -0.530656, 0.151948), (-0.891214, 0.150542, 0.427872, 0.140495), (0.000000, 0.000000, 0.000000, 1.000000)
((0.441493, 0.517578, 0.732937, 0.081478), (-0.115187, 0.842792, -0.525770, 0.152438), (-0.889840, 0.147699, 0.431705, 0.140520), (0.000000, 0.000000, 0.000000, 1.000000)
((0.446093, 0.511707, 0.734273, 0.081996), (-0.120462, 0.847293, -0.517285, 0.154219), (-0.886843, 0.142305, 0.439613, 0.140608), (0.000000, 0.000000, 0.000000, 1.000000)
((0.450343, 0.506396, 0.735360, 0.082314), (-0.125351, 0.851306, -0.509475, 0.155286), (-0.884013, 0.137260, 0.446857, 0.140651), (0.000000, 0.000000, 0.000000, 1.000000)
((0.454488, 0.499206, 0.737722, 0.082582), (-0.129762, 0.856471, -0.499619, 0.156182), (-0.881251, 0.131343, 0.454034, 0.140688), (0.000000, 0.000000, 0.000000, 1.000000)
((0.454488, 0.499206, 0.737722, 0.082587), (-0.129762, 0.856471, -0.499619, 0.156201), (-0.881251, 0.131343, 0.454034, 0.140688), (0.000000, 0.000000, 0.000000, 1.000000)
((0.457426, 0.496611, 0.737658, 0.083387), (-0.131983, 0.858258, -0.495958, 0.158816), (-0.879399, 0.129506, 0.458134, 0.140764), (0.000000, 0.000000, 0.000000, 1.000000)
((0.460251, 0.492807, 0.738451, 0.083559), (-0.132078, 0.860539, -0.491963, 0.159372), (-0.877909, 0.128893, 0.461153, 0.140779), (0.000000, 0.000000, 0.000000, 1.000000)
((0.460251, 0.492807, 0.738451, 0.083563), (-0.132078, 0.860539, -0.491963, 0.159385), (-0.877909, 0.128893, 0.461153, 0.140779), (0.000000, 0.000000, 0.000000, 1.000000)
((0.468405, 0.480142, 0.741660, 0.084434), (-0.140865, 0.869291, -0.473804, 0.162248), (-0.872212, 0.117458, 0.474816, 0.140854), (0.000000, 0.000000, 0.000000, 1.000000)
((0.468405, 0.480142, 0.741660, 0.084434), (-0.140865, 0.869291, -0.473804, 0.162248), (-0.872212, 0.117458, 0.474816, 0.140854), (0.000000, 0.000000, 0.000000, 1.000000)
((0.470044, 0.480226, 0.740568, 0.085524), (-0.140676, 0.869070, -0.474265, 0.165848), (-0.871360, 0.118745, 0.476058, 0.140958), (0.000000, 0.000000, 0.000000, 1.000000)
((0.472692, 0.475917, 0.741664, 0.086211), (-0.142469, 0.871826, -0.468639, 0.168137), (-0.869635, 0.115858, 0.479908, 0.141026), (0.000000, 0.000000, 0.000000, 1.000000)
((0.473706, 0.474517, 0.741914, 0.086973), (-0.142536, 0.872632, -0.467115, 0.170681), (-0.869072, 0.115526, 0.481007, 0.141102), (0.000000, 0.000000, 0.000000, 1.000000)
((0.473706, 0.474517, 0.741914, 0.086975), (-0.142536, 0.872632, -0.467115, 0.170689), (-0.869072, 0.115526, 0.481007, 0.141102), (0.000000, 0.000000, 0.000000, 1.000000)
((0.476706, 0.468679, 0.743701, 0.088247), (-0.146767, 0.876575, -0.458340, 0.175068), (-0.866724, 0.109342, 0.486655, 0.141249), (0.000000, 0.000000, 0.000000, 1.000000)
((0.477566, 0.467528, 0.743874, 0.088781), (-0.146863, 0.877229, -0.457057, 0.176939), (-0.866234, 0.109027, 0.487598, 0.141313), (0.000000, 0.000000, 0.000000, 1.000000)
((0.477653, 0.467010, 0.744143, 0.089050), (-0.147893, 0.877669, -0.455879, 0.177917), (-0.866011, 0.107698, 0.488289, 0.141346), (0.000000, 0.000000, 0.000000, 1.000000)
((0.484938, 0.455478, 0.746576, 0.090133), (-0.154948, 0.884912, -0.439229, 0.181922), (-0.860713, 0.097318, 0.499703, 0.141472), (0.000000, 0.000000, 0.000000, 1.000000)
((0.484234, 0.453341, 0.748331, 0.090578), (-0.157713, 0.886512, -0.434997, 0.183740), (-0.860607, 0.092619, 0.500777, 0.141514), (0.000000, 0.000000, 0.000000, 1.000000)
((0.489952, 0.445627, 0.749242, 0.091331), (-0.160979, 0.890938, -0.424635, 0.187162), (-0.856757, 0.087438, 0.508254, 0.141565), (0.000000, 0.000000, 0.000000, 1.000000)
((0.496879, 0.431402, 0.752996, 0.091576), (-0.164650, 0.898791, -0.406283, 0.188275), (-0.852057, 0.077892, 0.517620, 0.141581), (0.000000, 0.000000, 0.000000, 1.000000)
((0.496879, 0.431402, 0.752996, 0.091599), (-0.164650, 0.898791, -0.406283, 0.188394), (-0.852057, 0.077892, 0.517620, 0.141582), (0.000000, 0.000000, 0.000000, 1.000000)
((0.501130, 0.422976, 0.754957, 0.091891), (-0.168669, 0.903417, -0.394193, 0.189878), (-0.848775, 0.070204, 0.524073, 0.141594), (0.000000, 0.000000, 0.000000, 1.000000)
((0.501130, 0.422976, 0.754957, 0.091922), (-0.168669, 0.903417, -0.394193, 0.190048), (-0.848775, 0.070204, 0.524073, 0.141595), (0.000000, 0.000000, 0.000000, 1.000000)
((0.509760, 0.406281, 0.758341, 0.092272), (-0.175857, 0.912063, -0.370426, 0.192065), (-0.842152, 0.055469, 0.536380, 0.141623), (0.000000, 0.000000, 0.000000, 1.000000)
((0.509760, 0.406281, 0.758341, 0.092272), (-0.175857, 0.912063, -0.370426, 0.192065), (-0.842152, 0.055469, 0.536380, 0.141623), (0.000000, 0.000000, 0.000000, 1.000000)
((0.512556, 0.401349, 0.759082, 0.092497), (-0.176927, 0.914432, -0.364020, 0.193440), (-0.840228, 0.052279, 0.539707, 0.141661), (0.000000, 0.000000, 0.000000, 1.000000)
((0.512938, 0.400124, 0.759470, 0.092745), (-0.178303, 0.915090, -0.361688, 0.194958), (-0.839704, 0.050108, 0.540728, 0.141702), (0.000000, 0.000000, 0.000000, 1.000000)
((0.526770, 0.373021, 0.763786, 0.093757), (-0.188824, 0.927464, -0.322731, 0.201458), (-0.828770, 0.025784, 0.558995, 0.141995), (0.000000, 0.000000, 0.000000, 1.000000)
((0.526770, 0.373021, 0.763786, 0.093759), (-0.188824, 0.927464, -0.322731, 0.201466), (-0.828770, 0.025784, 0.558995, 0.141995), (0.000000, 0.000000, 0.000000, 1.000000)
((0.533976, 0.360774, 0.764664, 0.094295), (-0.193324, 0.932532, -0.304975, 0.205186), (-0.823101, 0.015021, 0.567696, 0.142208), (0.000000, 0.000000, 0.000000, 1.000000)
((0.534615, 0.359214, 0.764953, 0.094794), (-0.195285, 0.933179, -0.301729, 0.209238), (-0.822223, 0.011925, 0.569040, 0.142416), (0.000000, 0.000000, 0.000000, 1.000000)
((0.539343, 0.349484, 0.766140, 0.095035), (-0.198901, 0.936939, -0.287375, 0.211189), (-0.818259, 0.002608, 0.574844, 0.142516), (0.000000, 0.000000, 0.000000, 1.000000)
((0.541343, 0.344821, 0.766842, 0.095199), (-0.201682, 0.938663, -0.279708, 0.212676), (-0.816255, -0.003240, 0.577683, 0.142578), (0.000000, 0.000000, 0.000000, 1.000000)
((0.542361, 0.341020, 0.767822, 0.095379), (-0.206872, 0.939984, -0.271357, 0.214489), (-0.814278, -0.011667, 0.580358, 0.142638), (0.000000, 0.000000, 0.000000, 1.000000)
((0.544812, 0.338045, 0.767402, 0.095508), (-0.208086, 0.941021, -0.266796, 0.215813), (-0.812330, -0.014332, 0.583022, 0.142680), (0.000000, 0.000000, 0.000000, 1.000000)
((0.544841, 0.337785, 0.767496, 0.095572), (-0.208693, 0.941100, -0.266041, 0.216526), (-0.812155, -0.015221, 0.583243, 0.142699), (0.000000, 0.000000, 0.000000, 1.000000)
((0.552145, 0.321546, 0.769249, 0.095708), (-0.216161, 0.946300, -0.240399, 0.218156), (-0.805239, -0.033547, 0.592000, 0.142733), (0.000000, 0.000000, 0.000000, 1.000000)
((0.552076, 0.321172, 0.769455, 0.095865), (-0.217801, 0.946344, -0.238736, 0.220031), (-0.804845, -0.035787, 0.592405, 0.142773), (0.000000, 0.000000, 0.000000, 1.000000)
((0.557241, 0.311424, 0.769739, 0.095992), (-0.218620, 0.949322, -0.225815, 0.221765), (-0.801054, -0.042447, 0.597085, 0.142802), (0.000000, 0.000000, 0.000000, 1.000000)
((0.559182, 0.306775, 0.770198, 0.096106), (-0.221361, 0.950538, -0.217892, 0.223306), (-0.798946, -0.048651, 0.599432, 0.142828), (0.000000, 0.000000, 0.000000, 1.000000)
((0.562796, 0.299858, 0.770290, 0.096192), (-0.226164, 0.952182, -0.205423, 0.224658), (-0.795054, -0.058601, 0.603701, 0.142852), (0.000000, 0.000000, 0.000000, 1.000000)
((0.562796, 0.299858, 0.770290, 0.096194), (-0.226164, 0.952182, -0.205423, 0.224695), (-0.795054, -0.058601, 0.603701, 0.142853), (0.000000, 0.000000, 0.000000, 1.000000)
((0.574612, 0.274372, 0.771065, 0.096367), (-0.234735, 0.957800, -0.165890, 0.227965), (-0.784041, -0.085674, 0.614768, 0.142914), (0.000000, 0.000000, 0.000000, 1.000000)
((0.574612, 0.274372, 0.771065, 0.096369), (-0.234735, 0.957800, -0.165890, 0.228004), (-0.784041, -0.085674, 0.614768, 0.142915), (0.000000, 0.000000, 0.000000, 1.000000)
((0.581740, 0.259130, 0.770993, 0.096449), (-0.242822, 0.959997, -0.139436, 0.229875), (-0.776283, -0.106098, 0.621391, 0.142952), (0.000000, 0.000000, 0.000000, 1.000000)
((0.585305, 0.250640, 0.771101, 0.096483), (-0.247205, 0.960906, -0.124694, 0.231071), (-0.772210, -0.117636, 0.624383, 0.142972), (0.000000, 0.000000, 0.000000, 1.000000)
((0.589562, 0.241575, 0.770752, 0.096510), (-0.249250, 0.962070, -0.110884, 0.232018), (-0.768304, -0.126737, 0.627413, 0.142987), (0.000000, 0.000000, 0.000000, 1.000000)
((0.591391, 0.237195, 0.770711, 0.096518), (-0.251517, 0.962338, -0.103174, 0.232491), (-0.766157, -0.132831, 0.628777, 0.142991), (0.000000, 0.000000, 0.000000, 1.000000)
((0.594156, 0.229716, 0.770850, 0.096536), (-0.257593, 0.962220, -0.088197, 0.233698), (-0.761987, -0.146163, 0.630882, 0.143001), (0.000000, 0.000000, 0.000000, 1.000000)
((0.594156, 0.229716, 0.770850, 0.096535), (-0.257593, 0.962220, -0.088197, 0.233853), (-0.761987, -0.146163, 0.630882, 0.143001), (0.000000, 0.000000, 0.000000, 1.000000)
((0.601068, 0.213414, 0.770177, 0.096508), (-0.265851, 0.962198, -0.059145, 0.235906), (-0.753685, -0.169202, 0.635082, 0.142977), (0.000000, 0.000000, 0.000000, 1.000000)
((0.601068, 0.213414, 0.770177, 0.096508), (-0.265851, 0.962198, -0.059145, 0.235906), (-0.753685, -0.169202, 0.635082, 0.142977), (0.000000, 0.000000, 0.000000, 1.000000)
((0.608546, 0.197648, 0.768509, 0.096399), (-0.273069, 0.961493, -0.031050, 0.238393), (-0.745053, -0.190961, 0.639085, 0.142894), (0.000000, 0.000000, 0.000000, 1.000000)
((0.611544, 0.190744, 0.767874, 0.096363), (-0.276415, 0.960859, -0.018542, 0.239218), (-0.741356, -0.200913, 0.640332, 0.142867), (0.000000, 0.000000, 0.000000, 1.000000)
((0.613164, 0.186806, 0.767550, 0.096297), (-0.279037, 0.960220, -0.010787, 0.240253), (-0.739032, -0.207560, 0.640898, 0.142820), (0.000000, 0.000000, 0.000000, 1.000000)
((0.614900, 0.182627, 0.767167, 0.096248), (-0.281632, 0.959519, -0.002683, 0.241011), (-0.736601, -0.214409, 0.641442, 0.142786), (0.000000, 0.000000, 0.000000, 1.000000)
((0.614900, 0.182627, 0.767167, 0.096233), (-0.281632, 0.959519, -0.002683, 0.241177), (-0.736601, -0.214409, 0.641442, 0.142776), (0.000000, 0.000000, 0.000000, 1.000000)
((0.621164, 0.168409, 0.765372, 0.095826), (-0.289318, 0.956926, 0.024248, 0.244688), (-0.728321, -0.236498, 0.643131, 0.142509), (0.000000, 0.000000, 0.000000, 1.000000)
((0.621164, 0.168409, 0.765372, 0.095802), (-0.289318, 0.956926, 0.024248, 0.244849), (-0.728321, -0.236498, 0.643131, 0.142495), (0.000000, 0.000000, 0.000000, 1.000000)
((0.625405, 0.160405, 0.763635, 0.095511), (-0.291256, 0.955900, 0.037743, 0.246772), (-0.723905, -0.246018, 0.644544, 0.142330), (0.000000, 0.000000, 0.000000, 1.000000)
((0.632300, 0.145302, 0.760976, 0.095088), (-0.296949, 0.952690, 0.064828, 0.248883), (-0.715555, -0.266962, 0.645533, 0.142131), (0.000000, 0.000000, 0.000000, 1.000000)
((0.635283, 0.138603, 0.759740, 0.094946), (-0.300348, 0.950659, 0.077713, 0.249529), (-0.711482, -0.277556, 0.645566, 0.142069), (0.000000, 0.000000, 0.000000, 1.000000)
((0.635283, 0.138603, 0.759740, 0.094906), (-0.300348, 0.950659, 0.077713, 0.249683), (-0.711482, -0.277556, 0.645566, 0.142053), (0.000000, 0.000000, 0.000000, 1.000000)
((0.638765, 0.131491, 0.758083, 0.094639), (-0.301495, 0.949268, 0.089389, 0.250720), (-0.707870, -0.285657, 0.646003, 0.141947), (0.000000, 0.000000, 0.000000, 1.000000)
((0.638760, 0.132262, 0.757953, 0.094383), (-0.301914, 0.949190, 0.088803, 0.251573), (-0.707696, -0.285560, 0.646237, 0.141853), (0.000000, 0.000000, 0.000000, 1.000000)
((0.638631, 0.132402, 0.758036, 0.094210), (-0.302700, 0.948895, 0.089281, 0.252151), (-0.707476, -0.286475, 0.646073, 0.141790), (0.000000, 0.000000, 0.000000, 1.000000)
((0.640795, 0.128104, 0.756949, 0.093944), (-0.302788, 0.948226, 0.095849, 0.252929), (-0.705480, -0.290615, 0.646407, 0.141695), (0.000000, 0.000000, 0.000000, 1.000000)
((0.642210, 0.124934, 0.756279, 0.093843), (-0.304569, 0.946992, 0.102192, 0.253224), (-0.703423, -0.295968, 0.646219, 0.141660), (0.000000, 0.000000, 0.000000, 1.000000)
((0.642210, 0.124934, 0.756279, 0.093778), (-0.304569, 0.946992, 0.102192, 0.253391), (-0.703423, -0.295968, 0.646219, 0.141637), (0.000000, 0.000000, 0.000000, 1.000000)
((0.642210, 0.124934, 0.756279, 0.093778), (-0.304569, 0.946992, 0.102192, 0.253391), (-0.703423, -0.295968, 0.646219, 0.141637), (0.000000, 0.000000, 0.000000, 1.000000)
((0.647577, 0.112926, 0.753586, 0.092835), (-0.312259, 0.941435, 0.127258, 0.255572), (-0.695082, -0.317723, 0.644914, 0.141313), (0.000000, 0.000000, 0.000000, 1.000000)
((0.648966, 0.109881, 0.752840, 0.092627), (-0.314018, 0.939985, 0.133496, 0.256053), (-0.692990, -0.323039, 0.644523, 0.141241), (0.000000, 0.000000, 0.000000, 1.000000)
((0.648966, 0.109881, 0.752840, 0.092540), (-0.314018, 0.939985, 0.133496, 0.256232), (-0.692990, -0.323039, 0.644523, 0.141211), (0.000000, 0.000000, 0.000000, 1.000000)
((0.654606, 0.097796, 0.749618, 0.092094), (-0.320240, 0.934104, 0.157787, 0.257153), (-0.684790, -0.343345, 0.642788, 0.141056), (0.000000, 0.000000, 0.000000, 1.000000)
((0.656075, 0.094614, 0.748741, 0.091748), (-0.322337, 0.932196, 0.164647, 0.257793), (-0.682396, -0.349368, 0.642088, 0.140932), (0.000000, 0.000000, 0.000000, 1.000000)
((0.657619, 0.091985, 0.747714, 0.091529), (-0.323798, 0.930675, 0.170288, 0.258196), (-0.680214, -0.354094, 0.641814, 0.140854), (0.000000, 0.000000, 0.000000, 1.000000)
((0.662151, 0.082551, 0.744810, 0.091240), (-0.328131, 0.925504, 0.189136, 0.258679), (-0.673710, -0.369633, 0.639911, 0.140745), (0.000000, 0.000000, 0.000000, 1.000000)
((0.664853, 0.077026, 0.742992, 0.091095), (-0.330804, 0.922174, 0.200411, 0.258920), (-0.669731, -0.379029, 0.638591, 0.140691), (0.000000, 0.000000, 0.000000, 1.000000)
((0.667752, 0.071150, 0.740976, 0.090858), (-0.333614, 0.918458, 0.212453, 0.259271), (-0.665439, -0.389066, 0.637039, 0.140601), (0.000000, 0.000000, 0.000000, 1.000000)
((0.670836, 0.064949, 0.738757, 0.090759), (-0.336746, 0.914216, 0.225411, 0.259419), (-0.660743, -0.399987, 0.635160, 0.140563), (0.000000, 0.000000, 0.000000, 1.000000)
((0.672372, 0.061904, 0.737620, 0.090421), (-0.338214, 0.912087, 0.231751, 0.259867), (-0.658428, -0.405296, 0.634199, 0.140437), (0.000000, 0.000000, 0.000000, 1.000000)
((0.675212, 0.056346, 0.735468, 0.090147), (-0.340991, 0.907985, 0.243491, 0.260231), (-0.654075, -0.415196, 0.632296, 0.140335), (0.000000, 0.000000, 0.000000, 1.000000)
((0.675212, 0.056346, 0.735468, 0.089985), (-0.340991, 0.907985, 0.243491, 0.260423), (-0.654075, -0.415196, 0.632296, 0.140276), (0.000000, 0.000000, 0.000000, 1.000000)
((0.680477, 0.046203, 0.731312, 0.089054), (-0.347105, 0.899264, 0.266162, 0.261423), (-0.645344, -0.434960, 0.627965, 0.139952), (0.000000, 0.000000, 0.000000, 1.000000)
((0.685481, 0.036888, 0.727155, 0.087909), (-0.352459, 0.890708, 0.287076, 0.262591), (-0.637093, -0.453077, 0.623564, 0.139562), (0.000000, 0.000000, 0.000000, 1.000000)
((0.687079, 0.034121, 0.725781, 0.087286), (-0.352325, 0.889247, 0.291731, 0.263147), (-0.635445, -0.456153, 0.623004, 0.139361), (0.000000, 0.000000, 0.000000, 1.000000)
((0.688335, 0.031832, 0.724692, 0.086973), (-0.353783, 0.886895, 0.297080, 0.263427), (-0.633271, -0.460873, 0.621744, 0.139260), (0.000000, 0.000000, 0.000000, 1.000000)
((0.688335, 0.031832, 0.724692, 0.086864), (-0.353783, 0.886895, 0.297080, 0.263519), (-0.633271, -0.460873, 0.621744, 0.139227), (0.000000, 0.000000, 0.000000, 1.000000)
((0.692634, 0.024369, 0.720881, 0.086162), (-0.356915, 0.880073, 0.313177, 0.264107), (-0.626793, -0.474212, 0.618265, 0.139013), (0.000000, 0.000000, 0.000000, 1.000000)
((0.693989, 0.021980, 0.719651, 0.085885), (-0.358155, 0.877629, 0.318578, 0.264331), (-0.624584, -0.478836, 0.616936, 0.138935), (0.000000, 0.000000, 0.000000, 1.000000)
((0.695008, 0.020182, 0.718719, 0.085399), (-0.359799, 0.875207, 0.323352, 0.264724), (-0.622502, -0.483327, 0.615537, 0.138799), (0.000000, 0.000000, 0.000000, 1.000000)
((0.696267, 0.017936, 0.717557, 0.084794), (-0.359943, 0.873632, 0.327428, 0.265206), (-0.621009, -0.486256, 0.614739, 0.138645), (0.000000, 0.000000, 0.000000, 1.000000)
((0.700214, 0.011291, 0.713843, 0.083561), (-0.361935, 0.867476, 0.341306, 0.266180), (-0.615389, -0.497351, 0.611505, 0.138351), (0.000000, 0.000000, 0.000000, 1.000000)
((0.704404, 0.004388, 0.709787, 0.082773), (-0.365282, 0.859638, 0.357195, 0.266798), (-0.608591, -0.510884, 0.607135, 0.138172), (0.000000, 0.000000, 0.000000, 1.000000)
((0.708578, -0.002360, -0.705610, 0.081970), (-0.367335, 0.852577, -0.371739, 0.267429), (-0.602480, -0.522596, -0.603262, 0.137995), (0.000000, 0.000000, 0.000000, 1.000000)
((0.708279, -0.001883, -0.705942, 0.081671), (-0.367379, 0.852927, -0.370853, 0.267659), (-0.602805, -0.522028, -0.603418, 0.137932), (0.000000, 0.000000, 0.000000, 1.000000)
((0.713983, -0.010831, -0.700075, 0.080760), (-0.370727, 0.842368, -0.391128, 0.268347), (-0.593960, -0.538793, -0.597423, 0.137749), (0.000000, 0.000000, 0.000000, 1.000000)
((0.715161, -0.012620, -0.698843, 0.080461), (-0.371931, 0.839660, -0.395780, 0.268573), (-0.591787, -0.542966, -0.595799, 0.137689), (0.000000, 0.000000, 0.000000, 1.000000)
((0.715063, -0.012471, -0.698950, 0.080256), (-0.371945, 0.839782, -0.395503, 0.268722), (-0.591896, -0.542781, -0.595858, 0.137647), (0.000000, 0.000000, 0.000000, 1.000000)
((0.716007, -0.013876, -0.697952, 0.079665), (-0.373699, 0.836868, -0.400006, 0.269141), (-0.589647, -0.547230, -0.594018, 0.137523), (0.000000, 0.000000, 0.000000, 1.000000)
((0.719413, -0.018898, -0.694326, 0.078815), (-0.377113, 0.828837, -0.413297, 0.269687), (-0.583293, -0.559171, -0.589149, 0.137322), (0.000000, 0.000000, 0.000000, 1.000000)
((0.718932, -0.018195, -0.694842, 0.077969), (-0.377182, 0.829462, -0.411979, 0.270189), (-0.583841, -0.558267, -0.589464, 0.137101), (0.000000, 0.000000, 0.000000, 1.000000)
((0.721132, -0.021351, -0.692469, 0.077357), (-0.379734, 0.823823, -0.420854, 0.270552), (-0.579458, -0.566445, -0.585977, 0.136942), (0.000000, 0.000000, 0.000000, 1.000000)
((0.721132, -0.021351, -0.692469, 0.077216), (-0.379734, 0.823823, -0.420854, 0.270629), (-0.579458, -0.566445, -0.585977, 0.136902), (0.000000, 0.000000, 0.000000, 1.000000)
((0.723135, -0.024166, -0.690284, 0.076333), (-0.382124, 0.818517, -0.428965, 0.271111), (-0.575376, -0.573973, -0.582664, 0.136654), (0.000000, 0.000000, 0.000000, 1.000000)
((0.720758, -0.020702, -0.692875, 0.075807), (-0.382650, 0.821579, -0.422600, 0.271376), (-0.578002, -0.569719, -0.584238, 0.136498), (0.000000, 0.000000, 0.000000, 1.000000)
((0.720758, -0.020702, -0.692875, 0.075807), (-0.382650, 0.821579, -0.422600, 0.271376), (-0.578002, -0.569719, -0.584238, 0.136498), (0.000000, 0.000000, 0.000000, 1.000000)
((0.720758, -0.020702, -0.692875, 0.075695), (-0.382650, 0.821579, -0.422600, 0.271428), (-0.578002, -0.569719, -0.584238, 0.136464), (0.000000, 0.000000, 0.000000, 1.000000)
((0.727388, -0.029952, -0.685573, 0.074532), (-0.386647, 0.807482, -0.445507, 0.271974), (-0.566931, -0.589132, -0.575772, 0.136110), (0.000000, 0.000000, 0.000000, 1.000000)
((0.729475, -0.032717, -0.683226, 0.073818), (-0.388467, 0.802320, -0.453183, 0.272288), (-0.562992, -0.595997, -0.572563, 0.135889), (0.000000, 0.000000, 0.000000, 1.000000)
((0.729475, -0.032717, -0.683226, 0.073818), (-0.388467, 0.802320, -0.453183, 0.272288), (-0.562992, -0.595997, -0.572563, 0.135889), (0.000000, 0.000000, 0.000000, 1.000000)
((0.730387, -0.033878, -0.682191, 0.073094), (-0.389811, 0.799469, -0.457053, 0.272588), (-0.560876, -0.599751, -0.570717, 0.135668), (0.000000, 0.000000, 0.000000, 1.000000)
((0.733625, -0.037962, -0.678492, 0.071958), (-0.392907, 0.790937, -0.469088, 0.273029), (-0.554453, -0.610718, -0.565336, 0.135324), (0.000000, 0.000000, 0.000000, 1.000000)
((0.734548, -0.039100, -0.677428, 0.071435), (-0.393897, 0.788342, -0.472613, 0.273232), (-0.552525, -0.613993, -0.563674, 0.135166), (0.000000, 0.000000, 0.000000, 1.000000)
((0.734227, -0.038743, -0.677797, 0.070757), (-0.393439, 0.789347, -0.471315, 0.273483), (-0.553278, -0.612724, -0.564317, 0.134965), (0.000000, 0.000000, 0.000000, 1.000000)
((0.734227, -0.038743, -0.677797, 0.070688), (-0.393439, 0.789347, -0.471315, 0.273507), (-0.553278, -0.612724, -0.564317, 0.134946), (0.000000, 0.000000, 0.000000, 1.000000)
((0.738654, -0.044002, -0.672647, 0.069326), (-0.397763, 0.777172, -0.487636, 0.273989), (-0.544219, -0.627748, -0.556559, 0.134553), (0.000000, 0.000000, 0.000000, 1.000000)
((0.740358, -0.045939, -0.670640, 0.068256), (-0.399885, 0.771838, -0.494327, 0.274351), (-0.540335, -0.634158, -0.553066, 0.134256), (0.000000, 0.000000, 0.000000, 1.000000)
((0.742971, -0.048860, -0.667538, 0.066564), (-0.402619, 0.764093, -0.504044, 0.274895), (-0.534689, -0.643253, -0.548027, 0.133798), (0.000000, 0.000000, 0.000000, 1.000000)
((0.742971, -0.048860, -0.667538, 0.066509), (-0.402619, 0.764093, -0.504044, 0.274912), (-0.534689, -0.643253, -0.548027, 0.133784), (0.000000, 0.000000, 0.000000, 1.000000)
((0.751238, -0.057190, -0.657549, 0.064193), (-0.410983, 0.739008, -0.533816, 0.275633), (-0.516463, -0.671264, -0.531667, 0.133179), (0.000000, 0.000000, 0.000000, 1.000000)
((0.754258, -0.059932, -0.653837, 0.063221), (-0.414021, 0.729476, -0.544474, 0.275928), (-0.509590, -0.681376, -0.525400, 0.132933), (0.000000, 0.000000, 0.000000, 1.000000)
((0.757073, -0.062719, -0.650313, 0.062859), (-0.414543, 0.723232, -0.552348, 0.276037), (-0.504970, -0.687751, -0.521540, 0.132841), (0.000000, 0.000000, 0.000000, 1.000000)
((0.760026, -0.065003, -0.646633, 0.062272), (-0.418162, 0.712752, -0.563139, 0.276211), (-0.497495, -0.698398, -0.514528, 0.132699), (0.000000, 0.000000, 0.000000, 1.000000)
((0.765560, -0.069057, -0.639649, 0.060166), (-0.423748, 0.693985, -0.582084, 0.276834), (-0.484103, -0.716670, -0.502024, 0.132212), (0.000000, 0.000000, 0.000000, 1.000000)
((0.766526, -0.069227, -0.638472, 0.059312), (-0.427207, 0.687341, -0.587415, 0.277086), (-0.479513, -0.723028, -0.497290, 0.132018), (0.000000, 0.000000, 0.000000, 1.000000)
((0.771172, -0.072772, -0.632454, 0.058688), (-0.430637, 0.672046, -0.602417, 0.277267), (-0.468878, -0.736925, -0.486924, 0.131885), (0.000000, 0.000000, 0.000000, 1.000000)
((0.774990, -0.074621, -0.627552, 0.058062), (-0.434986, 0.657368, -0.615349, 0.277443), (-0.458451, -0.749866, -0.476995, 0.131760), (0.000000, 0.000000, 0.000000, 1.000000)
((0.778405, -0.076068, -0.623136, 0.057137), (-0.438848, 0.643849, -0.626794, 0.277702), (-0.448885, -0.761362, -0.467793, 0.131574), (0.000000, 0.000000, 0.000000, 1.000000)
((0.778405, -0.076068, -0.623136, 0.057051), (-0.438848, 0.643849, -0.626794, 0.277725), (-0.448885, -0.761362, -0.467793, 0.131558), (0.000000, 0.000000, 0.000000, 1.000000)
((0.782073, -0.077197, -0.618387, 0.056629), (-0.443204, 0.628686, -0.639002, 0.277838), (-0.438100, -0.773818, -0.457464, 0.131475), (0.000000, 0.000000, 0.000000, 1.000000)
((0.785855, -0.078063, -0.613464, 0.056311), (-0.447321, 0.613214, -0.651055, 0.277915), (-0.427008, -0.786050, -0.446978, 0.131414), (0.000000, 0.000000, 0.000000, 1.000000)
((0.788439, -0.078476, -0.610086, 0.055955), (-0.450199, 0.602227, -0.659275, 0.278001), (-0.419148, -0.794459, -0.439489, 0.131346), (0.000000, 0.000000, 0.000000, 1.000000)
((0.788439, -0.078476, -0.610086, 0.055796), (-0.450199, 0.602227, -0.659275, 0.278035), (-0.419148, -0.794459, -0.439489, 0.131315), (0.000000, 0.000000, 0.000000, 1.000000)
((0.791786, -0.079247, -0.605636, 0.055216), (-0.454520, 0.585932, -0.670892, 0.278157), (-0.408027, -0.806476, -0.427913, 0.131202), (0.000000, 0.000000, 0.000000, 1.000000)
((0.795085, -0.079301, -0.601292, 0.054324), (-0.458001, 0.571412, -0.680973, 0.278317), (-0.397587, -0.816823, -0.418001, 0.131022), (0.000000, 0.000000, 0.000000, 1.000000)
((0.796383, -0.078465, -0.599681, 0.052983), (-0.462060, 0.560828, -0.687002, 0.278517), (-0.390224, -0.824206, -0.410378, 0.130750), (0.000000, 0.000000, 0.000000, 1.000000)
((0.797876, -0.078263, -0.597720, 0.052634), (-0.463892, 0.553487, -0.691706, 0.278567), (-0.384965, -0.829173, -0.405308, 0.130679), (0.000000, 0.000000, 0.000000, 1.000000)
((0.799285, -0.078002, -0.595868, 0.051854), (-0.465710, 0.546274, -0.696203, 0.278652), (-0.379813, -0.833967, -0.400302, 0.130528), (0.000000, 0.000000, 0.000000, 1.000000)
((0.802694, -0.077074, -0.591390, 0.050586), (-0.470241, 0.528113, -0.707086, 0.278738), (-0.366818, -0.845670, -0.387670, 0.130283), (0.000000, 0.000000, 0.000000, 1.000000)
((0.803194, -0.076182, -0.590826, 0.049406), (-0.473024, 0.521314, -0.710267, 0.278813), (-0.362116, -0.849957, -0.382681, 0.130056), (0.000000, 0.000000, 0.000000, 1.000000)
((0.803838, -0.075437, -0.590046, 0.047750), (-0.475235, 0.515141, -0.713289, 0.278845), (-0.357765, -0.853779, -0.378239, 0.129749), (0.000000, 0.000000, 0.000000, 1.000000)
((0.805856, -0.074779, -0.587370, 0.046929), (-0.477329, 0.504933, -0.719166, 0.278861), (-0.350361, -0.859913, -0.371210, 0.129597), (0.000000, 0.000000, 0.000000, 1.000000)
((0.805856, -0.074779, -0.587370, 0.046661), (-0.477329, 0.504933, -0.719166, 0.278855), (-0.350361, -0.859913, -0.371210, 0.129549), (0.000000, 0.000000, 0.000000, 1.000000)
((0.808624, -0.072637, -0.583825, 0.045159), (-0.481195, 0.489296, -0.727352, 0.278825), (-0.338496, -0.869088, -0.360704, 0.129279), (0.000000, 0.000000, 0.000000, 1.000000)
((0.808732, -0.071779, -0.583782, 0.043239), (-0.483749, 0.483410, -0.729590, 0.278739), (-0.334575, -0.872446, -0.356226, 0.128959), (0.000000, 0.000000, 0.000000, 1.000000)
((0.808991, -0.070958, -0.583523, 0.041564), (-0.486011, 0.477640, -0.731884, 0.278664), (-0.330647, -0.875686, -0.351920, 0.128679), (0.000000, 0.000000, 0.000000, 1.000000)
((0.808991, -0.070958, -0.583523, 0.041392), (-0.486011, 0.477640, -0.731884, 0.278652), (-0.330647, -0.875686, -0.351920, 0.128650), (0.000000, 0.000000, 0.000000, 1.000000)
((0.812026, -0.069418, -0.579478, 0.039525), (-0.488814, 0.461581, -0.740272, 0.278522), (-0.318864, -0.884378, -0.340884, 0.128336), (0.000000, 0.000000, 0.000000, 1.000000)
((0.813241, -0.068594, -0.577870, 0.038787), (-0.490138, 0.454561, -0.743733, 0.278454), (-0.313693, -0.888070, -0.336047, 0.128208), (0.000000, 0.000000, 0.000000, 1.000000)
((0.816028, -0.064570, -0.574395, 0.035227), (-0.497597, 0.427154, -0.754941, 0.278127), (-0.294101, -0.901870, -0.316440, 0.127593), (0.000000, 0.000000, 0.000000, 1.000000)
((0.815197, -0.060640, -0.576000, 0.031245), (-0.505176, 0.411980, -0.758334, 0.277695), (-0.283286, -0.909173, -0.305211, 0.126899), (0.000000, 0.000000, 0.000000, 1.000000)
((0.816266, -0.059001, -0.574655, 0.028653), (-0.508019, 0.400244, -0.762707, 0.277413), (-0.275003, -0.914507, -0.296732, 0.126447), (0.000000, 0.000000, 0.000000, 1.000000)
((0.819652, -0.057554, -0.569963, 0.027657), (-0.507650, 0.388051, -0.769226, 0.277292), (-0.265447, -0.919839, -0.288849, 0.126268), (0.000000, 0.000000, 0.000000, 1.000000)
</SampleFrames>
<SampleWeights Num="167">0.0211016
0.0237953
0.0234479
0.035684
0.0800465
0.0867851
0.0842053
0.126088
0.126088
0.133248
0.13418
0.140436
0.142204
0.149482
0.155231
0.163534
0.163532
0.172486
0.165343
0.165342
0.223184
0.223184
0.205426
0.211455
0.215382
0.215381
0.214019
0.201823
0.195657
0.207902
0.235779
0.211814
0.225925
0.225873
0.248887
0.25125
0.239655
0.239655
0.236074
0.226887
0.225991
0.225991
0.21925
0.208661
0.198513
0.207715
0.225139
0.214298
0.208655
0.244417
0.242084
0.234446
0.239027
0.24446
0.244456
0.253253
0.253248
0.267018
0.266886
0.257686
0.25548
0.273121
0.27305
0.268374
0.268374
0.243011
0.262282
0.25403
0.242687
0.242595
0.216612
0.216513
0.217236
0.208684
0.214662
0.214567
0.226214
0.219472
0.207286
0.195484
0.195357
0.195224
0.195224
0.184479
0.184519
0.184345
0.196681
0.18618
0.182518
0.188911
0.204465
0.21181
0.206012
0.202538
0.206639
0.206382
0.201496
0.217095
0.205917
0.202725
0.202641
0.210817
0.211268
0.204421
0.197333
0.201063
0.196529
0.199698
0.202319
0.19421
0.195179
0.194118
0.188957
0.20226
0.194054
0.194644
0.194532
0.196052
0.200784
0.200784
0.200719
0.206506
0.220159
0.220159
0.206885
0.21213
0.221437
0.218128
0.218108
0.207981
0.217719
0.227855
0.227842
0.233232
0.232266
0.222005
0.219125
0.242334
0.249773
0.23363
0.235082
0.25076
0.250734
0.241114
0.229488
0.237861
0.23777
0.248181
0.254155
0.262089
0.263997
0.261873
0.268793
0.27733
0.28027
0.282039
0.281828
0.293134
0.309121
0.315494
0.315416
0.320035
0.318034
0.324725
0.335801
0.342631
0.33527
</SampleWeights>
</PointSplatMark>
