<PointSplatMark HeadPosAtStart="(0.87226, -0.0399606, 2.1358)" BrushTip="0" BrushInterface="ForceTapeDraw" SuperSamplesPerWidth="20" Draw="0" Width="0.022" Pose="1" LayerIndex="0" Name="shoulder" RoomToVirtualScaleAtStart="1" RoomToVirtualFrameAtStart="((0.879399, 0.225835, 0.419113, 0.054856), (-0.189765, 0.973650, -0.126469, 0.004822), (-0.436631, 0.031684, 0.899083, 0.172994), (0.000000, 0.000000, 0.000000, 1.000000)" ColorSwatch="0.170979"><SamplePoints Num="308">(0.250073, -0.187042, 0.00265427)
(0.250077, -0.187007, 0.00266065)
(0.250092, -0.186875, 0.00268508)
(0.250101, -0.186802, 0.00269863)
(0.250159, -0.186298, 0.00279664)
(0.250202, -0.185923, 0.00286962)
(0.250228, -0.185687, 0.00291598)
(0.250297, -0.185033, 0.00304531)
(0.250414, -0.183918, 0.00326584)
(0.250415, -0.18391, 0.00326744)
(0.250484, -0.183206, 0.00340819)
(0.250486, -0.183195, 0.0034104)
(0.250528, -0.182735, 0.00350232)
(0.250618, -0.181679, 0.00371416)
(0.250729, -0.180317, 0.00398749)
(0.25083, -0.179024, 0.00424622)
(0.250888, -0.178252, 0.00440073)
(0.25089, -0.178236, 0.00440401)
(0.250959, -0.17726, 0.00459866)
(0.25096, -0.177246, 0.00460149)
(0.251116, -0.174816, 0.00509194)
(0.251156, -0.174094, 0.0052398)
(0.251185, -0.173581, 0.0053447)
(0.251186, -0.173556, 0.00534981)
(0.251228, -0.172695, 0.00552559)
(0.25126, -0.171979, 0.00567327)
(0.251287, -0.171352, 0.00580263)
(0.251314, -0.170612, 0.00595522)
(0.251319, -0.170467, 0.0059852)
(0.251345, -0.169587, 0.00616822)
(0.251372, -0.168681, 0.00635678)
(0.251378, -0.168411, 0.00641285)
(0.251396, -0.167577, 0.0065863)
(0.25142, -0.165664, 0.00698812)
(0.25142, -0.165637, 0.00699367)
(0.251421, -0.16525, 0.00707559)
(0.25142, -0.164653, 0.00720257)
(0.25142, -0.164001, 0.00734112)
(0.251419, -0.163973, 0.00734705)
(0.25141, -0.162844, 0.0075881)
(0.25141, -0.162809, 0.00759558)
(0.251368, -0.16012, 0.00817074)
(0.251366, -0.160068, 0.00818187)
(0.251286, -0.157788, 0.00867249)
(0.251259, -0.15703, 0.00883572)
(0.25113, -0.154316, 0.00941803)
(0.251065, -0.153119, 0.00967345)
(0.251011, -0.152242, 0.00986136)
(0.250937, -0.151028, 0.0101214)
(0.250787, -0.148791, 0.0106031)
(0.250641, -0.146772, 0.0110382)
(0.250541, -0.14541, 0.0113312)
(0.250441, -0.144038, 0.0116226)
(0.250318, -0.142286, 0.0119912)
(0.250107, -0.13886, 0.0126855)
(0.250014, -0.137056, 0.0130321)
(0.249922, -0.13508, 0.0134024)
(0.249889, -0.134234, 0.0135526)
(0.24983, -0.132249, 0.0138867)
(0.249807, -0.131249, 0.0140476)
(0.249789, -0.130451, 0.0141761)
(0.249768, -0.129054, 0.0143915)
(0.249752, -0.127956, 0.0145607)
(0.249743, -0.126806, 0.0147332)
(0.249738, -0.123899, 0.0151582)
(0.249748, -0.122433, 0.0153652)
(0.249754, -0.12142, 0.0155084)
(0.24976, -0.120999, 0.0155661)
(0.249763, -0.120743, 0.0156011)
(0.249774, -0.120188, 0.0156745)
(0.249811, -0.118775, 0.0158542)
(0.249846, -0.117714, 0.0159816)
(0.249898, -0.116395, 0.0161292)
(0.24995, -0.11509, 0.0162752)
(0.250067, -0.112535, 0.0165438)
(0.250105, -0.111829, 0.0166144)
(0.250498, -0.1058, 0.0171735)
(0.250616, -0.104351, 0.0172955)
(0.25067, -0.10377, 0.0173419)
(0.25086, -0.102005, 0.0174762)
(0.250998, -0.100805, 0.0175652)
(0.251167, -0.0995857, 0.017648)
(0.251575, -0.0968442, 0.0178232)
(0.251752, -0.0957324, 0.0178903)
(0.251958, -0.0944958, 0.0179616)
(0.252245, -0.0929016, 0.0180461)
(0.25234, -0.0924078, 0.0180703)
(0.252634, -0.0909771, 0.0181327)
(0.252892, -0.0897759, 0.018177)
(0.25308, -0.0889418, 0.018204)
(0.253475, -0.0871937, 0.0182606)
(0.253616, -0.0865928, 0.018278)
(0.253694, -0.0862662, 0.0182868)
(0.253968, -0.08517, 0.0183121)
(0.254149, -0.0844463, 0.0183288)
(0.254561, -0.0828462, 0.0183599)
(0.254809, -0.0819146, 0.0183749)
(0.25538, -0.0798305, 0.0184004)
(0.255604, -0.0790125, 0.0184104)
(0.255902, -0.0779576, 0.0184199)
(0.256808, -0.0748151, 0.0184426)
(0.257663, -0.0719088, 0.0184592)
(0.257997, -0.070773, 0.0184657)
(0.258478, -0.0691623, 0.0184736)
(0.259594, -0.0654735, 0.0184851)
(0.260285, -0.0632158, 0.0184881)
(0.260565, -0.0623074, 0.0184875)
(0.261355, -0.0597557, 0.0184812)
(0.262293, -0.0567444, 0.0184642)
(0.262956, -0.0546322, 0.0184443)
(0.263396, -0.0532437, 0.0184289)
(0.264167, -0.0508188, 0.0184014)
(0.26532, -0.0472763, 0.0183623)
(0.26633, -0.0442081, 0.0183337)
(0.266802, -0.042777, 0.0183204)
(0.267024, -0.0421072, 0.0183153)
(0.268502, -0.0376741, 0.0182839)
(0.268912, -0.0364482, 0.0182758)
(0.269454, -0.0348355, 0.0182662)
(0.270068, -0.0330072, 0.0182554)
(0.270537, -0.0316193, 0.0182467)
(0.270941, -0.0304268, 0.0182404)
(0.271216, -0.0296138, 0.018236)
(0.271454, -0.0289169, 0.0182339)
(0.273728, -0.0222747, 0.018223)
(0.274514, -0.0199921, 0.0182256)
(0.275252, -0.0178482, 0.0182279)
(0.275921, -0.0159089, 0.0182355)
(0.276543, -0.0141063, 0.0182425)
(0.277125, -0.0124219, 0.0182547)
(0.277766, -0.0105655, 0.0182682)
(0.278391, -0.00875458, 0.0182857)
(0.27897, -0.00707514, 0.0183019)
(0.279525, -0.00545897, 0.0183214)
(0.280059, -0.00390401, 0.0183401)
(0.28031, -0.00317013, 0.0183492)
(0.280814, -0.00169908, 0.0183676)
(0.281185, -0.000610136, 0.0183829)
(0.281533, 0.000409288, 0.0183972)
(0.281534, 0.000411986, 0.0183972)
(0.282177, 0.00230515, 0.0184272)
(0.282582, 0.00350001, 0.0184484)
(0.282769, 0.00405198, 0.0184581)
(0.283592, 0.00648389, 0.0185042)
(0.284293, 0.00855582, 0.0185434)
(0.285157, 0.0111176, 0.0185938)
(0.28565, 0.0125849, 0.0186225)
(0.286546, 0.0152513, 0.0186747)
(0.287146, 0.0170432, 0.0187114)
(0.28764, 0.018515, 0.0187415)
(0.288153, 0.0200623, 0.0187743)
(0.288666, 0.0216061, 0.0188071)
(0.289202, 0.0232374, 0.0188427)
(0.289413, 0.023879, 0.0188567)
(0.290183, 0.0262773, 0.0189108)
(0.290422, 0.0270218, 0.0189276)
(0.290451, 0.0271138, 0.0189298)
(0.29049, 0.0272366, 0.0189328)
(0.290676, 0.0278245, 0.0189478)
(0.290888, 0.0284943, 0.0189654)
(0.2911, 0.029166, 0.0189831)
(0.291181, 0.0294265, 0.01899)
(0.291408, 0.0301543, 0.0190094)
(0.291482, 0.0303906, 0.0190159)
(0.291535, 0.0305629, 0.0190206)
(0.291665, 0.0309851, 0.0190332)
(0.292397, 0.0334144, 0.0191062)
(0.292553, 0.0339316, 0.0191218)
(0.29279, 0.0347333, 0.0191453)
(0.29357, 0.0374055, 0.0192235)
(0.294467, 0.0405443, 0.0193144)
(0.294912, 0.0421535, 0.0193593)
(0.295396, 0.0439029, 0.0194082)
(0.295789, 0.0453682, 0.0194491)
(0.296167, 0.0467744, 0.0194884)
(0.296623, 0.0485135, 0.0195387)
(0.297095, 0.050313, 0.0195908)
(0.297531, 0.0520022, 0.0196447)
(0.297863, 0.0532868, 0.0196856)
(0.297866, 0.0533013, 0.0196861)
(0.298574, 0.0560719, 0.019784)
(0.298575, 0.0560753, 0.0197841)
(0.299453, 0.0595472, 0.0199224)
(0.300197, 0.0624964, 0.0200583)
(0.300702, 0.0645038, 0.0201543)
(0.301083, 0.0660258, 0.0202288)
(0.301563, 0.0679578, 0.0203237)
(0.301874, 0.0692069, 0.020385)
(0.302307, 0.0709621, 0.0204672)
(0.3032, 0.0745827, 0.020635)
(0.304555, 0.0800464, 0.0208779)
(0.305201, 0.0826243, 0.0209914)
(0.30552, 0.0838812, 0.0210471)
(0.305908, 0.0854133, 0.021115)
(0.306344, 0.0871049, 0.0211902)
(0.306698, 0.0884599, 0.02125)
(0.307121, 0.0900716, 0.0213213)
(0.307863, 0.0929054, 0.0214476)
(0.308182, 0.0941268, 0.021502)
(0.308507, 0.0953755, 0.0215582)
(0.308841, 0.096664, 0.0216162)
(0.308849, 0.0966925, 0.0216175)
(0.309549, 0.0994198, 0.0217415)
(0.309556, 0.0994483, 0.0217429)
(0.311145, 0.105737, 0.0220377)
(0.31218, 0.109819, 0.0222329)
(0.313176, 0.113726, 0.0224266)
(0.313543, 0.115165, 0.0224988)
(0.313794, 0.116144, 0.0225507)
(0.314671, 0.119572, 0.0227326)
(0.314871, 0.120358, 0.0227762)
(0.315709, 0.123725, 0.0229682)
(0.315943, 0.124665, 0.0230218)
(0.316256, 0.125966, 0.0230975)
(0.317107, 0.129713, 0.0233212)
(0.317386, 0.13104, 0.0234032)
(0.317418, 0.131205, 0.0234138)
(0.317753, 0.132939, 0.0235255)
(0.317779, 0.133087, 0.0235354)
(0.318006, 0.13437, 0.0236214)
(0.318029, 0.134509, 0.0236309)
(0.318132, 0.135144, 0.0236743)
(0.318211, 0.135672, 0.02371)
(0.318468, 0.13755, 0.023835)
(0.318601, 0.138628, 0.023905)
(0.31886, 0.140902, 0.0240537)
(0.319142, 0.143708, 0.0242407)
(0.31923, 0.14463, 0.0243027)
(0.319471, 0.147591, 0.0245081)
(0.319481, 0.147764, 0.0245207)
(0.319601, 0.149708, 0.0246613)
(0.319641, 0.150761, 0.0247418)
(0.319654, 0.151119, 0.0247692)
(0.31966, 0.15159, 0.0248067)
(0.319676, 0.1528, 0.0249031)
(0.319666, 0.15353, 0.0249637)
(0.319662, 0.15382, 0.0249877)
(0.319648, 0.15419, 0.0250197)
(0.319573, 0.155395, 0.0251276)
(0.319544, 0.155864, 0.0251696)
(0.319505, 0.156316, 0.0252111)
(0.319462, 0.156807, 0.0252563)
(0.319395, 0.157419, 0.0253139)
(0.319106, 0.15959, 0.0255233)
(0.318973, 0.160563, 0.0256175)
(0.318668, 0.16241, 0.0258006)
(0.318418, 0.163799, 0.0259399)
(0.318134, 0.165234, 0.026086)
(0.318104, 0.16537, 0.0261)
(0.317658, 0.167402, 0.0263101)
(0.317628, 0.167523, 0.026323)
(0.317193, 0.169254, 0.026509)
(0.316943, 0.170139, 0.0266102)
(0.316815, 0.170588, 0.0266615)
(0.316782, 0.170698, 0.0266746)
(0.316489, 0.171664, 0.0267906)
(0.31613, 0.172784, 0.0269322)
(0.316011, 0.173154, 0.026979)
(0.315723, 0.174007, 0.0270935)
(0.314758, 0.176735, 0.0274773)
(0.314732, 0.176806, 0.0274879)
(0.313685, 0.179646, 0.0279093)
(0.313661, 0.179711, 0.0279194)
(0.312296, 0.1832, 0.0284862)
(0.311528, 0.185067, 0.028813)
(0.31106, 0.186206, 0.0290125)
(0.310583, 0.187326, 0.0292189)
(0.310194, 0.188237, 0.0293875)
(0.309044, 0.190852, 0.029895)
(0.308485, 0.192085, 0.0301455)
(0.308113, 0.192908, 0.0303127)
(0.307332, 0.19459, 0.0306746)
(0.307047, 0.195205, 0.0308068)
(0.307024, 0.195255, 0.0308184)
(0.306151, 0.197095, 0.0312387)
(0.304822, 0.199789, 0.0319145)
(0.30448, 0.200472, 0.0320906)
(0.304443, 0.200544, 0.0321103)
(0.304002, 0.2014, 0.0323441)
(0.303722, 0.201927, 0.0324967)
(0.303307, 0.202688, 0.032727)
(0.302919, 0.203393, 0.0329429)
(0.302543, 0.204053, 0.0331566)
(0.302175, 0.204698, 0.0333657)
(0.302123, 0.204785, 0.0333956)
(0.301398, 0.206012, 0.0338147)
(0.301345, 0.206099, 0.0338457)
(0.299731, 0.208731, 0.0347905)
(0.298139, 0.211208, 0.0357403)
(0.297933, 0.211521, 0.0358647)
(0.297878, 0.211601, 0.0358982)
(0.297097, 0.212745, 0.0363769)
(0.296278, 0.213902, 0.036887)
(0.295323, 0.215218, 0.0374889)
(0.294993, 0.215664, 0.0376983)
(0.294466, 0.216343, 0.0380376)
(0.293932, 0.217032, 0.0383818)
(0.293423, 0.217647, 0.0387107)
(0.293069, 0.218074, 0.0389392)
(0.290049, 0.221341, 0.0408923)
(0.287752, 0.223675, 0.0423573)
(0.285056, 0.226309, 0.0440425)
(0.283582, 0.227715, 0.0449504)
(0.282682, 0.228533, 0.0454813)
(0.280079, 0.230898, 0.0470178)
(0.277079, 0.233487, 0.0486851)
(0.274196, 0.235974, 0.0502868)
(0.274049, 0.236095, 0.0503629)
</SamplePoints>
<SampleFrames Num="308">((-0.205315, 0.839717, 0.502713, 0.250073), (-0.309760, 0.431495, -0.847267, -0.187042), (-0.928383, -0.329677, 0.171518, 0.002654), (0.000000, 0.000000, 0.000000, 1.000000)
((0.208597, 0.817519, 0.536797, 0.250077), (-0.310967, 0.575829, -0.756122, -0.187007), (-0.927247, -0.009201, 0.374337, 0.002661), (0.000000, 0.000000, 0.000000, 1.000000)
((0.208457, 0.817698, 0.536578, 0.250092), (-0.310839, 0.575575, -0.756368, -0.186875), (-0.927321, -0.009119, 0.374155, 0.002685), (0.000000, 0.000000, 0.000000, 1.000000)
((0.205841, 0.819022, 0.535567, 0.250101), (-0.309320, 0.573683, -0.758426, -0.186802), (-0.928413, -0.009547, 0.371427, 0.002699), (0.000000, 0.000000, 0.000000, 1.000000)
((0.205132, 0.817862, 0.537608, 0.250159), (-0.309888, 0.575303, -0.756965, -0.186298), (-0.928380, -0.011320, 0.371459, 0.002797), (0.000000, 0.000000, 0.000000, 1.000000)
((0.207786, 0.816699, 0.538357, 0.250202), (-0.311084, 0.576968, -0.755205, -0.185923), (-0.927390, -0.010553, 0.373948, 0.002870), (0.000000, 0.000000, 0.000000, 1.000000)
((0.207527, 0.817137, 0.537792, 0.250228), (-0.310663, 0.576353, -0.755848, -0.185687), (-0.927589, -0.010213, 0.373463, 0.002916), (0.000000, 0.000000, 0.000000, 1.000000)
((0.207547, 0.817216, 0.537663, 0.250297), (-0.310498, 0.576244, -0.755999, -0.185033), (-0.927640, -0.010038, 0.373342, 0.003045), (0.000000, 0.000000, 0.000000, 1.000000)
((0.201895, 0.819928, 0.535683, 0.250414), (-0.309609, 0.572329, -0.759330, -0.183918), (-0.929183, -0.012548, 0.369407, 0.003266), (0.000000, 0.000000, 0.000000, 1.000000)
((0.201895, 0.819928, 0.535683, 0.250415), (-0.309609, 0.572329, -0.759330, -0.183910), (-0.929183, -0.012548, 0.369407, 0.003267), (0.000000, 0.000000, 0.000000, 1.000000)
((0.201345, 0.818374, 0.538261, 0.250484), (-0.308867, 0.574525, -0.757973, -0.183206), (-0.929549, -0.013637, 0.368446, 0.003408), (0.000000, 0.000000, 0.000000, 1.000000)
((0.201345, 0.818374, 0.538261, 0.250486), (-0.308867, 0.574525, -0.757973, -0.183195), (-0.929549, -0.013637, 0.368446, 0.003410), (0.000000, 0.000000, 0.000000, 1.000000)
((0.200937, 0.816931, 0.540600, 0.250528), (-0.309516, 0.576530, -0.756183, -0.182735), (-0.929421, -0.015379, 0.368700, 0.003502), (0.000000, 0.000000, 0.000000, 1.000000)
((0.194532, 0.818284, 0.540897, 0.250618), (-0.305782, 0.574542, -0.759209, -0.181679), (-0.932016, -0.017706, 0.361983, 0.003714), (0.000000, 0.000000, 0.000000, 1.000000)
((0.184522, 0.822322, 0.538274, 0.250729), (-0.298598, 0.568696, -0.766436, -0.180317), (-0.936371, -0.019303, 0.350480, 0.003987), (0.000000, 0.000000, 0.000000, 1.000000)
((0.178350, 0.823134, 0.539112, 0.250830), (-0.296785, 0.567381, -0.768113, -0.179024), (-0.938142, -0.023007, 0.345486, 0.004246), (0.000000, 0.000000, 0.000000, 1.000000)
((0.178245, 0.823088, 0.539218, 0.250888), (-0.295172, 0.567482, -0.768659, -0.178252), (-0.938671, -0.022152, 0.344103, 0.004401), (0.000000, 0.000000, 0.000000, 1.000000)
((0.178245, 0.823088, 0.539218, 0.250890), (-0.295172, 0.567482, -0.768659, -0.178236), (-0.938671, -0.022152, 0.344103, 0.004404), (0.000000, 0.000000, 0.000000, 1.000000)
((0.170315, 0.826108, 0.537158, 0.250959), (-0.291048, 0.562975, -0.773531, -0.177260), (-0.941426, -0.024595, 0.336320, 0.004599), (0.000000, 0.000000, 0.000000, 1.000000)
((0.170315, 0.826108, 0.537158, 0.250960), (-0.291048, 0.562975, -0.773531, -0.177246), (-0.941426, -0.024595, 0.336320, 0.004601), (0.000000, 0.000000, 0.000000, 1.000000)
((0.163173, 0.825198, 0.540761, 0.251116), (-0.288617, 0.564055, -0.773655, -0.174816), (-0.943438, -0.029833, 0.330205, 0.005092), (0.000000, 0.000000, 0.000000, 1.000000)
((0.160522, 0.826075, 0.540216, 0.251156), (-0.287320, 0.562719, -0.775110, -0.174094), (-0.944288, -0.030793, 0.327677, 0.005240), (0.000000, 0.000000, 0.000000, 1.000000)
((0.157903, 0.827096, 0.539425, 0.251185), (-0.285699, 0.561181, -0.776822, -0.173581), (-0.945221, -0.031451, 0.324913, 0.005345), (0.000000, 0.000000, 0.000000, 1.000000)
((0.157903, 0.827096, 0.539425, 0.251186), (-0.285699, 0.561181, -0.776822, -0.173556), (-0.945221, -0.031451, 0.324913, 0.005350), (0.000000, 0.000000, 0.000000, 1.000000)
((0.157313, 0.825645, 0.541814, 0.251228), (-0.284583, 0.563272, -0.775717, -0.172695), (-0.945656, -0.032161, 0.323575, 0.005526), (0.000000, 0.000000, 0.000000, 1.000000)
((0.151506, 0.825823, 0.543197, 0.251260), (-0.282629, 0.562790, -0.776781, -0.171979), (-0.947189, -0.035836, 0.318668, 0.005673), (0.000000, 0.000000, 0.000000, 1.000000)
((0.151309, 0.825739, 0.543379, 0.251287), (-0.282986, 0.562886, -0.776581, -0.171352), (-0.947114, -0.036265, 0.318842, 0.005803), (0.000000, 0.000000, 0.000000, 1.000000)
((0.148513, 0.826702, 0.542686, 0.251314), (-0.281537, 0.561409, -0.778176, -0.170612), (-0.947988, -0.037217, 0.316123, 0.005955), (0.000000, 0.000000, 0.000000, 1.000000)
((0.148363, 0.826860, 0.542486, 0.251319), (-0.281416, 0.561177, -0.778386, -0.170467), (-0.948047, -0.037180, 0.315950, 0.005985), (0.000000, 0.000000, 0.000000, 1.000000)
((0.144387, 0.826532, 0.544056, 0.251345), (-0.280933, 0.561434, -0.778376, -0.169587), (-0.948804, -0.040456, 0.313264, 0.006168), (0.000000, 0.000000, 0.000000, 1.000000)
((0.147090, 0.825452, 0.544971, 0.251372), (-0.280873, 0.563141, -0.777164, -0.168681), (-0.948407, -0.038755, 0.314679, 0.006357), (0.000000, 0.000000, 0.000000, 1.000000)
((0.141577, 0.827368, 0.543523, 0.251378), (-0.279630, 0.560118, -0.779792, -0.168411), (-0.949612, -0.041585, 0.310657, 0.006413), (0.000000, 0.000000, 0.000000, 1.000000)
((0.144207, 0.826527, 0.544112, 0.251396), (-0.281130, 0.561422, -0.778313, -0.167577), (-0.948773, -0.040728, 0.313322, 0.006586), (0.000000, 0.000000, 0.000000, 1.000000)
((0.144998, 0.824443, 0.547055, 0.251420), (-0.286072, 0.564216, -0.774482, -0.165664), (-0.947174, -0.044199, 0.317660, 0.006988), (0.000000, 0.000000, 0.000000, 1.000000)
((0.144982, 0.824361, 0.547182, 0.251420), (-0.286231, 0.564323, -0.774345, -0.165637), (-0.947128, -0.044354, 0.317775, 0.006994), (0.000000, 0.000000, 0.000000, 1.000000)
((0.151822, 0.820453, 0.551187, 0.251421), (-0.291531, 0.570013, -0.768176, -0.165250), (-0.944436, -0.044062, 0.325728, 0.007076), (0.000000, 0.000000, 0.000000, 1.000000)
((0.148498, 0.819841, 0.553001, 0.251420), (-0.290908, 0.570673, -0.767922, -0.164653), (-0.945156, -0.046837, 0.323242, 0.007203), (0.000000, 0.000000, 0.000000, 1.000000)
((0.145604, 0.820868, 0.552246, 0.251420), (-0.291323, 0.569020, -0.768991, -0.164001), (-0.945479, -0.048914, 0.321989, 0.007341), (0.000000, 0.000000, 0.000000, 1.000000)
((0.145604, 0.820868, 0.552246, 0.251419), (-0.291323, 0.569020, -0.768991, -0.163973), (-0.945479, -0.048914, 0.321989, 0.007347), (0.000000, 0.000000, 0.000000, 1.000000)
((0.147904, 0.820234, 0.552577, 0.251410), (-0.292750, 0.569993, -0.767728, -0.162844), (-0.944681, -0.048217, 0.324428, 0.007588), (0.000000, 0.000000, 0.000000, 1.000000)
((0.147904, 0.820234, 0.552577, 0.251410), (-0.292750, 0.569993, -0.767728, -0.162809), (-0.944681, -0.048217, 0.324428, 0.007596), (0.000000, 0.000000, 0.000000, 1.000000)
((0.151916, 0.816775, 0.556597, 0.251368), (-0.293668, 0.575003, -0.763630, -0.160120), (-0.943759, -0.047447, 0.327213, 0.008171), (0.000000, 0.000000, 0.000000, 1.000000)
((0.151916, 0.816775, 0.556597, 0.251366), (-0.293668, 0.575003, -0.763630, -0.160068), (-0.943759, -0.047447, 0.327213, 0.008182), (0.000000, 0.000000, 0.000000, 1.000000)
((0.150807, 0.817337, 0.556073, 0.251286), (-0.295788, 0.574044, -0.763533, -0.157788), (-0.943274, -0.049334, 0.328328, 0.008672), (0.000000, 0.000000, 0.000000, 1.000000)
((0.153083, 0.816590, 0.556549, 0.251259), (-0.297376, 0.575148, -0.762084, -0.157030), (-0.942408, -0.048842, 0.330880, 0.008836), (0.000000, 0.000000, 0.000000, 1.000000)
((0.151608, 0.815158, 0.559046, 0.251130), (-0.297043, 0.577014, -0.760802, -0.154316), (-0.942751, -0.050717, 0.329617, 0.009418), (0.000000, 0.000000, 0.000000, 1.000000)
((0.154152, 0.814161, 0.559802, 0.251065), (-0.296861, 0.578561, -0.759698, -0.153119), (-0.942396, -0.049075, 0.330879, 0.009673), (0.000000, 0.000000, 0.000000, 1.000000)
((0.156584, 0.813310, 0.560365, 0.251011), (-0.298417, 0.579805, -0.758138, -0.152242), (-0.941503, -0.048510, 0.333494, 0.009861), (0.000000, 0.000000, 0.000000, 1.000000)
((0.156803, 0.814991, 0.557855, 0.250937), (-0.297791, 0.577569, -0.760089, -0.151028), (-0.941665, -0.046940, 0.333262, 0.010121), (0.000000, 0.000000, 0.000000, 1.000000)
((0.155924, 0.815332, 0.557603, 0.250787), (-0.296285, 0.577119, -0.761018, -0.148791), (-0.942286, -0.046548, 0.331557, 0.010603), (0.000000, 0.000000, 0.000000, 1.000000)
((0.157997, 0.814475, 0.558272, 0.250641), (-0.298229, 0.578331, -0.759337, -0.146772), (-0.941327, -0.046520, 0.334275, 0.011038), (0.000000, 0.000000, 0.000000, 1.000000)
((0.158524, 0.815903, 0.556033, 0.250541), (-0.297688, 0.576444, -0.760982, -0.145410), (-0.941410, -0.044890, 0.334265, 0.011331), (0.000000, 0.000000, 0.000000, 1.000000)
((0.161557, 0.814620, 0.557041, 0.250441), (-0.297392, 0.578404, -0.759610, -0.144038), (-0.940987, -0.042939, 0.335707, 0.011623), (0.000000, 0.000000, 0.000000, 1.000000)
((0.160807, 0.814727, 0.557101, 0.250318), (-0.296178, 0.578266, -0.760189, -0.142286), (-0.941499, -0.042757, 0.334293, 0.011991), (0.000000, 0.000000, 0.000000, 1.000000)
((0.160672, 0.816491, 0.554551, 0.250107), (-0.295794, 0.575859, -0.762163, -0.138860), (-0.941642, -0.041574, 0.334038, 0.012686), (0.000000, 0.000000, 0.000000, 1.000000)
((0.159884, 0.816437, 0.554858, 0.250014), (-0.294911, 0.575925, -0.762455, -0.137056), (-0.942053, -0.041729, 0.332858, 0.013032), (0.000000, 0.000000, 0.000000, 1.000000)
((0.162681, 0.817064, 0.553120, 0.249922), (-0.295949, 0.575184, -0.762613, -0.135080), (-0.941249, -0.039633, 0.335381, 0.013402), (0.000000, 0.000000, 0.000000, 1.000000)
((0.165126, 0.816166, 0.553720, 0.249889), (-0.297473, 0.576496, -0.761027, -0.134234), (-0.940342, -0.039051, 0.337982, 0.013553), (0.000000, 0.000000, 0.000000, 1.000000)
((0.167860, 0.816702, 0.552106, 0.249830), (-0.296821, 0.575935, -0.761706, -0.132249), (-0.940064, -0.036017, 0.339091, 0.013887), (0.000000, 0.000000, 0.000000, 1.000000)
((0.170289, 0.815692, 0.552854, 0.249807), (-0.298497, 0.577389, -0.759949, -0.131249), (-0.939096, -0.035614, 0.341805, 0.014048), (0.000000, 0.000000, 0.000000, 1.000000)
((0.172915, 0.814742, 0.553440, 0.249789), (-0.299807, 0.578779, -0.758373, -0.130451), (-0.938198, -0.034791, 0.344345, 0.014176), (0.000000, 0.000000, 0.000000, 1.000000)
((0.175274, 0.815712, 0.551265, 0.249768), (-0.300570, 0.577536, -0.759019, -0.129054), (-0.937516, -0.032658, 0.346406, 0.014391), (0.000000, 0.000000, 0.000000, 1.000000)
((0.175162, 0.815500, 0.551613, 0.249752), (-0.299248, 0.577867, -0.759289, -0.127956), (-0.937960, -0.032071, 0.345257, 0.014561), (0.000000, 0.000000, 0.000000, 1.000000)
((0.174947, 0.815347, 0.551909, 0.249743), (-0.299777, 0.578050, -0.758941, -0.126806), (-0.937831, -0.032675, 0.345550, 0.014733), (0.000000, 0.000000, 0.000000, 1.000000)
((0.177699, 0.815909, 0.550195, 0.249738), (-0.298942, 0.577428, -0.759744, -0.123899), (-0.937580, -0.029471, 0.346518, 0.015158), (0.000000, 0.000000, 0.000000, 1.000000)
((0.177321, 0.815847, 0.550410, 0.249748), (-0.299509, 0.577480, -0.759481, -0.122433), (-0.937471, -0.030181, 0.346753, 0.015365), (0.000000, 0.000000, 0.000000, 1.000000)
((0.177828, 0.817172, 0.548276, 0.249754), (-0.299114, 0.575680, -0.761001, -0.121420), (-0.937501, -0.028670, 0.346800, 0.015508), (0.000000, 0.000000, 0.000000, 1.000000)
((0.180690, 0.815875, 0.549272, 0.249760), (-0.298853, 0.577603, -0.759646, -0.120999), (-0.937037, -0.026891, 0.348194, 0.015566), (0.000000, 0.000000, 0.000000, 1.000000)
((0.177682, 0.817342, 0.548070, 0.249763), (-0.298987, 0.575442, -0.761232, -0.120743), (-0.937569, -0.028609, 0.346620, 0.015601), (0.000000, 0.000000, 0.000000, 1.000000)
((0.180282, 0.816187, 0.548942, 0.249774), (-0.300598, 0.577103, -0.759337, -0.120188), (-0.936557, -0.028116, 0.349386, 0.015674), (0.000000, 0.000000, 0.000000, 1.000000)
((0.177776, 0.816931, 0.548652, 0.249811), (-0.299607, 0.575997, -0.760567, -0.118775), (-0.937353, -0.029170, 0.347157, 0.015854), (0.000000, 0.000000, 0.000000, 1.000000)
((0.180980, 0.817048, 0.547429, 0.249846), (-0.298989, 0.575984, -0.760820, -0.117714), (-0.936937, -0.025982, 0.348530, 0.015982), (0.000000, 0.000000, 0.000000, 1.000000)
((0.180783, 0.816978, 0.547599, 0.249898), (-0.299356, 0.576063, -0.760616, -0.116395), (-0.936858, -0.026421, 0.348710, 0.016129), (0.000000, 0.000000, 0.000000, 1.000000)
((0.181286, 0.818298, 0.545457, 0.249950), (-0.298959, 0.574254, -0.762139, -0.115090), (-0.936888, -0.024904, 0.348742, 0.016275), (0.000000, 0.000000, 0.000000, 1.000000)
((0.183168, 0.817169, 0.546520, 0.250067), (-0.301367, 0.575834, -0.759996, -0.112535), (-0.935750, -0.025496, 0.351742, 0.016544), (0.000000, 0.000000, 0.000000, 1.000000)
((0.186585, 0.817400, 0.545017, 0.250105), (-0.300210, 0.575662, -0.760584, -0.111829), (-0.935447, -0.021706, 0.352801, 0.016614), (0.000000, 0.000000, 0.000000, 1.000000)
((0.187198, 0.820325, 0.540392, 0.250498), (-0.301101, 0.571554, -0.763324, -0.105800), (-0.935037, -0.019820, 0.353995, 0.017173), (0.000000, 0.000000, 0.000000, 1.000000)
((0.187555, 0.821798, 0.538025, 0.250616), (-0.300557, 0.569487, -0.765081, -0.104351), (-0.935141, -0.018212, 0.353807, 0.017295), (0.000000, 0.000000, 0.000000, 1.000000)
((0.187909, 0.823267, 0.535651, 0.250670), (-0.300012, 0.567411, -0.766836, -0.103770), (-0.935245, -0.016606, 0.353612, 0.017342), (0.000000, 0.000000, 0.000000, 1.000000)
((0.190237, 0.823895, 0.533860, 0.250860), (-0.301164, 0.566547, -0.767023, -0.102005), (-0.934404, -0.014863, 0.355906, 0.017476), (0.000000, 0.000000, 0.000000, 1.000000)
((0.188057, 0.826494, 0.530606, 0.250998), (-0.300789, 0.562751, -0.769959, -0.100805), (-0.934966, -0.014804, 0.354429, 0.017565), (0.000000, 0.000000, 0.000000, 1.000000)
((0.193237, 0.824214, 0.532288, 0.251167), (-0.301983, 0.566139, -0.767002, -0.099586), (-0.933523, -0.012529, 0.358298, 0.017648), (0.000000, 0.000000, 0.000000, 1.000000)
((0.191199, 0.828129, 0.526921, 0.251575), (-0.301569, 0.560422, -0.771352, -0.096844), (-0.934077, -0.011421, 0.356890, 0.017823), (0.000000, 0.000000, 0.000000, 1.000000)
((0.191549, 0.829571, 0.524520, 0.251752), (-0.301002, 0.558316, -0.773099, -0.095732), (-0.934188, -0.009795, 0.356647, 0.017890), (0.000000, 0.000000, 0.000000, 1.000000)
((0.191387, 0.829662, 0.524435, 0.251958), (-0.301039, 0.558178, -0.773183, -0.094496), (-0.934209, -0.009898, 0.356589, 0.017962), (0.000000, 0.000000, 0.000000, 1.000000)
((0.194704, 0.829449, 0.523551, 0.252245), (-0.300682, 0.558541, -0.773061, -0.092902), (-0.933639, -0.006904, 0.358150, 0.018046), (0.000000, 0.000000, 0.000000, 1.000000)
((0.192388, 0.832272, 0.519914, 0.252340), (-0.299993, 0.554328, -0.776353, -0.092408), (-0.934340, -0.006609, 0.356322, 0.018070), (0.000000, 0.000000, 0.000000, 1.000000)
((0.195881, 0.832040, 0.518981, 0.252634), (-0.299432, 0.554706, -0.776300, -0.090977), (-0.933794, -0.003337, 0.357796, 0.018133), (0.000000, 0.000000, 0.000000, 1.000000)
((0.192860, 0.833456, 0.517839, 0.252892), (-0.299718, 0.552562, -0.777718, -0.089776), (-0.934331, -0.005215, 0.356369, 0.018177), (0.000000, 0.000000, 0.000000, 1.000000)
((0.193363, 0.834788, 0.515499, 0.253080), (-0.299109, 0.550560, -0.779370, -0.088942), (-0.934422, -0.003489, 0.356151, 0.018204), (0.000000, 0.000000, 0.000000, 1.000000)
((0.194472, 0.836961, 0.511545, 0.253475), (-0.296997, 0.547263, -0.782493, -0.087194), (-0.934866, 0.000246, 0.355002, 0.018261), (0.000000, 0.000000, 0.000000, 1.000000)
((0.197411, 0.835335, 0.513073, 0.253616), (-0.298901, 0.549740, -0.780028, -0.086593), (-0.933642, 0.000628, 0.358207, 0.018278), (0.000000, 0.000000, 0.000000, 1.000000)
((0.197802, 0.837136, 0.509979, 0.253694), (-0.299168, 0.546991, -0.781856, -0.086266), (-0.933474, 0.002083, 0.358640, 0.018287), (0.000000, 0.000000, 0.000000, 1.000000)
((0.198666, 0.840002, 0.504905, 0.253968), (-0.297626, 0.542553, -0.785529, -0.085170), (-0.933783, 0.005785, 0.357793, 0.018312), (0.000000, 0.000000, 0.000000, 1.000000)
((0.198487, 0.840018, 0.504948, 0.254149), (-0.297830, 0.542530, -0.785467, -0.084446), (-0.933756, 0.005516, 0.357868, 0.018329), (0.000000, 0.000000, 0.000000, 1.000000)
((0.201884, 0.841875, 0.500490, 0.254561), (-0.299061, 0.539595, -0.787020, -0.082846), (-0.932634, 0.009210, 0.360708, 0.018360), (0.000000, 0.000000, 0.000000, 1.000000)
((0.199010, 0.843122, 0.499540, 0.254809), (-0.299474, 0.537673, -0.788177, -0.081915), (-0.933119, 0.007256, 0.359496, 0.018375), (0.000000, 0.000000, 0.000000, 1.000000)
((0.197398, 0.846522, 0.494404, 0.255380), (-0.297400, 0.532271, -0.792617, -0.079831), (-0.934124, 0.009425, 0.356825, 0.018400), (0.000000, 0.000000, 0.000000, 1.000000)
((0.200598, 0.846668, 0.492862, 0.255604), (-0.298007, 0.531983, -0.792582, -0.079012), (-0.933248, 0.012114, 0.359028, 0.018410), (0.000000, 0.000000, 0.000000, 1.000000)
((0.200274, 0.846847, 0.492687, 0.255902), (-0.299696, 0.531723, -0.792119, -0.077958), (-0.932777, 0.010984, 0.360287, 0.018420), (0.000000, 0.000000, 0.000000, 1.000000)
((0.204049, 0.847787, 0.489510, 0.256808), (-0.300412, 0.530131, -0.792915, -0.074815), (-0.931728, 0.014739, 0.362858, 0.018443), (0.000000, 0.000000, 0.000000, 1.000000)
((0.207293, 0.849409, 0.485319, 0.257663), (-0.303554, 0.527456, -0.793502, -0.071909), (-0.929992, 0.017167, 0.367179, 0.018459), (0.000000, 0.000000, 0.000000, 1.000000)
((0.205042, 0.851755, 0.482153, 0.257997), (-0.301834, 0.523638, -0.796681, -0.070773), (-0.931050, 0.017823, 0.364456, 0.018466), (0.000000, 0.000000, 0.000000, 1.000000)
((0.205623, 0.852627, 0.480360, 0.258478), (-0.301785, 0.522172, -0.797661, -0.069162), (-0.930938, 0.019052, 0.364681, 0.018474), (0.000000, 0.000000, 0.000000, 1.000000)
((0.206765, 0.854938, 0.475740, 0.259594), (-0.302087, 0.518275, -0.800084, -0.065473), (-0.930587, 0.021714, 0.365427, 0.018485), (0.000000, 0.000000, 0.000000, 1.000000)
((0.207342, 0.855801, 0.473936, 0.260285), (-0.302027, 0.516797, -0.801062, -0.063216), (-0.930478, 0.022953, 0.365628, 0.018488), (0.000000, 0.000000, 0.000000, 1.000000)
((0.210306, 0.854183, 0.475544, 0.260565), (-0.302263, 0.519401, -0.799287, -0.062307), (-0.929736, 0.024355, 0.367421, 0.018488), (0.000000, 0.000000, 0.000000, 1.000000)
((0.207940, 0.856166, 0.473013, 0.261355), (-0.301412, 0.516137, -0.801719, -0.059756), (-0.930544, 0.024138, 0.365384, 0.018481), (0.000000, 0.000000, 0.000000, 1.000000)
((0.206559, 0.859068, 0.468332, 0.262293), (-0.301287, 0.511242, -0.804896, -0.056744), (-0.930892, 0.025156, 0.364428, 0.018464), (0.000000, 0.000000, 0.000000, 1.000000)
((0.209982, 0.858631, 0.467612, 0.262956), (-0.301008, 0.511818, -0.804634, -0.054632), (-0.930216, 0.028204, 0.365927, 0.018444), (0.000000, 0.000000, 0.000000, 1.000000)
((0.209714, 0.858858, 0.467315, 0.263396), (-0.302414, 0.511483, -0.804320, -0.053244), (-0.929820, 0.027355, 0.366996, 0.018429), (0.000000, 0.000000, 0.000000, 1.000000)
((0.210134, 0.859868, 0.465264, 0.264167), (-0.302219, 0.509712, -0.805517, -0.050819), (-0.929789, 0.028655, 0.366976, 0.018401), (0.000000, 0.000000, 0.000000, 1.000000)
((0.210823, 0.860489, 0.463802, 0.265320), (-0.302454, 0.508604, -0.806129, -0.047276), (-0.929557, 0.029672, 0.367484, 0.018362), (0.000000, 0.000000, 0.000000, 1.000000)
((0.212361, 0.861872, 0.460521, 0.266330), (-0.300915, 0.506046, -0.808312, -0.044208), (-0.929706, 0.033076, 0.366815, 0.018334), (0.000000, 0.000000, 0.000000, 1.000000)
((0.212164, 0.861825, 0.460700, 0.266802), (-0.301288, 0.506155, -0.808105, -0.042777), (-0.929630, 0.032647, 0.367045, 0.018320), (0.000000, 0.000000, 0.000000, 1.000000)
((0.209367, 0.862846, 0.460068, 0.267024), (-0.300500, 0.504503, -0.809430, -0.042107), (-0.930519, 0.031217, 0.364911, 0.018315), (0.000000, 0.000000, 0.000000, 1.000000)
((0.210176, 0.864847, 0.455923, 0.268502), (-0.300134, 0.500898, -0.811801, -0.037674), (-0.930455, 0.033783, 0.364847, 0.018284), (0.000000, 0.000000, 0.000000, 1.000000)
((0.215928, 0.862165, 0.458308, 0.268912), (-0.301335, 0.505311, -0.808615, -0.036448), (-0.928748, 0.036498, 0.368911, 0.018276), (0.000000, 0.000000, 0.000000, 1.000000)
((0.214033, 0.864006, 0.455724, 0.269454), (-0.300101, 0.502134, -0.811049, -0.034836), (-0.929586, 0.036828, 0.366762, 0.018266), (0.000000, 0.000000, 0.000000, 1.000000)
((0.215101, 0.864257, 0.454744, 0.270068), (-0.299140, 0.501570, -0.811753, -0.033007), (-0.929649, 0.038577, 0.366422, 0.018255), (0.000000, 0.000000, 0.000000, 1.000000)
((0.215193, 0.863895, 0.455388, 0.270537), (-0.299778, 0.502235, -0.811106, -0.031619), (-0.929422, 0.038029, 0.367054, 0.018247), (0.000000, 0.000000, 0.000000, 1.000000)
((0.215286, 0.863779, 0.455563, 0.270941), (-0.298471, 0.502380, -0.811498, -0.030427), (-0.929821, 0.038732, 0.365968, 0.018240), (0.000000, 0.000000, 0.000000, 1.000000)
((0.212483, 0.864812, 0.454919, 0.271216), (-0.297702, 0.500710, -0.812812, -0.029614), (-0.930712, 0.037278, 0.363849, 0.018236), (0.000000, 0.000000, 0.000000, 1.000000)
((0.213178, 0.865817, 0.452676, 0.271454), (-0.295698, 0.498773, -0.814732, -0.028917), (-0.931192, 0.039827, 0.362348, 0.018234), (0.000000, 0.000000, 0.000000, 1.000000)
((0.211626, 0.865688, 0.453651, 0.273728), (-0.292605, 0.498993, -0.815713, -0.022275), (-0.932522, 0.039886, 0.358904, 0.018223), (0.000000, 0.000000, 0.000000, 1.000000)
((0.212333, 0.866084, 0.452564, 0.274514), (-0.291968, 0.498197, -0.816428, -0.019992), (-0.932561, 0.041220, 0.358652, 0.018226), (0.000000, 0.000000, 0.000000, 1.000000)
((0.212726, 0.865168, 0.454128, 0.275252), (-0.290651, 0.499755, -0.815945, -0.017848), (-0.932882, 0.041580, 0.357773, 0.018228), (0.000000, 0.000000, 0.000000, 1.000000)
((0.210378, 0.867107, 0.451517, 0.275921), (-0.288502, 0.496350, -0.818782, -0.015909), (-0.934081, 0.041990, 0.354583, 0.018235), (0.000000, 0.000000, 0.000000, 1.000000)
((0.207609, 0.867742, 0.451577, 0.276543), (-0.287105, 0.495357, -0.819873, -0.014106), (-0.935131, 0.040563, 0.351974, 0.018242), (0.000000, 0.000000, 0.000000, 1.000000)
((0.205170, 0.868192, 0.451827, 0.277125), (-0.285624, 0.494665, -0.820808, -0.012422), (-0.936122, 0.039353, 0.349467, 0.018255), (0.000000, 0.000000, 0.000000, 1.000000)
((0.205744, 0.868908, 0.450187, 0.277766), (-0.284593, 0.493272, -0.822003, -0.010565), (-0.936310, 0.041002, 0.348773, 0.018268), (0.000000, 0.000000, 0.000000, 1.000000)
((0.208858, 0.867122, 0.452193, 0.278391), (-0.285356, 0.496305, -0.819911, -0.008755), (-0.935388, 0.042209, 0.351096, 0.018286), (0.000000, 0.000000, 0.000000, 1.000000)
((0.208887, 0.866697, 0.452992, 0.278970), (-0.284907, 0.497051, -0.819615, -0.007075), (-0.935518, 0.042146, 0.350756, 0.018302), (0.000000, 0.000000, 0.000000, 1.000000)
((0.209455, 0.867424, 0.451336, 0.279525), (-0.283902, 0.495639, -0.820818, -0.005459), (-0.935697, 0.043789, 0.350077, 0.018321), (0.000000, 0.000000, 0.000000, 1.000000)
((0.209766, 0.866626, 0.452722, 0.280059), (-0.283892, 0.497060, -0.819962, -0.003904), (-0.935630, 0.043476, 0.350295, 0.018340), (0.000000, 0.000000, 0.000000, 1.000000)
((0.209977, 0.866190, 0.453459, 0.280310), (-0.283243, 0.497802, -0.819736, -0.003170), (-0.935779, 0.043686, 0.349869, 0.018349), (0.000000, 0.000000, 0.000000, 1.000000)
((0.212924, 0.866230, 0.452005, 0.280814), (-0.284230, 0.497520, -0.819565, -0.001699), (-0.934814, 0.046032, 0.352143, 0.018368), (0.000000, 0.000000, 0.000000, 1.000000)
((0.215223, 0.863625, 0.455884, 0.281185), (-0.285118, 0.502054, -0.816486, -0.000610), (-0.934016, 0.045746, 0.354289, 0.018383), (0.000000, 0.000000, 0.000000, 1.000000)
((0.212557, 0.864430, 0.455609, 0.281533), (-0.284636, 0.500818, -0.817413, 0.000409), (-0.934774, 0.044064, 0.352500, 0.018397), (0.000000, 0.000000, 0.000000, 1.000000)
((0.212557, 0.864430, 0.455609, 0.281534), (-0.284636, 0.500818, -0.817413, 0.000412), (-0.934774, 0.044064, 0.352500, 0.018397), (0.000000, 0.000000, 0.000000, 1.000000)
((0.216184, 0.863686, 0.455314, 0.282177), (-0.285047, 0.501856, -0.816632, 0.002305), (-0.933816, 0.046757, 0.354685, 0.018427), (0.000000, 0.000000, 0.000000, 1.000000)
((0.216123, 0.863409, 0.455867, 0.282582), (-0.285725, 0.502392, -0.816066, 0.003500), (-0.933623, 0.046118, 0.355276, 0.018448), (0.000000, 0.000000, 0.000000, 1.000000)
((0.218695, 0.862169, 0.456987, 0.282769), (-0.287217, 0.504452, -0.814269, 0.004052), (-0.932566, 0.046822, 0.357951, 0.018458), (0.000000, 0.000000, 0.000000, 1.000000)
((0.219466, 0.862480, 0.456030, 0.283592), (-0.285624, 0.503746, -0.815266, 0.006484), (-0.932874, 0.048670, 0.356900, 0.018504), (0.000000, 0.000000, 0.000000, 1.000000)
((0.222903, 0.861720, 0.455799, 0.284293), (-0.286262, 0.504809, -0.814384, 0.008556), (-0.931863, 0.051051, 0.359201, 0.018543), (0.000000, 0.000000, 0.000000, 1.000000)
((0.225829, 0.859841, 0.457902, 0.285157), (-0.287262, 0.507921, -0.812094, 0.011118), (-0.930850, 0.051857, 0.361703, 0.018594), (0.000000, 0.000000, 0.000000, 1.000000)
((0.228201, 0.858496, 0.459249, 0.285650), (-0.289123, 0.510171, -0.810021, 0.012585), (-0.929695, 0.052068, 0.364632, 0.018623), (0.000000, 0.000000, 0.000000, 1.000000)
((0.231707, 0.857476, 0.459398, 0.286546), (-0.288855, 0.511597, -0.809217, 0.015251), (-0.928911, 0.054802, 0.366227, 0.018675), (0.000000, 0.000000, 0.000000, 1.000000)
((0.235176, 0.856853, 0.458797, 0.287146), (-0.288996, 0.512333, -0.808700, 0.017043), (-0.927994, 0.057596, 0.368116, 0.018711), (0.000000, 0.000000, 0.000000, 1.000000)
((0.238122, 0.855030, 0.460675, 0.287640), (-0.289665, 0.515253, -0.806603, 0.018515), (-0.927034, 0.058629, 0.370365, 0.018741), (0.000000, 0.000000, 0.000000, 1.000000)
((0.240904, 0.853282, 0.462466, 0.288153), (-0.290372, 0.518040, -0.804561, 0.020062), (-0.926094, 0.059535, 0.372567, 0.018774), (0.000000, 0.000000, 0.000000, 1.000000)
((0.241612, 0.853962, 0.460839, 0.288666), (-0.289436, 0.516712, -0.805751, 0.021606), (-0.926202, 0.061296, 0.372011, 0.018807), (0.000000, 0.000000, 0.000000, 1.000000)
((0.242282, 0.854505, 0.459479, 0.289202), (-0.288860, 0.515644, -0.806642, 0.023237), (-0.926207, 0.062710, 0.371764, 0.018843), (0.000000, 0.000000, 0.000000, 1.000000)
((0.242489, 0.854074, 0.460170, 0.289413), (-0.288283, 0.516336, -0.806406, 0.023879), (-0.926333, 0.062885, 0.371421, 0.018857), (0.000000, 0.000000, 0.000000, 1.000000)
((0.245222, 0.852096, 0.462384, 0.290183), (-0.289517, 0.519548, -0.803896, 0.026277), (-0.925228, 0.063265, 0.374101, 0.018911), (0.000000, 0.000000, 0.000000, 1.000000)
((0.242747, 0.853051, 0.461928, 0.290422), (-0.288875, 0.518133, -0.805040, 0.027022), (-0.926081, 0.061982, 0.372200, 0.018928), (0.000000, 0.000000, 0.000000, 1.000000)
((0.245512, 0.851753, 0.462861, 0.290451), (-0.289789, 0.520128, -0.803424, 0.027114), (-0.925066, 0.063118, 0.374526, 0.018930), (0.000000, 0.000000, 0.000000, 1.000000)
((0.245512, 0.851753, 0.462861, 0.290490), (-0.289789, 0.520128, -0.803424, 0.027237), (-0.925066, 0.063118, 0.374526, 0.018933), (0.000000, 0.000000, 0.000000, 1.000000)
((0.251193, 0.848448, 0.465874, 0.290676), (-0.291554, 0.525275, -0.799426, 0.027825), (-0.922983, 0.064983, 0.379314, 0.018948), (0.000000, 0.000000, 0.000000, 1.000000)
((0.248384, 0.849574, 0.465327, 0.290888), (-0.291162, 0.523647, -0.800636, 0.028494), (-0.923867, 0.063380, 0.377429, 0.018965), (0.000000, 0.000000, 0.000000, 1.000000)
((0.251208, 0.847971, 0.466733, 0.291100), (-0.291365, 0.526077, -0.798968, 0.029166), (-0.923039, 0.064718, 0.379224, 0.018983), (0.000000, 0.000000, 0.000000, 1.000000)
((0.251208, 0.847971, 0.466733, 0.291181), (-0.291365, 0.526077, -0.798968, 0.029426), (-0.923039, 0.064718, 0.379224, 0.018990), (0.000000, 0.000000, 0.000000, 1.000000)
((0.254553, 0.847627, 0.465544, 0.291408), (-0.290896, 0.526220, -0.799044, 0.030154), (-0.922270, 0.067974, 0.380522, 0.019009), (0.000000, 0.000000, 0.000000, 1.000000)
((0.254680, 0.847380, 0.465924, 0.291482), (-0.291207, 0.526651, -0.798647, 0.030391), (-0.922137, 0.067719, 0.380890, 0.019016), (0.000000, 0.000000, 0.000000, 1.000000)
((0.254825, 0.847204, 0.466165, 0.291535), (-0.291344, 0.526944, -0.798404, 0.030563), (-0.922054, 0.067639, 0.381106, 0.019021), (0.000000, 0.000000, 0.000000, 1.000000)
((0.257821, 0.845526, 0.467563, 0.291665), (-0.291337, 0.529431, -0.796759, 0.030985), (-0.921223, 0.069203, 0.382831, 0.019033), (0.000000, 0.000000, 0.000000, 1.000000)
((0.260537, 0.843428, 0.469840, 0.292397), (-0.292583, 0.532738, -0.794094, 0.033414), (-0.920063, 0.069424, 0.385571, 0.019106), (0.000000, 0.000000, 0.000000, 1.000000)
((0.260520, 0.843356, 0.469979, 0.292553), (-0.292757, 0.532875, -0.793938, 0.033932), (-0.920012, 0.069247, 0.385723, 0.019122), (0.000000, 0.000000, 0.000000, 1.000000)
((0.263477, 0.841485, 0.471680, 0.292790), (-0.293100, 0.535673, -0.791926, 0.034733), (-0.919061, 0.070405, 0.387777, 0.019145), (0.000000, 0.000000, 0.000000, 1.000000)
((0.264364, 0.841688, 0.470822, 0.293570), (-0.291852, 0.535120, -0.792760, 0.037406), (-0.919203, 0.072167, 0.387115, 0.019224), (0.000000, 0.000000, 0.000000, 1.000000)
