<PointSplatMark HeadPosAtStart="(0.810272, -0.0680991, 1.80576)" BrushTip="0" BrushInterface="ForceTapeDraw" SuperSamplesPerWidth="20" Draw="0" Width="0.022" Pose="1" LayerIndex="0" Name="sidecurve" RoomToVirtualScaleAtStart="0.834423" RoomToVirtualFrameAtStart="((0.818541, 0.326006, 0.472980, 0.056406), (-0.268518, 0.945016, -0.186663, 0.077218), (-0.507827, 0.025788, 0.861073, 0.106391), (0.000000, 0.000000, 0.000000, 1.000000)" ColorSwatch="0.170979"><SamplePoints Num="90">(-0.0646892, 0.0546148, 0.120767)
(-0.0643963, 0.0550259, 0.120745)
(-0.0638014, 0.0558651, 0.120706)
(-0.0634539, 0.0563552, 0.120684)
(-0.0624454, 0.0577772, 0.120623)
(-0.0610512, 0.0597474, 0.120536)
(-0.060618, 0.06036, 0.120509)
(-0.0597848, 0.061538, 0.120458)
(-0.0574694, 0.0648454, 0.12033)
(-0.0569035, 0.0656585, 0.120303)
(-0.05615, 0.066741, 0.120266)
(-0.0552228, 0.06808, 0.12023)
(-0.0543807, 0.0693066, 0.120204)
(-0.052996, 0.0713447, 0.120181)
(-0.0525962, 0.0719351, 0.120178)
(-0.0518408, 0.0730506, 0.120173)
(-0.0507973, 0.0745927, 0.120177)
(-0.0486607, 0.0777575, 0.120202)
(-0.0481251, 0.0785502, 0.120213)
(-0.045783, 0.0820168, 0.120268)
(-0.0446792, 0.083647, 0.120291)
(-0.0433366, 0.0856455, 0.120319)
(-0.0427328, 0.0865523, 0.120331)
(-0.0422886, 0.0872194, 0.12034)
(-0.0419556, 0.087724, 0.120347)
(-0.0413436, 0.0886513, 0.120361)
(-0.0404027, 0.090092, 0.120383)
(-0.0398373, 0.0909579, 0.120396)
(-0.0392312, 0.091895, 0.120414)
(-0.0381013, 0.093642, 0.120449)
(-0.0365706, 0.096027, 0.120514)
(-0.0357574, 0.0973045, 0.120558)
(-0.0337639, 0.100449, 0.120691)
(-0.031656, 0.103787, 0.120873)
(-0.0315796, 0.103908, 0.12088)
(-0.0291598, 0.107782, 0.121125)
(-0.0284621, 0.108901, 0.121203)
(-0.027592, 0.110295, 0.121301)
(-0.0268652, 0.111469, 0.121391)
(-0.0266084, 0.111884, 0.121423)
(-0.0232258, 0.117395, 0.121911)
(-0.0223427, 0.118838, 0.122047)
(-0.0203107, 0.122197, 0.122375)
(-0.0192523, 0.123959, 0.122555)
(-0.0183915, 0.125418, 0.122714)
(-0.0165532, 0.128592, 0.12308)
(-0.0162709, 0.129093, 0.123141)
(-0.0159858, 0.129599, 0.123202)
(-0.0155535, 0.130396, 0.123302)
(-0.0143132, 0.132771, 0.123622)
(-0.0138237, 0.133708, 0.123748)
(-0.0127036, 0.135951, 0.124066)
(-0.0117821, 0.13788, 0.124355)
(-0.0112144, 0.139068, 0.124533)
(-0.0106252, 0.140345, 0.124733)
(-0.0100335, 0.141628, 0.124934)
(-0.00960001, 0.142596, 0.125091)
(-0.00902074, 0.143889, 0.1253)
(-0.00801951, 0.146192, 0.12568)
(-0.00788665, 0.146497, 0.12573)
(-0.00738968, 0.14767, 0.125933)
(-0.00496415, 0.153618, 0.126991)
(-0.00442697, 0.154953, 0.127229)
(-0.00311637, 0.158326, 0.127843)
(-0.00250968, 0.159931, 0.128142)
(-0.00130871, 0.163202, 0.128764)
(-0.00043138, 0.165592, 0.129219)
(-0.000195311, 0.166257, 0.129348)
(4.43516e-05, 0.166933, 0.129479)
(0.000379907, 0.167905, 0.129675)
(0.00138348, 0.170852, 0.130275)
(0.00251509, 0.174285, 0.130987)
(0.00251509, 0.174285, 0.130987)
(0.00353296, 0.177481, 0.131653)
(0.00407993, 0.179198, 0.132011)
(0.00469614, 0.181201, 0.132423)
(0.00513396, 0.182623, 0.132716)
(0.00541458, 0.183604, 0.132909)
(0.00598812, 0.185609, 0.133303)
(0.00619626, 0.186391, 0.133444)
(0.00661618, 0.187968, 0.133728)
(0.00708967, 0.189931, 0.13404)
(0.00745632, 0.191475, 0.134278)
(0.00814919, 0.195044, 0.134677)
(0.00833468, 0.196148, 0.134772)
(0.00845441, 0.197114, 0.134802)
(0.00876467, 0.200337, 0.13481)
(0.00892747, 0.203334, 0.134691)
(0.00895771, 0.205087, 0.134557)
(0.00895098, 0.20526, 0.134535)
</SamplePoints>
<SampleFrames Num="90">((-0.380981, 0.734944, 0.560991, -0.064689), (-0.180462, 0.535972, -0.824723, 0.054615), (-0.906801, -0.415441, -0.071566, 0.120767), (0.000000, 0.000000, 0.000000, 1.000000)
((0.380827, 0.629755, 0.677038, -0.064396), (-0.180513, 0.768759, -0.613534, 0.055026), (-0.906855, 0.111436, 0.406443, 0.120745), (0.000000, 0.000000, 0.000000, 1.000000)
((0.383792, 0.626020, 0.678824, -0.063801), (-0.182188, 0.772004, -0.608947, 0.055865), (-0.905269, 0.110035, 0.410342, 0.120706), (0.000000, 0.000000, 0.000000, 1.000000)
((0.386559, 0.624822, 0.678358, -0.063454), (-0.183619, 0.772950, -0.607315, 0.056355), (-0.903801, 0.110204, 0.413520, 0.120684), (0.000000, 0.000000, 0.000000, 1.000000)
((0.389211, 0.621388, 0.679994, -0.062445), (-0.185386, 0.775938, -0.602953, 0.057777), (-0.902301, 0.108614, 0.417200, 0.120623), (0.000000, 0.000000, 0.000000, 1.000000)
((0.392374, 0.619511, 0.679889, -0.061051), (-0.187083, 0.777466, -0.600455, 0.059747), (-0.900579, 0.108407, 0.420958, 0.120536), (0.000000, 0.000000, 0.000000, 1.000000)
((0.394673, 0.616501, 0.681292, -0.060618), (-0.188743, 0.780070, -0.596546, 0.060360), (-0.899227, 0.106851, 0.424233, 0.120509), (0.000000, 0.000000, 0.000000, 1.000000)
((0.395102, 0.615780, 0.681696, -0.059785), (-0.189235, 0.780715, -0.595545, 0.061538), (-0.898935, 0.106300, 0.424989, 0.120458), (0.000000, 0.000000, 0.000000, 1.000000)
((0.406967, 0.604221, 0.685051, -0.057469), (-0.195721, 0.790229, -0.580717, 0.064845), (-0.892228, 0.102254, 0.439856, 0.120330), (0.000000, 0.000000, 0.000000, 1.000000)
((0.409093, 0.598869, 0.688476, -0.056903), (-0.197770, 0.794757, -0.573802, 0.065658), (-0.890803, 0.098578, 0.443568, 0.120303), (0.000000, 0.000000, 0.000000, 1.000000)
((0.412295, 0.596563, 0.688568, -0.056150), (-0.199578, 0.796579, -0.570640, 0.066741), (-0.888922, 0.097849, 0.447486, 0.120266), (0.000000, 0.000000, 0.000000, 1.000000)
((0.413219, 0.595494, 0.688939, -0.055223), (-0.198369, 0.797246, -0.570131, 0.068080), (-0.888763, 0.098925, 0.447565, 0.120230), (0.000000, 0.000000, 0.000000, 1.000000)
((0.414409, 0.595831, 0.687932, -0.054381), (-0.199087, 0.796937, -0.570312, 0.069307), (-0.888048, 0.099384, 0.448880, 0.120204), (0.000000, 0.000000, 0.000000, 1.000000)
((0.420165, 0.587339, 0.691733, -0.052996), (-0.202772, 0.803777, -0.559308, 0.071345), (-0.884503, 0.094738, 0.456815, 0.120181), (0.000000, 0.000000, 0.000000, 1.000000)
((0.418164, 0.590080, 0.690611, -0.052596), (-0.201693, 0.801611, -0.562797, 0.071935), (-0.885697, 0.096050, 0.454220, 0.120178), (0.000000, 0.000000, 0.000000, 1.000000)
((0.419613, 0.588132, 0.691394, -0.051841), (-0.200738, 0.802963, -0.561208, 0.073051), (-0.885228, 0.096701, 0.454994, 0.120173), (0.000000, 0.000000, 0.000000, 1.000000)
((0.418599, 0.591517, 0.689117, -0.050797), (-0.200234, 0.800237, -0.565267, 0.074593), (-0.885822, 0.098636, 0.453420, 0.120177), (0.000000, 0.000000, 0.000000, 1.000000)
((0.422694, 0.585589, 0.691676, -0.048661), (-0.201198, 0.804799, -0.558407, 0.077758), (-0.883657, 0.096871, 0.458003, 0.120202), (0.000000, 0.000000, 0.000000, 1.000000)
((0.423072, 0.584928, 0.692004, -0.048125), (-0.201493, 0.805331, -0.557533, 0.078550), (-0.883408, 0.096443, 0.458572, 0.120213), (0.000000, 0.000000, 0.000000, 1.000000)
((0.425340, 0.583088, 0.692166, -0.045783), (-0.203747, 0.806856, -0.554500, 0.082017), (-0.881801, 0.094824, 0.461991, 0.120268), (0.000000, 0.000000, 0.000000, 1.000000)
((0.427225, 0.577712, 0.695506, -0.044679), (-0.206266, 0.811232, -0.547136, 0.083647), (-0.880303, 0.090291, 0.465741, 0.120291), (0.000000, 0.000000, 0.000000, 1.000000)
((0.430989, 0.573995, 0.696260, -0.043337), (-0.208686, 0.814087, -0.541953, 0.085646), (-0.877895, 0.088276, 0.470647, 0.120319), (0.000000, 0.000000, 0.000000, 1.000000)
((0.433502, 0.569961, 0.698012, -0.042733), (-0.210831, 0.817226, -0.536369, 0.086552), (-0.876143, 0.085354, 0.474435, 0.120331), (0.000000, 0.000000, 0.000000, 1.000000)
((0.435824, 0.566237, 0.699595, -0.042289), (-0.212826, 0.820093, -0.531181, 0.087219), (-0.874507, 0.082609, 0.477926, 0.120340), (0.000000, 0.000000, 0.000000, 1.000000)
((0.438103, 0.562607, 0.701099, -0.041956), (-0.214621, 0.822840, -0.526187, 0.087724), (-0.872928, 0.080054, 0.481236, 0.120347), (0.000000, 0.000000, 0.000000, 1.000000)
((0.441174, 0.558145, 0.702737, -0.041344), (-0.214647, 0.825962, -0.521262, 0.088651), (-0.871374, 0.079127, 0.484197, 0.120361), (0.000000, 0.000000, 0.000000, 1.000000)
((0.441728, 0.556847, 0.703418, -0.040403), (-0.215927, 0.827000, -0.519082, 0.090092), (-0.870777, 0.077406, 0.485547, 0.120383), (0.000000, 0.000000, 0.000000, 1.000000)
((0.444399, 0.552328, 0.705297, -0.039837), (-0.218211, 0.830339, -0.512758, 0.090958), (-0.868846, 0.073966, 0.489526, 0.120396), (0.000000, 0.000000, 0.000000, 1.000000)
((0.446952, 0.547883, 0.707148, -0.039231), (-0.220738, 0.833603, -0.506340, 0.091895), (-0.866896, 0.070215, 0.493519, 0.120414), (0.000000, 0.000000, 0.000000, 1.000000)
((0.448121, 0.545521, 0.708233, -0.038101), (-0.222017, 0.835323, -0.502936, 0.093642), (-0.865965, 0.068136, 0.495441, 0.120449), (0.000000, 0.000000, 0.000000, 1.000000)
((0.452930, 0.540064, 0.709355, -0.036571), (-0.222511, 0.838944, -0.496650, 0.096027), (-0.863333, 0.067109, 0.500153, 0.120514), (0.000000, 0.000000, 0.000000, 1.000000)
((0.453471, 0.538738, 0.710018, -0.035757), (-0.223789, 0.839939, -0.494389, 0.097305), (-0.862718, 0.065297, 0.501452, 0.120558), (0.000000, 0.000000, 0.000000, 1.000000)
((0.455241, 0.535599, 0.711259, -0.033764), (-0.224001, 0.842038, -0.490709, 0.100449), (-0.861731, 0.064068, 0.503305, 0.120691), (0.000000, 0.000000, 0.000000, 1.000000)
((0.457949, 0.533012, 0.711464, -0.031656), (-0.224548, 0.843720, -0.487560, 0.103787), (-0.860152, 0.063520, 0.506067, 0.120873), (0.000000, 0.000000, 0.000000, 1.000000)
((0.457984, 0.532890, 0.711533, -0.031580), (-0.224744, 0.843816, -0.487303, 0.103908), (-0.860082, 0.063264, 0.506218, 0.120880), (0.000000, 0.000000, 0.000000, 1.000000)
((0.457682, 0.532400, 0.712094, -0.029160), (-0.226070, 0.844262, -0.485915, 0.107782), (-0.859895, 0.061412, 0.506764, 0.121125), (0.000000, 0.000000, 0.000000, 1.000000)
((0.458875, 0.530706, 0.712590, -0.028462), (-0.224814, 0.845268, -0.484749, 0.108901), (-0.859588, 0.062239, 0.507182, 0.121203), (0.000000, 0.000000, 0.000000, 1.000000)
((0.459735, 0.528759, 0.713483, -0.027592), (-0.226191, 0.846644, -0.481697, 0.110295), (-0.858767, 0.060069, 0.508833, 0.121301), (0.000000, 0.000000, 0.000000, 1.000000)
((0.460053, 0.527903, 0.713912, -0.026865), (-0.227124, 0.847270, -0.480154, 0.111469), (-0.858351, 0.058750, 0.509689, 0.121391), (0.000000, 0.000000, 0.000000, 1.000000)
((0.460122, 0.527657, 0.714049, -0.026608), (-0.227517, 0.847459, -0.479634, 0.111884), (-0.858210, 0.058232, 0.509985, 0.121423), (0.000000, 0.000000, 0.000000, 1.000000)
((0.462325, 0.522883, 0.716135, -0.023226), (-0.230284, 0.850722, -0.472484, 0.117395), (-0.856285, 0.053527, 0.513722, 0.121911), (0.000000, 0.000000, 0.000000, 1.000000)
((0.464818, 0.516441, 0.719189, -0.022343), (-0.231269, 0.854889, -0.464414, 0.118838), (-0.854669, 0.049542, 0.516804, 0.122047), (0.000000, 0.000000, 0.000000, 1.000000)
((0.464241, 0.518833, 0.717839, -0.020311), (-0.232312, 0.853421, -0.466587, 0.122197), (-0.854699, 0.049846, 0.516724, 0.122375), (0.000000, 0.000000, 0.000000, 1.000000)
((0.467432, 0.513393, 0.719677, -0.019252), (-0.233313, 0.856867, -0.459722, 0.123959), (-0.852685, 0.046979, 0.520308, 0.122555), (0.000000, 0.000000, 0.000000, 1.000000)
((0.469385, 0.507046, 0.722898, -0.018391), (-0.236777, 0.860984, -0.450159, 0.125418), (-0.850655, 0.040132, 0.524190, 0.122714), (0.000000, 0.000000, 0.000000, 1.000000)
((0.466571, 0.510797, 0.722079, -0.016553), (-0.237245, 0.858742, -0.454177, 0.128592), (-0.852072, 0.040596, 0.521848, 0.123080), (0.000000, 0.000000, 0.000000, 1.000000)
((0.468806, 0.506713, 0.723507, -0.016271), (-0.239216, 0.861318, -0.448226, 0.129093), (-0.850292, 0.037057, 0.525005, 0.123141), (0.000000, 0.000000, 0.000000, 1.000000)
((0.468871, 0.506468, 0.723636, -0.015986), (-0.239607, 0.861485, -0.447697, 0.129599), (-0.850146, 0.036524, 0.525279, 0.123202), (0.000000, 0.000000, 0.000000, 1.000000)
((0.469178, 0.505609, 0.724039, -0.015554), (-0.240537, 0.862047, -0.446114, 0.130396), (-0.849714, 0.035149, 0.526071, 0.123302), (0.000000, 0.000000, 0.000000, 1.000000)
((0.468655, 0.506358, 0.723854, -0.014313), (-0.239407, 0.861550, -0.447679, 0.132771), (-0.850322, 0.036511, 0.524995, 0.123622), (0.000000, 0.000000, 0.000000, 1.000000)
((0.471447, 0.501742, 0.725254, -0.013824), (-0.239913, 0.864334, -0.442006, 0.133708), (-0.848634, 0.034385, 0.527862, 0.123748), (0.000000, 0.000000, 0.000000, 1.000000)
((0.469788, 0.504010, 0.724757, -0.012704), (-0.240437, 0.863010, -0.444302, 0.135951), (-0.849405, 0.034469, 0.526614, 0.124066), (0.000000, 0.000000, 0.000000, 1.000000)
((0.471333, 0.501280, 0.725647, -0.011782), (-0.240296, 0.864633, -0.441211, 0.137880), (-0.848589, 0.033587, 0.527986, 0.124355), (0.000000, 0.000000, 0.000000, 1.000000)
((0.472142, 0.500158, 0.725896, -0.011214), (-0.239368, 0.865258, -0.440490, 0.139068), (-0.848402, 0.034218, 0.528246, 0.124533), (0.000000, 0.000000, 0.000000, 1.000000)
((0.468079, 0.506896, 0.723850, -0.010625), (-0.237767, 0.861161, -0.449299, 0.140345), (-0.851099, 0.038200, 0.523615, 0.124733), (0.000000, 0.000000, 0.000000, 1.000000)
((0.469035, 0.505547, 0.724174, -0.010034), (-0.236789, 0.861926, -0.448347, 0.141628), (-0.850845, 0.038814, 0.523981, 0.124934), (0.000000, 0.000000, 0.000000, 1.000000)
((0.467406, 0.510578, 0.721694, -0.009600), (-0.235545, 0.858771, -0.455006, 0.142596), (-0.852086, 0.042681, 0.521659, 0.125091), (0.000000, 0.000000, 0.000000, 1.000000)
((0.465752, 0.513057, 0.721004, -0.009021), (-0.235240, 0.857240, -0.458041, 0.143889), (-0.853075, 0.043725, 0.519952, 0.125300), (0.000000, 0.000000, 0.000000, 1.000000)
((0.464873, 0.514573, 0.720491, -0.008020), (-0.233812, 0.856229, -0.460657, 0.146192), (-0.853947, 0.045687, 0.518351, 0.125680), (0.000000, 0.000000, 0.000000, 1.000000)
((0.464762, 0.514694, 0.720476, -0.007887), (-0.234056, 0.856168, -0.460646, 0.146497), (-0.853940, 0.045459, 0.518381, 0.125730), (0.000000, 0.000000, 0.000000, 1.000000)
((0.462637, 0.518002, 0.719473, -0.007390), (-0.233696, 0.854097, -0.464656, 0.147670), (-0.855192, 0.046829, 0.516192, 0.125933), (0.000000, 0.000000, 0.000000, 1.000000)
((0.467744, 0.511990, 0.720474, -0.004964), (-0.233721, 0.857772, -0.457823, 0.153618), (-0.852403, 0.045754, 0.520880, 0.126991), (0.000000, 0.000000, 0.000000, 1.000000)
((0.465798, 0.514968, 0.719611, -0.004427), (-0.233517, 0.855927, -0.461366, 0.154953), (-0.853523, 0.046862, 0.518943, 0.127229), (0.000000, 0.000000, 0.000000, 1.000000)
((0.467937, 0.514001, 0.718915, -0.003116), (-0.232284, 0.856402, -0.461107, 0.158326), (-0.852689, 0.048777, 0.520136, 0.127843), (0.000000, 0.000000, 0.000000, 1.000000)
((0.470666, 0.509449, 0.720371, -0.002510), (-0.233229, 0.859255, -0.455285, 0.159931), (-0.850928, 0.046276, 0.523240, 0.128142), (0.000000, 0.000000, 0.000000, 1.000000)
((0.469480, 0.511305, 0.719830, -0.001309), (-0.232752, 0.858094, -0.457713, 0.163202), (-0.851713, 0.047345, 0.521865, 0.128764), (0.000000, 0.000000, 0.000000, 1.000000)
((0.470823, 0.511282, 0.718969, -0.000431), (-0.232666, 0.858056, -0.457828, 0.165592), (-0.850995, 0.048276, 0.522950, 0.129219), (0.000000, 0.000000, 0.000000, 1.000000)
((0.473671, 0.506824, 0.720253, -0.000195), (-0.232533, 0.860768, -0.452777, 0.166257), (-0.849450, 0.046985, 0.525574, 0.129348), (0.000000, 0.000000, 0.000000, 1.000000)
((0.471480, 0.510504, 0.719092, 0.000044), (-0.231804, 0.858478, -0.457474, 0.166933), (-0.850866, 0.049001, 0.523092, 0.129479), (0.000000, 0.000000, 0.000000, 1.000000)
((0.471136, 0.508498, 0.720737, 0.000380), (-0.232972, 0.859826, -0.454338, 0.167905), (-0.850738, 0.046143, 0.523561, 0.129675), (0.000000, 0.000000, 0.000000, 1.000000)
((0.474962, 0.504768, 0.720847, 0.001383), (-0.232468, 0.862009, -0.450443, 0.170852), (-0.848746, 0.046370, 0.526764, 0.130275), (0.000000, 0.000000, 0.000000, 1.000000)
((0.475552, 0.503379, 0.721430, 0.002515), (-0.233901, 0.862931, -0.447929, 0.174285), (-0.848022, 0.044270, 0.528109, 0.130987), (0.000000, 0.000000, 0.000000, 1.000000)
((0.475552, 0.503379, 0.721430, 0.002515), (-0.233901, 0.862931, -0.447929, 0.174285), (-0.848022, 0.044270, 0.528109, 0.130987), (0.000000, 0.000000, 0.000000, 1.000000)
((0.476791, 0.501843, 0.721681, 0.003533), (-0.232608, 0.863775, -0.446975, 0.177481), (-0.847681, 0.045245, 0.528573, 0.131653), (0.000000, 0.000000, 0.000000, 1.000000)
((0.477820, 0.502602, 0.720471, 0.004080), (-0.231837, 0.863226, -0.448433, 0.179198), (-0.847313, 0.047238, 0.528989, 0.132011), (0.000000, 0.000000, 0.000000, 1.000000)
((0.476040, 0.505087, 0.719912, 0.004696), (-0.232637, 0.861781, -0.450792, 0.181201), (-0.848096, 0.047117, 0.527744, 0.132423), (0.000000, 0.000000, 0.000000, 1.000000)
((0.474370, 0.508564, 0.718565, 0.005134), (-0.230273, 0.859513, -0.456302, 0.182623), (-0.849675, 0.050990, 0.524836, 0.132716), (0.000000, 0.000000, 0.000000, 1.000000)
((0.474393, 0.508191, 0.718814, 0.005415), (-0.231300, 0.859810, -0.455222, 0.183604), (-0.849383, 0.049692, 0.525432, 0.132909), (0.000000, 0.000000, 0.000000, 1.000000)
((0.474717, 0.507839, 0.718849, 0.005988), (-0.231171, 0.860013, -0.454904, 0.185609), (-0.849237, 0.049774, 0.525660, 0.133303), (0.000000, 0.000000, 0.000000, 1.000000)
((0.472555, 0.511417, 0.717736, 0.006196), (-0.230646, 0.857787, -0.459352, 0.186391), (-0.850585, 0.051526, 0.523307, 0.133444), (0.000000, 0.000000, 0.000000, 1.000000)
((0.471213, 0.516468, 0.714996, 0.006616), (-0.228431, 0.854437, -0.466645, 0.187968), (-0.851926, 0.056562, 0.520599, 0.133728), (0.000000, 0.000000, 0.000000, 1.000000)
((0.472145, 0.515013, 0.715431, 0.007090), (-0.228313, 0.855336, -0.465052, 0.189931), (-0.851441, 0.056230, 0.521426, 0.134040), (0.000000, 0.000000, 0.000000, 1.000000)
((0.472864, 0.514062, 0.715640, 0.007456), (-0.227850, 0.855892, -0.464255, 0.191475), (-0.851166, 0.056471, 0.521850, 0.134278), (0.000000, 0.000000, 0.000000, 1.000000)
((0.475276, 0.510939, 0.716278, 0.008149), (-0.232490, 0.858099, -0.457837, 0.195044), (-0.848564, 0.051072, 0.526622, 0.134677), (0.000000, 0.000000, 0.000000, 1.000000)
((0.475713, 0.510741, 0.716129, 0.008335), (-0.231299, 0.858136, -0.458371, 0.196148), (-0.848645, 0.052413, 0.526360, 0.134772), (0.000000, 0.000000, 0.000000, 1.000000)
((0.473686, 0.514095, 0.715072, 0.008454), (-0.230743, 0.856024, -0.462580, 0.197114), (-0.849929, 0.054120, 0.524111, 0.134802), (0.000000, 0.000000, 0.000000, 1.000000)
((0.472941, 0.518571, 0.712327, 0.008765), (-0.227761, 0.852933, -0.469713, 0.200337), (-0.851147, 0.059906, 0.521498, 0.134810), (0.000000, 0.000000, 0.000000, 1.000000)
((0.475167, 0.514804, 0.713578, 0.008927), (-0.229274, 0.855405, -0.464452, 0.203334), (-0.849500, 0.057087, 0.524491, 0.134691), (0.000000, 0.000000, 0.000000, 1.000000)
((0.467109, 0.529461, 0.708153, 0.008958), (-0.223097, 0.845558, -0.485036, 0.205087), (-0.855592, 0.068578, 0.513089, 0.134557), (0.000000, 0.000000, 0.000000, 1.000000)
((0.467109, 0.529461, 0.708153, 0.008951), (-0.223097, 0.845558, -0.485036, 0.205260), (-0.855592, 0.068578, 0.513089, 0.134535), (0.000000, 0.000000, 0.000000, 1.000000)
</SampleFrames>
<SampleWeights Num="90">0.010249
0.0224076
0.0217669
0.026609
0.0493229
0.079928
0.0956707
0.106567
0.126658
0.145223
0.141623
0.142631
0.13363
0.151191
0.142724
0.120955
0.114049
0.132653
0.140331
0.137321
0.171784
0.17916
0.187425
0.196788
0.20124
0.205772
0.202578
0.202505
0.207296
0.194109
0.183008
0.185648
0.186913
0.167857
0.166685
0.176345
0.173555
0.16647
0.170499
0.173456
0.200886
0.213053
0.225331
0.23021
0.245751
0.225775
0.23542
0.241659
0.23706
0.212998
0.215992
0.21943
0.203229
0.195157
0.192566
0.192184
0.191056
0.184307
0.182108
0.188834
0.195044
0.203009
0.205028
0.192921
0.198018
0.201441
0.19112
0.188826
0.195369
0.202327
0.211593
0.221699
0.221699
0.221401
0.219197
0.220525
0.217052
0.217771
0.225887
0.225056
0.217966
0.197067
0.187602
0.186408
0.178978
0.166366
0.135108
0.131989
0.0997614
0.099517
</SampleWeights>
</PointSplatMark>
