<PointSplatMark HeadPosAtStart="(1.89975, -0.271018, 1.22392)" BrushTip="0" BrushInterface="ForceTapeDraw" SuperSamplesPerWidth="20" Draw="0" Width="0.022" Pose="1" LayerIndex="0" Name="side" RoomToVirtualScaleAtStart="1.03571" RoomToVirtualFrameAtStart="((0.495277, 0.330298, 0.803495, -0.028953), (-0.198725, 0.943454, -0.265337, 0.018362), (-0.845700, -0.028259, 0.532909, -0.171877), (0.000000, 0.000000, 0.000000, 1.000000)" ColorSwatch="0.170979"><SamplePoints Num="277">(0.0459385, -0.238304, -0.0348957)
(0.0459385, -0.238304, -0.0348957)
(0.045939, -0.238303, -0.0348952)
(0.0463946, -0.237556, -0.0344723)
(0.0466025, -0.237216, -0.0342786)
(0.0467859, -0.236915, -0.0341079)
(0.0470851, -0.236425, -0.0338265)
(0.0479359, -0.235032, -0.0330224)
(0.0479965, -0.234933, -0.032965)
(0.0486675, -0.233833, -0.0323258)
(0.0492065, -0.232947, -0.0318062)
(0.0501028, -0.231469, -0.030933)
(0.0503268, -0.231099, -0.0307145)
(0.0508037, -0.230308, -0.0302441)
(0.0514019, -0.229316, -0.029653)
(0.0520021, -0.228321, -0.0290595)
(0.0524535, -0.227573, -0.0286116)
(0.0526466, -0.227254, -0.0284199)
(0.0533607, -0.226067, -0.0277051)
(0.0535437, -0.225761, -0.0275201)
(0.0540015, -0.224989, -0.0270485)
(0.0544793, -0.224168, -0.0265446)
(0.0547618, -0.223683, -0.0262466)
(0.0551357, -0.223031, -0.0258435)
(0.0556938, -0.222043, -0.0252269)
(0.0559111, -0.221659, -0.0249867)
(0.0559221, -0.221639, -0.0249743)
(0.0578401, -0.218154, -0.0227592)
(0.0592233, -0.215596, -0.0211152)
(0.0610712, -0.212125, -0.0188616)
(0.0618461, -0.210659, -0.0179066)
(0.0618665, -0.21062, -0.0178808)
(0.0630036, -0.208431, -0.0164453)
(0.0638624, -0.206742, -0.0153312)
(0.0646363, -0.205183, -0.0142975)
(0.064665, -0.205124, -0.014258)
(0.0662098, -0.201889, -0.0120987)
(0.0664931, -0.201282, -0.0116922)
(0.0666034, -0.201042, -0.0115308)
(0.0667824, -0.200639, -0.0112586)
(0.0672078, -0.199662, -0.0105944)
(0.0674999, -0.198985, -0.0101323)
(0.067852, -0.198145, -0.00955201)
(0.0681574, -0.197417, -0.00904879)
(0.068468, -0.196648, -0.0085086)
(0.0687137, -0.196041, -0.00808148)
(0.0689395, -0.195458, -0.00766393)
(0.0692171, -0.194739, -0.00714701)
(0.0692449, -0.19466, -0.0070883)
(0.0695953, -0.193671, -0.00634803)
(0.0703701, -0.191399, -0.0046)
(0.0706457, -0.19058, -0.00396461)
(0.0709802, -0.189556, -0.00315873)
(0.0715634, -0.187739, -0.00171976)
(0.0722796, -0.185437, 0.00012234)
(0.0728026, -0.183683, 0.0015384)
(0.0731127, -0.182625, 0.00239393)
(0.0732668, -0.182074, 0.00284264)
(0.0734953, -0.181256, 0.003508)
(0.0735149, -0.181182, 0.00356827)
(0.0743724, -0.17782, 0.00631141)
(0.0745795, -0.177008, 0.00697387)
(0.0745893, -0.176968, 0.00700663)
(0.0750928, -0.174912, 0.00868738)
(0.0752098, -0.174426, 0.00908427)
(0.0753502, -0.173825, 0.00957414)
(0.075774, -0.172013, 0.0110524)
(0.0761448, -0.170391, 0.0123735)
(0.0761525, -0.170357, 0.0124017)
(0.0764787, -0.168879, 0.013598)
(0.0767299, -0.167707, 0.0145413)
(0.0771458, -0.165708, 0.0161347)
(0.0772519, -0.165198, 0.0165413)
(0.0776039, -0.163468, 0.017893)
(0.077757, -0.162709, 0.01848)
(0.0781639, -0.160748, 0.019958)
(0.0784316, -0.159501, 0.0208733)
(0.0786668, -0.158405, 0.0216775)
(0.0790063, -0.156873, 0.022777)
(0.0794282, -0.155037, 0.0240608)
(0.0798347, -0.15334, 0.0252169)
(0.0801995, -0.151874, 0.0261883)
(0.0804567, -0.150878, 0.0268263)
(0.0807087, -0.149903, 0.0274512)
(0.0809617, -0.148951, 0.0280417)
(0.0810799, -0.148507, 0.0283175)
(0.0814345, -0.147218, 0.0290878)
(0.0816165, -0.146557, 0.0294831)
(0.0817097, -0.14623, 0.0296717)
(0.0819932, -0.145235, 0.0302451)
(0.0823603, -0.143997, 0.0309328)
(0.0826675, -0.142961, 0.0315083)
(0.0829237, -0.14213, 0.0319513)
(0.0831834, -0.141327, 0.032362)
(0.083579, -0.140124, 0.0329672)
(0.08382, -0.13941, 0.0333168)
(0.0839896, -0.138928, 0.0335438)
(0.0841679, -0.13842, 0.0337824)
(0.0843301, -0.137975, 0.0339844)
(0.0844952, -0.137521, 0.0341899)
(0.0847499, -0.136844, 0.0344853)
(0.0852599, -0.135489, 0.0350769)
(0.0857148, -0.134314, 0.0355728)
(0.0862527, -0.132924, 0.0361593)
(0.0867751, -0.131601, 0.0366982)
(0.0871784, -0.130579, 0.0371142)
(0.0877337, -0.1292, 0.0376569)
(0.0887358, -0.126754, 0.0385756)
(0.0890857, -0.12591, 0.038883)
(0.0893414, -0.125306, 0.0390955)
(0.0896615, -0.12455, 0.0393615)
(0.0899028, -0.123991, 0.03955)
(0.0901243, -0.123478, 0.0397232)
(0.0903798, -0.122898, 0.0399114)
(0.0907261, -0.122112, 0.0401665)
(0.091074, -0.121339, 0.040405)
(0.0914861, -0.120423, 0.0406876)
(0.0917766, -0.119793, 0.0408731)
(0.0921432, -0.118998, 0.0411072)
(0.0924401, -0.118371, 0.041282)
(0.0930946, -0.117033, 0.0416327)
(0.093482, -0.116241, 0.0418403)
(0.0937669, -0.115675, 0.0419791)
(0.0941151, -0.114984, 0.0421487)
(0.0946222, -0.113994, 0.0423723)
(0.0950206, -0.113217, 0.0425479)
(0.0955101, -0.112276, 0.0427416)
(0.096043, -0.111252, 0.0429525)
(0.0965674, -0.11026, 0.0431357)
(0.097161, -0.109137, 0.043343)
(0.0974627, -0.108574, 0.0434344)
(0.0981506, -0.10729, 0.0436426)
(0.098368, -0.106889, 0.0436995)
(0.0985666, -0.106524, 0.0437515)
(0.0988135, -0.106077, 0.0438069)
(0.0993269, -0.105167, 0.043906)
(0.0995282, -0.104819, 0.0439389)
(0.101811, -0.101014, 0.0442098)
(0.10303, -0.0990604, 0.0442966)
(0.10376, -0.0979386, 0.0443077)
(0.104115, -0.0973925, 0.0443131)
(0.104353, -0.0970367, 0.0443068)
(0.105079, -0.0959642, 0.0442708)
(0.105521, -0.095336, 0.044223)
(0.107942, -0.0920171, 0.0438207)
(0.109125, -0.0904376, 0.043566)
(0.110563, -0.088549, 0.0432038)
(0.111393, -0.0874676, 0.0429789)
(0.111629, -0.0871651, 0.042905)
(0.111948, -0.0867579, 0.0428055)
(0.112039, -0.0866429, 0.0427728)
(0.112219, -0.0864156, 0.0427082)
(0.112534, -0.0860233, 0.0425812)
(0.112761, -0.085742, 0.0424901)
(0.112772, -0.0857279, 0.042485)
(0.113658, -0.0846443, 0.042093)
(0.114532, -0.0835876, 0.0416625)
(0.115218, -0.0827682, 0.0412923)
(0.116319, -0.081454, 0.0406986)
(0.116607, -0.0811134, 0.0405286)
(0.117294, -0.0802985, 0.0401219)
(0.118039, -0.0794242, 0.0396472)
(0.119085, -0.0782015, 0.0389642)
(0.119758, -0.077427, 0.0384987)
(0.121037, -0.0759764, 0.037582)
(0.12104, -0.0759734, 0.03758)
(0.122344, -0.074535, 0.0366043)
(0.12327, -0.0735238, 0.0359048)
(0.123369, -0.0734173, 0.0358284)
(0.12349, -0.0732864, 0.0357346)
(0.123932, -0.0728155, 0.0353867)
(0.124841, -0.0718498, 0.03467)
(0.125097, -0.0715794, 0.034466)
(0.125099, -0.0715772, 0.0344644)
(0.126543, -0.0700616, 0.0333029)
(0.12772, -0.0688278, 0.0323615)
(0.12852, -0.0679891, 0.0317215)
(0.12852, -0.067989, 0.0317215)
(0.133557, -0.0626877, 0.0277316)
(0.13642, -0.0596583, 0.0254864)
(0.138115, -0.0578438, 0.0241712)
(0.138689, -0.0572306, 0.0237268)
(0.139326, -0.0565425, 0.0232379)
(0.140539, -0.0552319, 0.0223068)
(0.141082, -0.0546376, 0.0218926)
(0.142365, -0.0532346, 0.020915)
(0.14366, -0.0518041, 0.0199398)
(0.1447, -0.0506546, 0.0191561)
(0.144738, -0.050612, 0.019128)
(0.14697, -0.0481139, 0.0174791)
(0.147912, -0.047045, 0.0168014)
(0.148389, -0.0465025, 0.0164575)
(0.148848, -0.0459746, 0.0161389)
(0.149023, -0.0457713, 0.0160183)
(0.149849, -0.0448063, 0.0154669)
(0.149892, -0.0447554, 0.0154395)
(0.150778, -0.04371, 0.0148764)
(0.15154, -0.0428064, 0.0144163)
(0.152219, -0.0420011, 0.0140063)
(0.152255, -0.0419589, 0.0139859)
(0.153509, -0.0404637, 0.013264)
(0.15353, -0.0404389, 0.0132526)
(0.155047, -0.0386268, 0.0124266)
(0.155058, -0.0386129, 0.0124208)
(0.156736, -0.0366102, 0.0115843)
(0.156744, -0.0366015, 0.0115808)
(0.157743, -0.0354135, 0.0111034)
(0.15813, -0.0349533, 0.0109241)
(0.159769, -0.0329905, 0.0101827)
(0.161475, -0.0309331, 0.00943061)
(0.162971, -0.0291084, 0.00878851)
(0.164418, -0.0273156, 0.00818757)
(0.164998, -0.0265844, 0.00795834)
(0.166117, -0.0251414, 0.00754508)
(0.166705, -0.0243846, 0.00732832)
(0.16686, -0.0241807, 0.00727597)
(0.167593, -0.0232144, 0.00702784)
(0.168252, -0.0223289, 0.0068273)
(0.168449, -0.0220644, 0.00676738)
(0.169433, -0.0207171, 0.00650388)
(0.170087, -0.0198193, 0.00633141)
(0.171436, -0.0179304, 0.00603654)
(0.172744, -0.0160692, 0.00580243)
(0.173724, -0.0146681, 0.00564093)
(0.173782, -0.0145845, 0.0056331)
(0.176278, -0.010972, 0.00531598)
(0.177199, -0.00963119, 0.00521616)
(0.178331, -0.00796526, 0.00512175)
(0.179132, -0.00678714, 0.005055)
(0.180065, -0.00539682, 0.00500223)
(0.180965, -0.00405475, 0.00495129)
(0.181035, -0.00394923, 0.00494933)
(0.182478, -0.00175639, 0.00490848)
(0.182555, -0.00163761, 0.00490872)
(0.18333, -0.000431711, 0.00491132)
(0.183887, 0.000455164, 0.00493221)
(0.185456, 0.00303939, 0.00504867)
(0.186129, 0.00419348, 0.00512752)
(0.187385, 0.00644956, 0.00534013)
(0.188044, 0.00763409, 0.00545176)
(0.188171, 0.00787499, 0.00548105)
(0.188691, 0.00886336, 0.00560122)
(0.188985, 0.0094556, 0.00568949)
(0.189212, 0.00991243, 0.0057576)
(0.189596, 0.0107319, 0.00590113)
(0.190638, 0.0130899, 0.00637063)
(0.191323, 0.0146381, 0.00667886)
(0.192207, 0.0167455, 0.00714548)
(0.19305, 0.0187521, 0.00758979)
(0.193708, 0.0203879, 0.00798168)
(0.194304, 0.0218655, 0.00833567)
(0.194844, 0.0232466, 0.00868728)
(0.195244, 0.0242706, 0.00894797)
(0.196304, 0.0270543, 0.00968874)
(0.196979, 0.0288518, 0.0101813)
(0.197593, 0.0304885, 0.0106298)
(0.198136, 0.0319445, 0.0110384)
(0.198694, 0.0334419, 0.0114586)
(0.198704, 0.0334699, 0.0114666)
(0.199992, 0.0369329, 0.0124595)
(0.199997, 0.0369485, 0.012464)
(0.201818, 0.0418139, 0.0138993)
(0.202701, 0.0441617, 0.0146034)
(0.202706, 0.0441741, 0.0146072)
(0.203906, 0.0473158, 0.0155732)
(0.204595, 0.0490896, 0.0161325)
(0.205189, 0.0506163, 0.0166138)
(0.2061, 0.0529043, 0.0173575)
(0.207284, 0.0557902, 0.0183282)
(0.207915, 0.057329, 0.0188457)
(0.208691, 0.0591599, 0.0194865)
(0.209324, 0.0606541, 0.0200094)
(0.209782, 0.0616896, 0.0203901)
(0.210102, 0.062414, 0.0206564)
(0.210609, 0.0635019, 0.0210805)
(0.211052, 0.0644532, 0.0214514)
(0.211442, 0.0652337, 0.0217824)
</SamplePoints>
<SampleFrames Num="277">((-0.786329, 0.503513, 0.357996, 0.045938), (-0.180966, 0.366328, -0.912719, -0.238304), (-0.590710, -0.782482, -0.196935, -0.034896), (0.000000, 0.000000, 0.000000, 1.000000)
((0.786329, -0.195091, -0.586196, 0.045938), (-0.180966, 0.834482, -0.520472, -0.238304), (-0.590710, -0.515344, -0.620873, -0.034896), (0.000000, 0.000000, 0.000000, 1.000000)
((0.786329, -0.195091, -0.586196, 0.045939), (-0.180966, 0.834482, -0.520472, -0.238303), (-0.590710, -0.515344, -0.620873, -0.034895), (0.000000, 0.000000, 0.000000, 1.000000)
((0.783442, -0.191394, -0.591258, 0.046395), (-0.176099, 0.844031, -0.506557, -0.237556), (-0.595993, -0.500978, -0.627546, -0.034472), (0.000000, 0.000000, 0.000000, 1.000000)
((0.782282, -0.190505, -0.593079, 0.046603), (-0.173577, 0.847715, -0.501249, -0.237216), (-0.598252, -0.495063, -0.630085, -0.034279), (0.000000, 0.000000, 0.000000, 1.000000)
((0.782142, -0.191220, -0.593033, 0.046786), (-0.173937, 0.846910, -0.502484, -0.236915), (-0.598331, -0.496164, -0.629143, -0.034108), (0.000000, 0.000000, 0.000000, 1.000000)
((0.777428, -0.182729, -0.601844, 0.047085), (-0.170281, 0.859989, -0.481065, -0.236425), (-0.605483, -0.476476, -0.637464, -0.033826), (0.000000, 0.000000, 0.000000, 1.000000)
((0.771468, -0.172699, -0.612382, 0.047936), (-0.163212, 0.876543, -0.452806, -0.235032), (-0.614979, -0.449274, -0.648039, -0.033022), (0.000000, 0.000000, 0.000000, 1.000000)
((0.769806, -0.169536, -0.615350, 0.047996), (-0.162230, 0.880448, -0.445525, -0.234933), (-0.617317, -0.442796, -0.650271, -0.032965), (0.000000, 0.000000, 0.000000, 1.000000)
((0.763395, -0.157480, -0.626441, 0.048668), (-0.154541, 0.897129, -0.413855, -0.233833), (-0.627172, -0.412746, -0.660527, -0.032326), (0.000000, 0.000000, 0.000000, 1.000000)
((0.753072, -0.135520, -0.643829, 0.049207), (-0.145517, 0.920016, -0.363863, -0.232947), (-0.641644, -0.367703, -0.673118, -0.031806), (0.000000, 0.000000, 0.000000, 1.000000)
((0.744179, -0.112669, -0.658410, 0.050103), (-0.139596, 0.937676, -0.318238, -0.231469), (-0.653231, -0.328738, -0.682071, -0.030933), (0.000000, 0.000000, 0.000000, 1.000000)
((0.742726, -0.108885, -0.660682, 0.050327), (-0.136303, 0.941446, -0.308386, -0.231099), (-0.655575, -0.319099, -0.684396, -0.030714), (0.000000, 0.000000, 0.000000, 1.000000)
((0.738823, -0.098227, -0.666701, 0.050804), (-0.134575, 0.947888, -0.288789, -0.230308), (-0.660325, -0.303085, -0.687103, -0.030244), (0.000000, 0.000000, 0.000000, 1.000000)
((0.731809, -0.078461, -0.676978, 0.051402), (-0.127744, 0.959952, -0.249348, -0.229316), (-0.669431, -0.268954, -0.692479, -0.029653), (0.000000, 0.000000, 0.000000, 1.000000)
((0.726209, -0.061746, -0.684693, 0.052002), (-0.124649, 0.967624, -0.219470, -0.228321), (-0.676079, -0.244726, -0.695003, -0.029060), (0.000000, 0.000000, 0.000000, 1.000000)
((0.720469, -0.043748, -0.692106, 0.052453), (-0.120537, 0.974917, -0.187101, -0.227573), (-0.682931, -0.218225, -0.697124, -0.028612), (0.000000, 0.000000, 0.000000, 1.000000)
((0.718669, -0.037858, -0.694323, 0.052647), (-0.118822, 0.977144, -0.176266, -0.227254), (-0.685125, -0.209179, -0.697744, -0.028420), (0.000000, 0.000000, 0.000000, 1.000000)
((0.709341, -0.007468, -0.704817, 0.053361), (-0.112357, 0.985960, -0.123530, -0.226067), (-0.695852, -0.166813, -0.698551, -0.027705), (0.000000, 0.000000, 0.000000, 1.000000)
((0.707426, -0.001072, -0.706842, 0.053544), (-0.110870, 0.987451, -0.112427, -0.225761), (-0.698038, -0.157924, -0.698380, -0.027520), (0.000000, 0.000000, 0.000000, 1.000000)
((0.703764, 0.011232, 0.710346, 0.054002), (-0.106856, 0.990174, 0.090208, -0.224989), (-0.702352, -0.139391, 0.698048, -0.027049), (0.000000, 0.000000, 0.000000, 1.000000)
((0.695249, 0.040189, 0.717641, 0.054479), (-0.102883, 0.993719, 0.044025, -0.224168), (-0.711367, -0.104440, 0.695020, -0.026545), (0.000000, 0.000000, 0.000000, 1.000000)
((0.693304, 0.046976, 0.719114, 0.054762), (-0.101563, 0.994283, 0.032965, -0.223683), (-0.713452, -0.095891, 0.694110, -0.026247), (0.000000, 0.000000, 0.000000, 1.000000)
((0.693182, 0.047398, 0.719204, 0.055136), (-0.101610, 0.994296, 0.032405, -0.223031), (-0.713564, -0.095542, 0.694043, -0.025844), (0.000000, 0.000000, 0.000000, 1.000000)
((0.689406, 0.060744, 0.721823, 0.055694), (-0.096513, 0.995296, 0.008422, -0.222043), (-0.717917, -0.075471, 0.692026, -0.025227), (0.000000, 0.000000, 0.000000, 1.000000)
((0.685705, 0.073628, 0.724146, 0.055911), (-0.093019, 0.995578, -0.013145, -0.221659), (-0.721912, -0.058345, 0.689521, -0.024987), (0.000000, 0.000000, 0.000000, 1.000000)
((0.685581, 0.074058, 0.724221, 0.055922), (-0.093065, 0.995566, -0.013707, -0.221639), (-0.722023, -0.058004, 0.689432, -0.024974), (0.000000, 0.000000, 0.000000, 1.000000)
((0.673516, 0.117514, 0.729772, 0.057840), (-0.081328, 0.993069, -0.084854, -0.218154), (-0.734685, -0.002200, 0.678404, -0.022759), (0.000000, 0.000000, 0.000000, 1.000000)
((0.669783, 0.131437, 0.730832, 0.059223), (-0.075931, 0.991174, -0.108671, -0.215596), (-0.738664, 0.017293, 0.673851, -0.021115), (0.000000, 0.000000, 0.000000, 1.000000)
((0.659970, 0.167132, 0.732466, 0.061071), (-0.065873, 0.984060, -0.165187, -0.212125), (-0.748399, 0.060769, 0.660460, -0.018862), (0.000000, 0.000000, 0.000000, 1.000000)
((0.653919, 0.188313, 0.732754, 0.061846), (-0.061605, 0.978565, -0.196507, -0.210659), (-0.754053, 0.083358, 0.651503, -0.017907), (0.000000, 0.000000, 0.000000, 1.000000)
((0.653919, 0.188313, 0.732754, 0.061867), (-0.061605, 0.978565, -0.196507, -0.210620), (-0.754053, 0.083358, 0.651503, -0.017881), (0.000000, 0.000000, 0.000000, 1.000000)
((0.647702, 0.210723, 0.732173, 0.063004), (-0.055820, 0.971533, -0.230232, -0.208431), (-0.759846, 0.108252, 0.641027, -0.016445), (0.000000, 0.000000, 0.000000, 1.000000)
((0.639958, 0.237562, 0.730766, 0.063862), (-0.047590, 0.961438, -0.270874, -0.206742), (-0.766935, 0.138571, 0.626585, -0.015331), (0.000000, 0.000000, 0.000000, 1.000000)
((0.635552, 0.253934, 0.729103, 0.064636), (-0.044131, 0.954767, -0.294060, -0.205183), (-0.770796, 0.154715, 0.618011, -0.014297), (0.000000, 0.000000, 0.000000, 1.000000)
((0.635552, 0.253934, 0.729103, 0.064665), (-0.044131, 0.954767, -0.294060, -0.205124), (-0.770796, 0.154715, 0.618011, -0.014258), (0.000000, 0.000000, 0.000000, 1.000000)
((0.621445, 0.300142, 0.723685, 0.066210), (-0.031776, 0.932603, -0.359502, -0.201889), (-0.782813, 0.200415, 0.589099, -0.012099), (0.000000, 0.000000, 0.000000, 1.000000)
((0.617790, 0.310406, 0.722485, 0.066493), (-0.026788, 0.926565, -0.375180, -0.201282), (-0.785887, 0.212428, 0.580738, -0.011692), (0.000000, 0.000000, 0.000000, 1.000000)
((0.615520, 0.317896, 0.721164, 0.066603), (-0.025577, 0.922617, -0.384868, -0.201042), (-0.787706, 0.218449, 0.576020, -0.011531), (0.000000, 0.000000, 0.000000, 1.000000)
((0.615976, 0.315070, 0.722014, 0.066782), (-0.024787, 0.923833, -0.381992, -0.200639), (-0.787375, 0.217401, 0.576869, -0.011259), (0.000000, 0.000000, 0.000000, 1.000000)
((0.612122, 0.325938, 0.720466, 0.067208), (-0.022079, 0.917791, -0.396449, -0.199662), (-0.790455, 0.226768, 0.568996, -0.010594), (0.000000, 0.000000, 0.000000, 1.000000)
((0.610169, 0.333227, 0.718786, 0.067500), (-0.019796, 0.913377, -0.406634, -0.198985), (-0.792024, 0.233886, 0.563910, -0.010132), (0.000000, 0.000000, 0.000000, 1.000000)
((0.608259, 0.337814, 0.718264, 0.067852), (-0.017988, 0.910547, -0.413015, -0.198145), (-0.793534, 0.238300, 0.559925, -0.009552), (0.000000, 0.000000, 0.000000, 1.000000)
((0.606186, 0.342953, 0.717581, 0.068157), (-0.016021, 0.907333, -0.420107, -0.197417), (-0.795162, 0.243166, 0.555507, -0.009049), (0.000000, 0.000000, 0.000000, 1.000000)
((0.606344, 0.343580, 0.717147, 0.068468), (-0.014812, 0.906565, -0.421805, -0.196648), (-0.795064, 0.245137, 0.554780, -0.008509), (0.000000, 0.000000, 0.000000, 1.000000)
((0.604085, 0.350552, 0.715677, 0.068714), (-0.013764, 0.902510, -0.430449, -0.196041), (-0.796801, 0.250177, 0.550018, -0.008081), (0.000000, 0.000000, 0.000000, 1.000000)
((0.601855, 0.357235, 0.714251, 0.068940), (-0.012910, 0.898608, -0.438563, -0.195458), (-0.798501, 0.254731, 0.545443, -0.007664), (0.000000, 0.000000, 0.000000, 1.000000)
((0.602441, 0.355469, 0.714638, 0.069217), (-0.010457, 0.898791, -0.438253, -0.194739), (-0.798095, 0.256549, 0.545185, -0.007147), (0.000000, 0.000000, 0.000000, 1.000000)
((0.602441, 0.355469, 0.714638, 0.069245), (-0.010457, 0.898791, -0.438253, -0.194660), (-0.798095, 0.256549, 0.545185, -0.007088), (0.000000, 0.000000, 0.000000, 1.000000)
((0.599771, 0.364119, 0.712525, 0.069595), (-0.006265, 0.892575, -0.450856, -0.193671), (-0.800147, 0.265946, 0.537622, -0.006348), (0.000000, 0.000000, 0.000000, 1.000000)
((0.590754, 0.391682, 0.705404, 0.070370), (0.001541, 0.873718, -0.486430, -0.191399), (-0.806850, 0.288448, 0.515549, -0.004600), (0.000000, 0.000000, 0.000000, 1.000000)
((0.588599, 0.399141, 0.703021, 0.070646), (0.003813, 0.868237, -0.496135, -0.190580), (-0.808416, 0.294705, 0.509522, -0.003965), (0.000000, 0.000000, 0.000000, 1.000000)
((0.581608, 0.419237, 0.697118, 0.070980), (0.007393, 0.854209, -0.519877, -0.189556), (-0.813436, 0.307518, 0.493715, -0.003159), (0.000000, 0.000000, 0.000000, 1.000000)
((0.575304, 0.438185, 0.690666, 0.071563), (0.014728, 0.838711, -0.544378, -0.187739), (-0.817807, 0.323355, 0.476060, -0.001720), (0.000000, 0.000000, 0.000000, 1.000000)
((0.557835, 0.483233, 0.674764, 0.072280), (0.028648, 0.801320, -0.597550, -0.185437), (-0.829457, 0.352665, 0.433160, 0.000122), (0.000000, 0.000000, 0.000000, 1.000000)
((0.544329, 0.516598, 0.660933, 0.072803), (0.039300, 0.771314, -0.635240, -0.183683), (-0.837951, 0.371754, 0.399546, 0.001538), (0.000000, 0.000000, 0.000000, 1.000000)
((0.537838, 0.532147, 0.653873, 0.073113), (0.046301, 0.755790, -0.653175, -0.182625), (-0.841776, 0.381577, 0.381853, 0.002394), (0.000000, 0.000000, 0.000000, 1.000000)
((0.532883, 0.543347, 0.648699, 0.073267), (0.049055, 0.745487, -0.664713, -0.182074), (-0.844766, 0.386036, 0.370603, 0.002843), (0.000000, 0.000000, 0.000000, 1.000000)
((0.526227, 0.558606, 0.641128, 0.073495), (0.056471, 0.729341, -0.681815, -0.181256), (-0.848467, 0.394995, 0.352254, 0.003508), (0.000000, 0.000000, 0.000000, 1.000000)
((0.526227, 0.558606, 0.641128, 0.073515), (0.056471, 0.729341, -0.681815, -0.181182), (-0.848467, 0.394995, 0.352254, 0.003568), (0.000000, 0.000000, 0.000000, 1.000000)
((0.495453, 0.619645, 0.608741, 0.074372), (0.079909, 0.665317, -0.742272, -0.177820), (-0.864951, 0.416405, 0.280118, 0.006311), (0.000000, 0.000000, 0.000000, 1.000000)
((0.487856, 0.634485, 0.599521, 0.074579), (0.085507, 0.648759, -0.756175, -0.177008), (-0.868726, 0.420168, 0.262248, 0.006974), (0.000000, 0.000000, 0.000000, 1.000000)
((0.487856, 0.634485, 0.599521, 0.074589), (0.085507, 0.648759, -0.756175, -0.176968), (-0.868726, 0.420168, 0.262248, 0.007007), (0.000000, 0.000000, 0.000000, 1.000000)
((0.470399, 0.665761, 0.579212, 0.075093), (0.097869, 0.612957, -0.784031, -0.174912), (-0.877010, 0.425494, 0.223177, 0.008687), (0.000000, 0.000000, 0.000000, 1.000000)
((0.470155, 0.667556, 0.577342, 0.075210), (0.099274, 0.609999, -0.786159, -0.174426), (-0.876983, 0.426932, 0.220523, 0.009084), (0.000000, 0.000000, 0.000000, 1.000000)
((0.465025, 0.675064, 0.572748, 0.075350), (0.101631, 0.601971, -0.792024, -0.173825), (-0.879445, 0.426520, 0.211324, 0.009574), (0.000000, 0.000000, 0.000000, 1.000000)
((0.454606, 0.693162, 0.559339, 0.075774), (0.112685, 0.578177, -0.808092, -0.172013), (-0.883536, 0.430393, 0.184734, 0.011052), (0.000000, 0.000000, 0.000000, 1.000000)
((0.437340, 0.718060, 0.541409, 0.076145), (0.126847, 0.546762, -0.827624, -0.170391), (-0.890305, 0.430629, 0.148037, 0.012373), (0.000000, 0.000000, 0.000000, 1.000000)
((0.437340, 0.718060, 0.541409, 0.076152), (0.126847, 0.546762, -0.827624, -0.170357), (-0.890305, 0.430629, 0.148037, 0.012402), (0.000000, 0.000000, 0.000000, 1.000000)
((0.418632, 0.741705, 0.524043, 0.076479), (0.137626, 0.518562, -0.843891, -0.168879), (-0.897667, 0.425402, 0.115009, 0.013598), (0.000000, 0.000000, 0.000000, 1.000000)
((0.410356, 0.753218, 0.514072, 0.076730), (0.144123, 0.503070, -0.852144, -0.167707), (-0.900465, 0.423772, 0.097882, 0.014541), (0.000000, 0.000000, 0.000000, 1.000000)
((0.402457, 0.762710, 0.506263, 0.077146), (0.151824, 0.489758, -0.858538, -0.165708), (-0.902761, 0.422387, 0.081309, 0.016135), (0.000000, 0.000000, 0.000000, 1.000000)
((0.402317, 0.763977, 0.504460, 0.077252), (0.152984, 0.487172, -0.859802, -0.165198), (-0.902628, 0.423087, 0.079121, 0.016541), (0.000000, 0.000000, 0.000000, 1.000000)
((0.394152, 0.773991, 0.495562, 0.077604), (0.158653, 0.473816, -0.866214, -0.163468), (-0.905248, 0.420042, 0.063960, 0.017893), (0.000000, 0.000000, 0.000000, 1.000000)
((0.385887, 0.781771, 0.489822, 0.077757), (0.162469, 0.465059, -0.870243, -0.162709), (-0.908127, 0.415397, 0.052447, 0.018480), (0.000000, 0.000000, 0.000000, 1.000000)
((0.374431, 0.794355, 0.478331, 0.078164), (0.170261, 0.448188, -0.877575, -0.160748), (-0.911489, 0.410033, 0.032568, 0.019958), (0.000000, 0.000000, 0.000000, 1.000000)
((0.371907, 0.796613, 0.476543, 0.078432), (0.174111, 0.444392, -0.878750, -0.159501), (-0.911795, 0.409785, 0.026574, 0.020873), (0.000000, 0.000000, 0.000000, 1.000000)
((0.368563, 0.800221, 0.473082, 0.078667), (0.176064, 0.439608, -0.880765, -0.158405), (-0.912777, 0.407910, 0.021133, 0.021678), (0.000000, 0.000000, 0.000000, 1.000000)
((0.367934, 0.802624, 0.469488, 0.079006), (0.177951, 0.434795, -0.882772, -0.156873), (-0.912665, 0.408348, 0.017148, 0.022777), (0.000000, 0.000000, 0.000000, 1.000000)
((0.364112, 0.806637, 0.465574, 0.079428), (0.180099, 0.429473, -0.884939, -0.155037), (-0.913776, 0.406066, 0.011102, 0.024061), (0.000000, 0.000000, 0.000000, 1.000000)
((0.363447, 0.808809, 0.462313, 0.079835), (0.181555, 0.425242, -0.886683, -0.153340), (-0.913753, 0.406197, 0.007710, 0.025217), (0.000000, 0.000000, 0.000000, 1.000000)
((0.359983, 0.812407, 0.458702, 0.080199), (0.183615, 0.420354, -0.888588, -0.151874), (-0.914712, 0.404101, 0.002150, 0.026188), (0.000000, 0.000000, 0.000000, 1.000000)
((0.361192, 0.812897, 0.456879, 0.080457), (0.181145, 0.419456, -0.889519, -0.150878), (-0.914728, 0.404048, 0.004252, 0.026826), (0.000000, 0.000000, 0.000000, 1.000000)
((0.360734, 0.814086, 0.455121, 0.080709), (0.181907, 0.417194, -0.890426, -0.149903), (-0.914757, 0.403997, 0.002408, 0.027451), (0.000000, 0.000000, 0.000000, 1.000000)
((0.363064, 0.814061, 0.453310, 0.080962), (0.182435, 0.414984, -0.891350, -0.148951), (-0.913730, 0.406317, 0.002153, 0.028042), (0.000000, 0.000000, 0.000000, 1.000000)
((0.363055, 0.813860, 0.453677, 0.081080), (0.182040, 0.415562, -0.891162, -0.148507), (-0.913812, 0.406128, 0.002717, 0.028317), (0.000000, 0.000000, 0.000000, 1.000000)
((0.367708, 0.812133, 0.453023, 0.081435), (0.181646, 0.415043, -0.891484, -0.147218), (-0.912028, 0.410096, 0.005094, 0.029088), (0.000000, 0.000000, 0.000000, 1.000000)
((0.366523, 0.813499, 0.451531, 0.081617), (0.179328, 0.414437, -0.892235, -0.146557), (-0.912963, 0.407997, 0.006018, 0.029483), (0.000000, 0.000000, 0.000000, 1.000000)
((0.366214, 0.813679, 0.451457, 0.081710), (0.179215, 0.414404, -0.892273, -0.146230), (-0.913110, 0.407671, 0.005937, 0.029672), (0.000000, 0.000000, 0.000000, 1.000000)
((0.365745, 0.814880, 0.449668, 0.081993), (0.179958, 0.412108, -0.893186, -0.145235), (-0.913151, 0.407600, 0.004083, 0.030245), (0.000000, 0.000000, 0.000000, 1.000000)
((0.367903, 0.814939, 0.447796, 0.082360), (0.180414, 0.409862, -0.894128, -0.143997), (-0.912194, 0.409741, 0.003763, 0.030933), (0.000000, 0.000000, 0.000000, 1.000000)
((0.364865, 0.818260, 0.444212, 0.082667), (0.182552, 0.404971, -0.895920, -0.142961), (-0.912989, 0.407982, -0.001615, 0.031508), (0.000000, 0.000000, 0.000000, 1.000000)
((0.364930, 0.817919, 0.444787, 0.082924), (0.181986, 0.405853, -0.895636, -0.142130), (-0.913076, 0.407789, -0.000742, 0.031951), (0.000000, 0.000000, 0.000000, 1.000000)
((0.367246, 0.816973, 0.444618, 0.083183), (0.181589, 0.405846, -0.895720, -0.141327), (-0.912226, 0.409687, 0.000692, 0.032362), (0.000000, 0.000000, 0.000000, 1.000000)
((0.366991, 0.817945, 0.443039, 0.083579), (0.182197, 0.403842, -0.896502, -0.140124), (-0.912207, 0.409729, -0.000821, 0.032967), (0.000000, 0.000000, 0.000000, 1.000000)
((0.366968, 0.818884, 0.441321, 0.083820), (0.183083, 0.401561, -0.897346, -0.139410), (-0.912039, 0.410095, -0.002564, 0.033317), (0.000000, 0.000000, 0.000000, 1.000000)
((0.369522, 0.816564, 0.443483, 0.083990), (0.181289, 0.404739, -0.896281, -0.138928), (-0.911366, 0.411594, 0.001526, 0.033544), (0.000000, 0.000000, 0.000000, 1.000000)
((0.371840, 0.815802, 0.442948, 0.084168), (0.181291, 0.404156, -0.896544, -0.138420), (-0.910422, 0.413673, 0.002384, 0.033782), (0.000000, 0.000000, 0.000000, 1.000000)
((0.370900, 0.816877, 0.441752, 0.084330), (0.178820, 0.403959, -0.897129, -0.137975), (-0.911294, 0.411739, 0.003754, 0.033984), (0.000000, 0.000000, 0.000000, 1.000000)
((0.373374, 0.816015, 0.441261, 0.084495), (0.178881, 0.403403, -0.897367, -0.137521), (-0.910271, 0.413987, 0.004651, 0.034190), (0.000000, 0.000000, 0.000000, 1.000000)
((0.376006, 0.813696, 0.443304, 0.084750), (0.177322, 0.406384, -0.896331, -0.136844), (-0.909492, 0.415633, 0.008517, 0.034485), (0.000000, 0.000000, 0.000000, 1.000000)
((0.378221, 0.812441, 0.443721, 0.085260), (0.176304, 0.407336, -0.896100, -0.135489), (-0.908772, 0.417153, 0.010826, 0.035077), (0.000000, 0.000000, 0.000000, 1.000000)
((0.380596, 0.811283, 0.443809, 0.085715), (0.175744, 0.407725, -0.896033, -0.134314), (-0.907888, 0.419023, 0.012600, 0.035573), (0.000000, 0.000000, 0.000000, 1.000000)
((0.382959, 0.809909, 0.444286, 0.086253), (0.174784, 0.408736, -0.895760, -0.132924), (-0.907079, 0.420694, 0.014970, 0.036159), (0.000000, 0.000000, 0.000000, 1.000000)
((0.384715, 0.809623, 0.443289, 0.086775), (0.171861, 0.409025, -0.896193, -0.131601), (-0.906895, 0.420963, 0.018215, 0.036698), (0.000000, 0.000000, 0.000000, 1.000000)
((0.387167, 0.808478, 0.443244, 0.087178), (0.171532, 0.409184, -0.896184, -0.130579), (-0.905913, 0.423003, 0.019743, 0.037114), (0.000000, 0.000000, 0.000000, 1.000000)
((0.392305, 0.804701, 0.445594, 0.087734), (0.169486, 0.412896, -0.894869, -0.129200), (-0.904086, 0.426583, 0.025596, 0.037657), (0.000000, 0.000000, 0.000000, 1.000000)
((0.401354, 0.798413, 0.448833, 0.088736), (0.163227, 0.419841, -0.892799, -0.126754), (-0.901261, 0.431590, 0.038182, 0.038576), (0.000000, 0.000000, 0.000000, 1.000000)
((0.406408, 0.794738, 0.450804, 0.089086), (0.161778, 0.423002, -0.891570, -0.125910), (-0.899255, 0.435272, 0.043340, 0.038883), (0.000000, 0.000000, 0.000000, 1.000000)
((0.408281, 0.793341, 0.451572, 0.089341), (0.158235, 0.425686, -0.890928, -0.125306), (-0.899037, 0.435204, 0.048265, 0.039096), (0.000000, 0.000000, 0.000000, 1.000000)
((0.410785, 0.791857, 0.451905, 0.089661), (0.157750, 0.426450, -0.890649, -0.124550), (-0.897981, 0.437153, 0.050264, 0.039362), (0.000000, 0.000000, 0.000000, 1.000000)
((0.413218, 0.790518, 0.452031, 0.089903), (0.157443, 0.426898, -0.890489, -0.123991), (-0.896919, 0.439135, 0.051940, 0.039550), (0.000000, 0.000000, 0.000000, 1.000000)
((0.414943, 0.789173, 0.452800, 0.090124), (0.153854, 0.429639, -0.889797, -0.123478), (-0.896745, 0.438880, 0.056858, 0.039723), (0.000000, 0.000000, 0.000000, 1.000000)
((0.420130, 0.785121, 0.455056, 0.090380), (0.152489, 0.433248, -0.888281, -0.122898), (-0.894560, 0.442585, 0.062298, 0.039911), (0.000000, 0.000000, 0.000000, 1.000000)
((0.422780, 0.782141, 0.457726, 0.090726), (0.150782, 0.437335, -0.886568, -0.122112), (-0.893601, 0.443840, 0.066964, 0.040167), (0.000000, 0.000000, 0.000000, 1.000000)
((0.424485, 0.781776, 0.456770, 0.091074), (0.148081, 0.437742, -0.886823, -0.121339), (-0.893244, 0.444082, 0.070049, 0.040405), (0.000000, 0.000000, 0.000000, 1.000000)
((0.426976, 0.780147, 0.457233, 0.091486), (0.147607, 0.438729, -0.886414, -0.120423), (-0.892134, 0.445968, 0.072171, 0.040688), (0.000000, 0.000000, 0.000000, 1.000000)
((0.427109, 0.779809, 0.457686, 0.091777), (0.147250, 0.439434, -0.886124, -0.119793), (-0.892130, 0.445866, 0.072859, 0.040873), (0.000000, 0.000000, 0.000000, 1.000000)
((0.432253, 0.775278, 0.460544, 0.092143), (0.145491, 0.444071, -0.884100, -0.118998), (-0.889938, 0.449160, 0.079155, 0.041107), (0.000000, 0.000000, 0.000000, 1.000000)
((0.432300, 0.774885, 0.461161, 0.092440), (0.144899, 0.445078, -0.883691, -0.118371), (-0.890012, 0.448841, 0.080127, 0.041282), (0.000000, 0.000000, 0.000000, 1.000000)
((0.436659, 0.771514, 0.462704, 0.093095), (0.140922, 0.449319, -0.882187, -0.117033), (-0.888521, 0.450420, 0.087476, 0.041633), (0.000000, 0.000000, 0.000000, 1.000000)
((0.444508, 0.763740, 0.468096, 0.093482), (0.138131, 0.457869, -0.878223, -0.116241), (-0.885061, 0.455036, 0.098030, 0.041840), (0.000000, 0.000000, 0.000000, 1.000000)
((0.444422, 0.763693, 0.468254, 0.093767), (0.137896, 0.458160, -0.878109, -0.115675), (-0.885140, 0.454821, 0.098306, 0.041979), (0.000000, 0.000000, 0.000000, 1.000000)
((0.446823, 0.760679, 0.470868, 0.094115), (0.136323, 0.462292, -0.876186, -0.114984), (-0.884175, 0.455690, 0.102865, 0.042149), (0.000000, 0.000000, 0.000000, 1.000000)
((0.448745, 0.759831, 0.470409, 0.094622), (0.133529, 0.463466, -0.875996, -0.113994), (-0.883628, 0.455912, 0.106519, 0.042372), (0.000000, 0.000000, 0.000000, 1.000000)
((0.453926, 0.754789, 0.473546, 0.095021), (0.132035, 0.468608, -0.873483, -0.113217), (-0.881203, 0.459021, 0.113055, 0.042548), (0.000000, 0.000000, 0.000000, 1.000000)
((0.456013, 0.752576, 0.475059, 0.095510), (0.128432, 0.472555, -0.871893, -0.112276), (-0.880657, 0.458607, 0.118836, 0.042742), (0.000000, 0.000000, 0.000000, 1.000000)
((0.458473, 0.750598, 0.475820, 0.096043), (0.127980, 0.474063, -0.871140, -0.111252), (-0.879445, 0.460290, 0.121283, 0.042953), (0.000000, 0.000000, 0.000000, 1.000000)
((0.460991, 0.748407, 0.476838, 0.096567), (0.127347, 0.475986, -0.870184, -0.110260), (-0.878220, 0.461871, 0.124118, 0.043136), (0.000000, 0.000000, 0.000000, 1.000000)
((0.466353, 0.742679, 0.480565, 0.097161), (0.125745, 0.482085, -0.867054, -0.109137), (-0.875616, 0.464782, 0.131434, 0.043343), (0.000000, 0.000000, 0.000000, 1.000000)
((0.465740, 0.743687, 0.479599, 0.097463), (0.123177, 0.482210, -0.867353, -0.108574), (-0.876307, 0.463037, 0.132979, 0.043434), (0.000000, 0.000000, 0.000000, 1.000000)
((0.473286, 0.736441, 0.483379, 0.098151), (0.121878, 0.488708, -0.863893, -0.107290), (-0.872437, 0.467781, 0.141542, 0.043643), (0.000000, 0.000000, 0.000000, 1.000000)
((0.475101, 0.734503, 0.484546, 0.098368), (0.118613, 0.492179, -0.862375, -0.106889), (-0.871900, 0.467189, 0.146713, 0.043700), (0.000000, 0.000000, 0.000000, 1.000000)
((0.475101, 0.734503, 0.484546, 0.098567), (0.118613, 0.492179, -0.862375, -0.106524), (-0.871900, 0.467189, 0.146713, 0.043752), (0.000000, 0.000000, 0.000000, 1.000000)
((0.477564, 0.732532, 0.485108, 0.098813), (0.118599, 0.493338, -0.861715, -0.106077), (-0.870555, 0.469058, 0.148723, 0.043807), (0.000000, 0.000000, 0.000000, 1.000000)
((0.483784, 0.726039, 0.488693, 0.099327), (0.111722, 0.502585, -0.857278, -0.105167), (-0.868027, 0.469335, 0.162028, 0.043906), (0.000000, 0.000000, 0.000000, 1.000000)
((0.491246, 0.718431, 0.492477, 0.099528), (0.111101, 0.509101, -0.853506, -0.104819), (-0.863906, 0.473996, 0.170275, 0.043939), (0.000000, 0.000000, 0.000000, 1.000000)
((0.492782, 0.720291, 0.488207, 0.101811), (0.107339, 0.506456, -0.855559, -0.101014), (-0.863507, 0.474008, 0.172257, 0.044210), (0.000000, 0.000000, 0.000000, 1.000000)
((0.495474, 0.718778, 0.487712, 0.103030), (0.107856, 0.506223, -0.855632, -0.099060), (-0.861901, 0.476546, 0.173296, 0.044297), (0.000000, 0.000000, 0.000000, 1.000000)
((0.497417, 0.718912, 0.485533, 0.103760), (0.106330, 0.504940, -0.856580, -0.097939), (-0.860970, 0.477705, 0.174724, 0.044308), (0.000000, 0.000000, 0.000000, 1.000000)
((0.497680, 0.718302, 0.486165, 0.104115), (0.106011, 0.505934, -0.856033, -0.097393), (-0.860858, 0.477569, 0.175645, 0.044313), (0.000000, 0.000000, 0.000000, 1.000000)
((0.496980, 0.721017, 0.482851, 0.104353), (0.104593, 0.502604, -0.858166, -0.097037), (-0.861436, 0.476994, 0.174371, 0.044307), (0.000000, 0.000000, 0.000000, 1.000000)
((0.497187, 0.721446, 0.481997, 0.105079), (0.104651, 0.501605, -0.858744, -0.095964), (-0.861309, 0.477398, 0.173891, 0.044271), (0.000000, 0.000000, 0.000000, 1.000000)
((0.500033, 0.718444, 0.483534, 0.105521), (0.104386, 0.504276, -0.857210, -0.095336), (-0.859692, 0.479108, 0.177159, 0.044223), (0.000000, 0.000000, 0.000000, 1.000000)
((0.505117, 0.717050, 0.480309, 0.107942), (0.103412, 0.502230, -0.858528, -0.092017), (-0.856833, 0.483327, 0.179533, 0.043821), (0.000000, 0.000000, 0.000000, 1.000000)
((0.505088, 0.718322, 0.478434, 0.109125), (0.101327, 0.501154, -0.859405, -0.090438), (-0.857099, 0.482554, 0.180341, 0.043566), (0.000000, 0.000000, 0.000000, 1.000000)
((0.505559, 0.720002, 0.475402, 0.110563), (0.102641, 0.496902, -0.861715, -0.088549), (-0.856665, 0.484444, 0.177312, 0.043204), (0.000000, 0.000000, 0.000000, 1.000000)
((0.510240, 0.716018, 0.476417, 0.111393), (0.100320, 0.500620, -0.859835, -0.087468), (-0.854161, 0.486516, 0.183605, 0.042979), (0.000000, 0.000000, 0.000000, 1.000000)
((0.510587, 0.715422, 0.476940, 0.111629), (0.100239, 0.501384, -0.859399, -0.087165), (-0.853963, 0.486606, 0.184287, 0.042905), (0.000000, 0.000000, 0.000000, 1.000000)
((0.515130, 0.709824, 0.480407, 0.111948), (0.096693, 0.508790, -0.855443, -0.086758), (-0.851640, 0.487117, 0.193458, 0.042805), (0.000000, 0.000000, 0.000000, 1.000000)
((0.517451, 0.707372, 0.481528, 0.112039), (0.096457, 0.510919, -0.854200, -0.086643), (-0.850259, 0.488454, 0.196145, 0.042773), (0.000000, 0.000000, 0.000000, 1.000000)
((0.517652, 0.706945, 0.481939, 0.112219), (0.096322, 0.511549, -0.853838, -0.086416), (-0.850152, 0.488412, 0.196710, 0.042708), (0.000000, 0.000000, 0.000000, 1.000000)
((0.522272, 0.701090, 0.485494, 0.112534), (0.093036, 0.519067, -0.849655, -0.086023), (-0.847689, 0.488919, 0.205867, 0.042581), (0.000000, 0.000000, 0.000000, 1.000000)
((0.524336, 0.699524, 0.485529, 0.112761), (0.090865, 0.520976, -0.848721, -0.085742), (-0.846649, 0.489133, 0.209604, 0.042490), (0.000000, 0.000000, 0.000000, 1.000000)
((0.524336, 0.699524, 0.485529, 0.112772), (0.090865, 0.520976, -0.848721, -0.085728), (-0.846649, 0.489133, 0.209604, 0.042485), (0.000000, 0.000000, 0.000000, 1.000000)
((0.539234, 0.677657, 0.500007, 0.113658), (0.085633, 0.546525, -0.833053, -0.084644), (-0.837791, 0.492028, 0.236675, 0.042093), (0.000000, 0.000000, 0.000000, 1.000000)
((0.549042, 0.661740, 0.510542, 0.114532), (0.081287, 0.565673, -0.820614, -0.083588), (-0.831833, 0.492052, 0.256787, 0.041662), (0.000000, 0.000000, 0.000000, 1.000000)
((0.551025, 0.659009, 0.511936, 0.115218), (0.078291, 0.569941, -0.817947, -0.082768), (-0.830808, 0.490789, 0.262457, 0.041292), (0.000000, 0.000000, 0.000000, 1.000000)
((0.558678, 0.647493, 0.518297, 0.116319), (0.078014, 0.581121, -0.810069, -0.081454), (-0.825708, 0.493002, 0.274146, 0.040699), (0.000000, 0.000000, 0.000000, 1.000000)
((0.560732, 0.643142, 0.521487, 0.116607), (0.074734, 0.587934, -0.805449, -0.081113), (-0.824618, 0.490614, 0.281609, 0.040529), (0.000000, 0.000000, 0.000000, 1.000000)
((0.565552, 0.634267, 0.527121, 0.117294), (0.071677, 0.598936, -0.797582, -0.080299), (-0.821592, 0.488857, 0.293267, 0.040122), (0.000000, 0.000000, 0.000000, 1.000000)
((0.567885, 0.631078, 0.528439, 0.118039), (0.069673, 0.602845, -0.794810, -0.079424), (-0.820154, 0.488179, 0.298378, 0.039647), (0.000000, 0.000000, 0.000000, 1.000000)
((0.570312, 0.629829, 0.527313, 0.119085), (0.069051, 0.602916, -0.794811, -0.078201), (-0.818520, 0.489702, 0.300360, 0.038964), (0.000000, 0.000000, 0.000000, 1.000000)
((0.577164, 0.617408, 0.534499, 0.119758), (0.066620, 0.616740, -0.784343, -0.077427), (-0.813906, 0.488303, 0.314828, 0.038499), (0.000000, 0.000000, 0.000000, 1.000000)
((0.583736, 0.607324, 0.538897, 0.121037), (0.063166, 0.627733, -0.775862, -0.075976), (-0.809483, 0.486938, 0.328068, 0.037582), (0.000000, 0.000000, 0.000000, 1.000000)
((0.583736, 0.607324, 0.538897, 0.121040), (0.063166, 0.627733, -0.775862, -0.075973), (-0.809483, 0.486938, 0.328068, 0.037580), (0.000000, 0.000000, 0.000000, 1.000000)
((0.588248, 0.599239, 0.543025, 0.122344), (0.061192, 0.636586, -0.768774, -0.074535), (-0.806362, 0.485459, 0.337802, 0.036604), (0.000000, 0.000000, 0.000000, 1.000000)
((0.591036, 0.594359, 0.545356, 0.123270), (0.059783, 0.641944, -0.764417, -0.073524), (-0.804426, 0.484401, 0.343880, 0.035905), (0.000000, 0.000000, 0.000000, 1.000000)
((0.591131, 0.593673, 0.546001, 0.123369), (0.059393, 0.643061, -0.763509, -0.073417), (-0.804386, 0.483762, 0.344873, 0.035828), (0.000000, 0.000000, 0.000000, 1.000000)
((0.591562, 0.591954, 0.547398, 0.123490), (0.061439, 0.643865, -0.762669, -0.073286), (-0.803915, 0.484797, 0.344517, 0.035735), (0.000000, 0.000000, 0.000000, 1.000000)
((0.589351, 0.598072, 0.543117, 0.123932), (0.062074, 0.636766, -0.768555, -0.072815), (-0.805489, 0.486662, 0.338154, 0.035387), (0.000000, 0.000000, 0.000000, 1.000000)
((0.589198, 0.600598, 0.540489, 0.124841), (0.060587, 0.634207, -0.770785, -0.071850), (-0.805714, 0.486892, 0.337285, 0.034670), (0.000000, 0.000000, 0.000000, 1.000000)
((0.589382, 0.599923, 0.541037, 0.125097), (0.060443, 0.635097, -0.770064, -0.071579), (-0.805590, 0.486564, 0.338053, 0.034466), (0.000000, 0.000000, 0.000000, 1.000000)
((0.589382, 0.599923, 0.541037, 0.125099), (0.060443, 0.635097, -0.770064, -0.071577), (-0.805590, 0.486564, 0.338053, 0.034464), (0.000000, 0.000000, 0.000000, 1.000000)
