<PointSplatMark HeadPosAtStart="(0.0183181, 0.402564, 2.20612)" BrushTip="0" BrushInterface="ForceTapeDraw" SuperSamplesPerWidth="20" Draw="0" Width="0.022" Pose="1" LayerIndex="0" Name="sidecurve" RoomToVirtualScaleAtStart="1.03571" RoomToVirtualFrameAtStart="((0.976269, 0.146151, 0.159807, -0.018915), (-0.147124, 0.989101, -0.005790, 0.044534), (-0.158911, -0.017859, 0.987131, -0.107606), (0.000000, 0.000000, 0.000000, 1.000000)" ColorSwatch="0.170979"><SamplePoints Num="184">(-0.00290971, 0.0127753, 0.148146)
(-0.00290971, 0.0127753, 0.148146)
(-0.00396716, 0.0127478, 0.147905)
(-0.00397346, 0.0127476, 0.147904)
(-0.00523956, 0.0127113, 0.147612)
(-0.00648185, 0.0126726, 0.147322)
(-0.00746844, 0.0126402, 0.147089)
(-0.00945455, 0.012578, 0.146619)
(-0.00945455, 0.012578, 0.146619)
(-0.0118015, 0.0125106, 0.146063)
(-0.0147216, 0.0124356, 0.145373)
(-0.0164205, 0.0123919, 0.144972)
(-0.0189497, 0.0123363, 0.144379)
(-0.0207582, 0.012301, 0.143955)
(-0.0220759, 0.0122753, 0.143646)
(-0.0255095, 0.0122127, 0.142875)
(-0.0269871, 0.0121857, 0.142543)
(-0.0280777, 0.0121645, 0.142309)
(-0.0283501, 0.0121592, 0.14225)
(-0.029231, 0.0121375, 0.142075)
(-0.0302723, 0.0121016, 0.141913)
(-0.0309381, 0.012077, 0.141824)
(-0.0314089, 0.0120585, 0.141775)
(-0.0321072, 0.0120335, 0.141723)
(-0.0332061, 0.0119941, 0.141642)
(-0.033993, 0.0119655, 0.141595)
(-0.0366213, 0.0118817, 0.141476)
(-0.0382676, 0.0118292, 0.141401)
(-0.0390834, 0.0118043, 0.141368)
(-0.0413575, 0.0117349, 0.141275)
(-0.0458564, 0.0116413, 0.141127)
(-0.0471267, 0.0116149, 0.141085)
(-0.048166, 0.0115998, 0.141055)
(-0.0489713, 0.0115881, 0.141032)
(-0.0495474, 0.0115798, 0.141015)
(-0.0506853, 0.0115635, 0.140982)
(-0.0522081, 0.0115455, 0.140938)
(-0.0522305, 0.0115452, 0.140938)
(-0.0536488, 0.0115258, 0.140889)
(-0.0536705, 0.0115255, 0.140889)
(-0.0560296, 0.0114929, 0.140797)
(-0.0560575, 0.0114926, 0.140796)
(-0.0582179, 0.0114796, 0.140668)
(-0.0591085, 0.0114747, 0.140613)
(-0.062308, 0.0114719, 0.140361)
(-0.0624083, 0.0114727, 0.140351)
(-0.0653236, 0.0114957, 0.140063)
(-0.0663976, 0.0115196, 0.139934)
(-0.0691359, 0.0115804, 0.139606)
(-0.0692167, 0.0115835, 0.139595)
(-0.0731578, 0.0117328, 0.139053)
(-0.0732459, 0.0117375, 0.139039)
(-0.0766205, 0.0119165, 0.138511)
(-0.0783092, 0.0120293, 0.138209)
(-0.079856, 0.0121326, 0.137932)
(-0.0813337, 0.01225, 0.137638)
(-0.0833413, 0.0124283, 0.137195)
(-0.0842234, 0.0125066, 0.137)
(-0.0855931, 0.0126344, 0.136661)
(-0.0867899, 0.0127461, 0.136364)
(-0.0877809, 0.0128386, 0.136088)
(-0.088666, 0.0129212, 0.135841)
(-0.089528, 0.0129972, 0.135575)
(-0.0903616, 0.0130708, 0.135317)
(-0.0913767, 0.0131517, 0.13497)
(-0.0923196, 0.0132268, 0.134648)
(-0.0932482, 0.0132885, 0.134298)
(-0.0938566, 0.0133289, 0.134069)
(-0.0950027, 0.0133861, 0.13359)
(-0.0961117, 0.0134415, 0.133127)
(-0.0971236, 0.0134774, 0.132665)
(-0.0973211, 0.0134819, 0.132566)
(-0.100072, 0.0135424, 0.131176)
(-0.102322, 0.0135656, 0.129923)
(-0.10328, 0.0135706, 0.129361)
(-0.103962, 0.01357, 0.128928)
(-0.104307, 0.0135697, 0.12871)
(-0.104634, 0.0135669, 0.128484)
(-0.104879, 0.0135648, 0.128314)
(-0.105253, 0.0135602, 0.128037)
(-0.105373, 0.0135587, 0.127947)
(-0.105643, 0.013553, 0.127729)
(-0.105865, 0.0135483, 0.127549)
(-0.106011, 0.0135438, 0.127421)
(-0.106257, 0.0135362, 0.127203)
(-0.106385, 0.0135311, 0.127081)
(-0.10683, 0.0135124, 0.126638)
(-0.107163, 0.0134968, 0.126274)
(-0.107933, 0.0134606, 0.125402)
(-0.10852, 0.013435, 0.124694)
(-0.108944, 0.0134175, 0.124174)
(-0.109217, 0.0134064, 0.123819)
(-0.109902, 0.0133786, 0.122928)
(-0.109949, 0.0133768, 0.122864)
(-0.110638, 0.0133519, 0.121909)
(-0.110682, 0.0133502, 0.121843)
(-0.11289, 0.0132535, 0.118477)
(-0.113263, 0.0132347, 0.117891)
(-0.113846, 0.0131945, 0.116925)
(-0.114219, 0.013161, 0.116278)
(-0.114674, 0.0131201, 0.11549)
(-0.115192, 0.013062, 0.114551)
(-0.116019, 0.0129693, 0.113053)
(-0.116058, 0.0129637, 0.11298)
(-0.117125, 0.0128072, 0.110939)
(-0.117641, 0.0127151, 0.109909)
(-0.118086, 0.0126359, 0.109023)
(-0.118817, 0.0124829, 0.107511)
(-0.119282, 0.0123857, 0.10655)
(-0.120205, 0.0121682, 0.104562)
(-0.120731, 0.0120441, 0.103429)
(-0.120884, 0.012006, 0.103091)
(-0.120938, 0.0119925, 0.102972)
(-0.121119, 0.0119449, 0.102566)
(-0.121226, 0.0119167, 0.102325)
(-0.121608, 0.0118095, 0.101447)
(-0.12187, 0.011736, 0.100845)
(-0.121959, 0.0117086, 0.100636)
(-0.122063, 0.0116732, 0.100386)
(-0.122104, 0.0116549, 0.100283)
(-0.122132, 0.0116402, 0.10021)
(-0.122189, 0.0116072, 0.100063)
(-0.122209, 0.011594, 0.100009)
(-0.122346, 0.0114979, 0.0996519)
(-0.122525, 0.0113711, 0.0991861)
(-0.122726, 0.0112141, 0.0986597)
(-0.122873, 0.0110993, 0.0982752)
(-0.12293, 0.0110462, 0.0981277)
(-0.122975, 0.0109995, 0.0980091)
(-0.122991, 0.0109811, 0.0979663)
(-0.123058, 0.0108946, 0.0977808)
(-0.123063, 0.0108865, 0.0977648)
(-0.123095, 0.0108341, 0.0976699)
(-0.123137, 0.0107655, 0.0975454)
(-0.123291, 0.0104771, 0.0970554)
(-0.12342, 0.0102366, 0.0966468)
(-0.123658, 0.00973886, 0.0958474)
(-0.123719, 0.00961142, 0.0956427)
(-0.123771, 0.00949099, 0.0954586)
(-0.123798, 0.00942768, 0.0953619)
(-0.123844, 0.00929994, 0.0951792)
(-0.124047, 0.0086902, 0.0943456)
(-0.124243, 0.00805047, 0.0934962)
(-0.124318, 0.00773618, 0.0931084)
(-0.124327, 0.00769099, 0.0930555)
(-0.124327, 0.00768947, 0.0930539)
(-0.12436, 0.00735328, 0.0927109)
(-0.12439, 0.00704938, 0.0924009)
(-0.124413, 0.00675063, 0.0921099)
(-0.124417, 0.00665959, 0.0920247)
(-0.124417, 0.00664582, 0.0920122)
(-0.124422, 0.00647918, 0.091861)
(-0.124427, 0.00553118, 0.0910405)
(-0.12443, 0.00508274, 0.0906523)
(-0.124429, 0.00464877, 0.0902882)
(-0.124429, 0.00459649, 0.0902462)
(-0.124427, 0.00445634, 0.0901335)
(-0.124424, 0.00435514, 0.090056)
(-0.124388, 0.00329391, 0.0892548)
(-0.124387, 0.00328228, 0.089247)
(-0.124309, 0.00234035, 0.0886359)
(-0.124285, 0.00206218, 0.0884575)
(-0.124226, 0.00147888, 0.0880974)
(-0.124146, 0.000689057, 0.0876098)
(-0.123997, -0.000513982, 0.0868897)
(-0.123709, -0.00283767, 0.0854988)
(-0.123429, -0.0048471, 0.0843302)
(-0.123222, -0.00628945, 0.0835121)
(-0.123183, -0.00655284, 0.0833646)
(-0.123089, -0.00720624, 0.0830012)
(-0.122674, -0.0102152, 0.0813395)
(-0.122471, -0.0117206, 0.0805231)
(-0.122145, -0.0141125, 0.0792467)
(-0.121973, -0.0153742, 0.0785734)
(-0.121968, -0.015413, 0.0785535)
(-0.12182, -0.016521, 0.0779859)
(-0.121819, -0.0165319, 0.0779805)
(-0.121776, -0.0168646, 0.0778165)
(-0.121312, -0.0205491, 0.07604)
(-0.12131, -0.0205596, 0.076035)
(-0.120966, -0.023248, 0.0747611)
(-0.120965, -0.0232602, 0.0747555)
(-0.120674, -0.0254937, 0.0737207)
(-0.120674, -0.0254981, 0.0737187)
</SamplePoints>
<SampleFrames Num="184">((-0.352973, 0.572186, 0.740279, -0.002910), (-0.839495, 0.155658, -0.520594, 0.012775), (-0.413107, -0.805216, 0.425405, 0.148146), (0.000000, 0.000000, 0.000000, 1.000000)
((0.352973, 0.469626, 0.809235, -0.002910), (-0.839495, 0.540844, 0.052302, 0.012775), (-0.413107, -0.697810, 0.585152, 0.148146), (0.000000, 0.000000, 0.000000, 1.000000)
((0.352739, 0.470510, 0.808824, -0.003967), (-0.838967, 0.541816, 0.050699, 0.012748), (-0.414379, -0.696460, 0.585862, 0.147905), (0.000000, 0.000000, 0.000000, 1.000000)
((0.352739, 0.470510, 0.808824, -0.003973), (-0.838967, 0.541816, 0.050699, 0.012748), (-0.414379, -0.696460, 0.585862, 0.147904), (0.000000, 0.000000, 0.000000, 1.000000)
((0.351472, 0.469876, 0.809743, -0.005240), (-0.839062, 0.541749, 0.049833, 0.012711), (-0.415262, -0.696940, 0.584665, 0.147612), (0.000000, 0.000000, 0.000000, 1.000000)
((0.350933, 0.471195, 0.809210, -0.006482), (-0.839147, 0.541741, 0.048465, 0.012673), (-0.415546, -0.696054, 0.585517, 0.147322), (0.000000, 0.000000, 0.000000, 1.000000)
((0.349951, 0.470069, 0.810290, -0.007468), (-0.838808, 0.542339, 0.047643, 0.012640), (-0.417057, -0.696350, 0.584089, 0.147089), (0.000000, 0.000000, 0.000000, 1.000000)
((0.347154, 0.472125, 0.810297, -0.009455), (-0.840319, 0.540198, 0.045266, 0.012578), (-0.416350, -0.696623, 0.584268, 0.146619), (0.000000, 0.000000, 0.000000, 1.000000)
((0.347154, 0.472125, 0.810297, -0.009455), (-0.840319, 0.540198, 0.045266, 0.012578), (-0.416350, -0.696623, 0.584268, 0.146619), (0.000000, 0.000000, 0.000000, 1.000000)
((0.350828, 0.468653, 0.810731, -0.011802), (-0.839592, 0.540849, 0.050673, 0.012511), (-0.414735, -0.698460, 0.583222, 0.146063), (0.000000, 0.000000, 0.000000, 1.000000)
((0.348788, 0.467396, 0.812335, -0.014722), (-0.841473, 0.537805, 0.051860, 0.012436), (-0.412638, -0.701646, 0.580881, 0.145373), (0.000000, 0.000000, 0.000000, 1.000000)
((0.348226, 0.469009, 0.811646, -0.016420), (-0.841093, 0.538609, 0.049625, 0.012392), (-0.413885, -0.699951, 0.582038, 0.144972), (0.000000, 0.000000, 0.000000, 1.000000)
((0.348412, 0.467264, 0.812572, -0.018950), (-0.841170, 0.538351, 0.051099, 0.012336), (-0.413572, -0.701315, 0.580616, 0.144379), (0.000000, 0.000000, 0.000000, 1.000000)
((0.346078, 0.471080, 0.811365, -0.020758), (-0.840083, 0.540635, 0.044434, 0.012301), (-0.417720, -0.696992, 0.582848, 0.143955), (0.000000, 0.000000, 0.000000, 1.000000)
((0.344163, 0.471539, 0.811913, -0.022076), (-0.840670, 0.539852, 0.042820, 0.012275), (-0.418122, -0.697288, 0.582206, 0.143646), (0.000000, 0.000000, 0.000000, 1.000000)
((0.342257, 0.472692, 0.812048, -0.025509), (-0.840164, 0.540911, 0.039243, 0.012213), (-0.420696, -0.695685, 0.582270, 0.142875), (0.000000, 0.000000, 0.000000, 1.000000)
((0.340240, 0.473266, 0.812561, -0.026987), (-0.840946, 0.539802, 0.037725, 0.012186), (-0.420768, -0.696156, 0.581654, 0.142543), (0.000000, 0.000000, 0.000000, 1.000000)
((0.339985, 0.474181, 0.812135, -0.028078), (-0.840323, 0.540891, 0.035975, 0.012164), (-0.422218, -0.694686, 0.582360, 0.142309), (0.000000, 0.000000, 0.000000, 1.000000)
((0.341709, 0.472303, 0.812505, -0.028350), (-0.840685, 0.540073, 0.039620, 0.012159), (-0.420099, -0.696600, 0.581606, 0.142250), (0.000000, 0.000000, 0.000000, 1.000000)
((0.341437, 0.473171, 0.812115, -0.029231), (-0.840255, 0.540848, 0.038148, 0.012137), (-0.421180, -0.695409, 0.582249, 0.142075), (0.000000, 0.000000, 0.000000, 1.000000)
((0.337861, 0.475286, 0.812375, -0.030272), (-0.840454, 0.540871, 0.033098, 0.012102), (-0.423659, -0.693947, 0.582195, 0.141913), (0.000000, 0.000000, 0.000000, 1.000000)
((0.337648, 0.475919, 0.812093, -0.030938), (-0.840202, 0.541323, 0.032099, 0.012077), (-0.424328, -0.693160, 0.582645, 0.141824), (0.000000, 0.000000, 0.000000, 1.000000)
((0.337514, 0.476364, 0.811887, -0.031409), (-0.839937, 0.541781, 0.031292, 0.012059), (-0.424959, -0.692496, 0.582975, 0.141775), (0.000000, 0.000000, 0.000000, 1.000000)
((0.339104, 0.474949, 0.812054, -0.032107), (-0.840046, 0.541442, 0.034118, 0.012033), (-0.423476, -0.693732, 0.582584, 0.141723), (0.000000, 0.000000, 0.000000, 1.000000)
((0.335521, 0.477039, 0.812317, -0.033206), (-0.840233, 0.541444, 0.029084, 0.011994), (-0.425950, -0.692294, 0.582490, 0.141642), (0.000000, 0.000000, 0.000000, 1.000000)
((0.335220, 0.477833, 0.811975, -0.033993), (-0.840089, 0.541723, 0.028032, 0.011965), (-0.426471, -0.691528, 0.583019, 0.141595), (0.000000, 0.000000, 0.000000, 1.000000)
((0.336895, 0.476971, 0.811788, -0.036621), (-0.838988, 0.543381, 0.028916, 0.011882), (-0.427318, -0.690822, 0.583236, 0.141476), (0.000000, 0.000000, 0.000000, 1.000000)
((0.336568, 0.475630, 0.812710, -0.038268), (-0.840346, 0.541145, 0.031313, 0.011829), (-0.424901, -0.693497, 0.581826, 0.141401), (0.000000, 0.000000, 0.000000, 1.000000)
((0.338842, 0.473168, 0.813203, -0.039083), (-0.839530, 0.542229, 0.034312, 0.011804), (-0.424707, -0.694334, 0.580968, 0.141368), (0.000000, 0.000000, 0.000000, 1.000000)
((0.336584, 0.474370, 0.813440, -0.041357), (-0.840063, 0.541557, 0.031783, 0.011735), (-0.425447, -0.694039, 0.580780, 0.141275), (0.000000, 0.000000, 0.000000, 1.000000)
((0.336012, 0.474290, 0.813723, -0.045856), (-0.840346, 0.541128, 0.031601, 0.011641), (-0.425340, -0.694427, 0.580393, 0.141127), (0.000000, 0.000000, 0.000000, 1.000000)
((0.334049, 0.474683, 0.814302, -0.047127), (-0.841020, 0.540165, 0.030130, 0.011615), (-0.425555, -0.694909, 0.579659, 0.141085), (0.000000, 0.000000, 0.000000, 1.000000)
((0.335448, 0.473628, 0.814341, -0.048166), (-0.841364, 0.539472, 0.032818, 0.011600), (-0.423771, -0.696166, 0.579458, 0.141055), (0.000000, 0.000000, 0.000000, 1.000000)
((0.335148, 0.474448, 0.813987, -0.048971), (-0.841127, 0.539913, 0.031624, 0.011588), (-0.424478, -0.695265, 0.580021, 0.141032), (0.000000, 0.000000, 0.000000, 1.000000)
((0.333551, 0.473814, 0.815012, -0.049547), (-0.842123, 0.538355, 0.031669, 0.011580), (-0.423760, -0.696903, 0.578579, 0.141015), (0.000000, 0.000000, 0.000000, 1.000000)
((0.332997, 0.475088, 0.814497, -0.050685), (-0.842304, 0.538141, 0.030474, 0.011563), (-0.423836, -0.696201, 0.579368, 0.140982), (0.000000, 0.000000, 0.000000, 1.000000)
((0.334252, 0.474487, 0.814333, -0.052208), (-0.842386, 0.537902, 0.032348, 0.011545), (-0.422683, -0.696795, 0.579496, 0.140938), (0.000000, 0.000000, 0.000000, 1.000000)
((0.334252, 0.474487, 0.814333, -0.052231), (-0.842386, 0.537902, 0.032348, 0.011545), (-0.422683, -0.696795, 0.579496, 0.140938), (0.000000, 0.000000, 0.000000, 1.000000)
((0.334051, 0.472865, 0.815358, -0.053649), (-0.843536, 0.535946, 0.034775, 0.011526), (-0.420544, -0.699400, 0.577912, 0.140889), (0.000000, 0.000000, 0.000000, 1.000000)
((0.334051, 0.472865, 0.815358, -0.053670), (-0.843536, 0.535946, 0.034775, 0.011525), (-0.420544, -0.699400, 0.577912, 0.140889), (0.000000, 0.000000, 0.000000, 1.000000)
((0.332459, 0.472933, 0.815969, -0.056030), (-0.843323, 0.536411, 0.032702, 0.011493), (-0.422229, -0.698997, 0.577170, 0.140797), (0.000000, 0.000000, 0.000000, 1.000000)
((0.332459, 0.472933, 0.815969, -0.056057), (-0.843323, 0.536411, 0.032702, 0.011493), (-0.422229, -0.698997, 0.577170, 0.140796), (0.000000, 0.000000, 0.000000, 1.000000)
((0.336036, 0.469713, 0.816364, -0.058218), (-0.842583, 0.537245, 0.037713, 0.011480), (-0.420873, -0.700527, 0.576306, 0.140668), (0.000000, 0.000000, 0.000000, 1.000000)
((0.335806, 0.470296, 0.816123, -0.059108), (-0.842525, 0.537385, 0.036998, 0.011475), (-0.421172, -0.700028, 0.576693, 0.140613), (0.000000, 0.000000, 0.000000, 1.000000)
((0.335597, 0.469357, 0.816749, -0.062308), (-0.842562, 0.537297, 0.037438, 0.011472), (-0.421265, -0.700726, 0.575777, 0.140361), (0.000000, 0.000000, 0.000000, 1.000000)
((0.335597, 0.469357, 0.816749, -0.062408), (-0.842562, 0.537297, 0.037438, 0.011473), (-0.421265, -0.700726, 0.575777, 0.140351), (0.000000, 0.000000, 0.000000, 1.000000)
((0.335610, 0.467784, 0.817645, -0.065324), (-0.842842, 0.536756, 0.038868, 0.011496), (-0.420694, -0.702190, 0.574409, 0.140063), (0.000000, 0.000000, 0.000000, 1.000000)
((0.335144, 0.468923, 0.817184, -0.066398), (-0.842821, 0.536880, 0.037582, 0.011520), (-0.421106, -0.701335, 0.575151, 0.139934), (0.000000, 0.000000, 0.000000, 1.000000)
((0.332599, 0.470607, 0.817256, -0.069136), (-0.843685, 0.535705, 0.034876, 0.011580), (-0.421395, -0.701106, 0.575219, 0.139606), (0.000000, 0.000000, 0.000000, 1.000000)
((0.332599, 0.470607, 0.817256, -0.069217), (-0.843685, 0.535705, 0.034876, 0.011583), (-0.421395, -0.701106, 0.575219, 0.139595), (0.000000, 0.000000, 0.000000, 1.000000)
((0.332220, 0.470068, 0.817720, -0.073158), (-0.843650, 0.535767, 0.034768, 0.011733), (-0.421764, -0.701420, 0.574566, 0.139053), (0.000000, 0.000000, 0.000000, 1.000000)
((0.332220, 0.470068, 0.817720, -0.073246), (-0.843650, 0.535767, 0.034768, 0.011738), (-0.421764, -0.701420, 0.574566, 0.139039), (0.000000, 0.000000, 0.000000, 1.000000)
((0.331991, 0.469134, 0.818349, -0.076620), (-0.843682, 0.535689, 0.035174, 0.011917), (-0.421879, -0.702104, 0.573644, 0.138511), (0.000000, 0.000000, 0.000000, 1.000000)
((0.331288, 0.470908, 0.817615, -0.078309), (-0.843419, 0.536249, 0.032890, 0.012029), (-0.422957, -0.700488, 0.574825, 0.138209), (0.000000, 0.000000, 0.000000, 1.000000)
((0.329277, 0.471251, 0.818229, -0.079856), (-0.844287, 0.534955, 0.031662, 0.012133), (-0.422795, -0.701246, 0.574019, 0.137932), (0.000000, 0.000000, 0.000000, 1.000000)
((0.328728, 0.472625, 0.817657, -0.081334), (-0.844093, 0.535362, 0.029904, 0.012250), (-0.423609, -0.700009, 0.574928, 0.137638), (0.000000, 0.000000, 0.000000, 1.000000)
((0.329782, 0.472470, 0.817323, -0.083341), (-0.844134, 0.535223, 0.031204, 0.012428), (-0.422707, -0.700220, 0.575335, 0.137195), (0.000000, 0.000000, 0.000000, 1.000000)
((0.331151, 0.471485, 0.817337, -0.084223), (-0.844401, 0.534650, 0.033701, 0.012507), (-0.421100, -0.701321, 0.575173, 0.137000), (0.000000, 0.000000, 0.000000, 1.000000)
((0.329206, 0.471713, 0.817991, -0.085593), (-0.845079, 0.533661, 0.032360, 0.012634), (-0.421265, -0.701921, 0.574320, 0.136661), (0.000000, 0.000000, 0.000000, 1.000000)
((0.330495, 0.470893, 0.817944, -0.086790), (-0.845451, 0.532917, 0.034807, 0.012746), (-0.419506, -0.703036, 0.574244, 0.136364), (0.000000, 0.000000, 0.000000, 1.000000)
((0.330181, 0.471714, 0.817598, -0.087781), (-0.845223, 0.533356, 0.033617, 0.012839), (-0.420213, -0.702152, 0.574807, 0.136088), (0.000000, 0.000000, 0.000000, 1.000000)
((0.331627, 0.470516, 0.817703, -0.088666), (-0.845565, 0.532626, 0.036447, 0.012921), (-0.418381, -0.703508, 0.574485, 0.135841), (0.000000, 0.000000, 0.000000, 1.000000)
((0.330612, 0.472408, 0.817023, -0.089528), (-0.846387, 0.531401, 0.035235, 0.012997), (-0.417521, -0.703167, 0.575528, 0.135575), (0.000000, 0.000000, 0.000000, 1.000000)
((0.332063, 0.471205, 0.817129, -0.090362), (-0.846721, 0.530674, 0.038070, 0.013071), (-0.415690, -0.704522, 0.575196, 0.135317), (0.000000, 0.000000, 0.000000, 1.000000)
((0.334209, 0.468891, 0.817585, -0.091377), (-0.846098, 0.531442, 0.041079, 0.013152), (-0.415238, -0.705486, 0.574340, 0.134970), (0.000000, 0.000000, 0.000000, 1.000000)
((0.335658, 0.467615, 0.817722, -0.092320), (-0.846605, 0.530382, 0.044214, 0.013227), (-0.413030, -0.707129, 0.573912, 0.134648), (0.000000, 0.000000, 0.000000, 1.000000)
((0.332818, 0.471739, 0.816514, -0.093248), (-0.846883, 0.530363, 0.038781, 0.013289), (-0.414754, -0.704399, 0.576022, 0.134298), (0.000000, 0.000000, 0.000000, 1.000000)
((0.336181, 0.468182, 0.817183, -0.093857), (-0.847450, 0.528913, 0.045607, 0.013329), (-0.410866, -0.707854, 0.574571, 0.134069), (0.000000, 0.000000, 0.000000, 1.000000)
((0.337629, 0.467001, 0.817262, -0.095003), (-0.847581, 0.528475, 0.048172, 0.013386), (-0.409406, -0.708960, 0.574250, 0.133590), (0.000000, 0.000000, 0.000000, 1.000000)
((0.335581, 0.467397, 0.817879, -0.096112), (-0.848669, 0.526818, 0.047151, 0.013441), (-0.408835, -0.709931, 0.573456, 0.133127), (0.000000, 0.000000, 0.000000, 1.000000)
((0.335276, 0.468164, 0.817565, -0.097124), (-0.848627, 0.526965, 0.046257, 0.013477), (-0.409172, -0.709317, 0.573975, 0.132665), (0.000000, 0.000000, 0.000000, 1.000000)
((0.335276, 0.468164, 0.817565, -0.097321), (-0.848627, 0.526965, 0.046257, 0.013482), (-0.409172, -0.709317, 0.573975, 0.132566), (0.000000, 0.000000, 0.000000, 1.000000)
((0.334361, 0.468183, 0.817929, -0.100072), (-0.849716, 0.525164, 0.046751, 0.013542), (-0.407659, -0.710639, 0.573416, 0.131176), (0.000000, 0.000000, 0.000000, 1.000000)
((0.334664, 0.469378, 0.817119, -0.102322), (-0.850405, 0.523998, 0.047296, 0.013566), (-0.405969, -0.710711, 0.574525, 0.129923), (0.000000, 0.000000, 0.000000, 1.000000)
((0.334212, 0.470484, 0.816668, -0.103280), (-0.850476, 0.523983, 0.046180, 0.013571), (-0.406193, -0.709991, 0.575257, 0.129361), (0.000000, 0.000000, 0.000000, 1.000000)
((0.333905, 0.471278, 0.816336, -0.103962), (-0.850346, 0.524284, 0.045142, 0.013570), (-0.406718, -0.709241, 0.575810, 0.128928), (0.000000, 0.000000, 0.000000, 1.000000)
((0.333092, 0.472733, 0.815827, -0.104307), (-0.851384, 0.522629, 0.044770, 0.013570), (-0.405211, -0.709494, 0.576561, 0.128710), (0.000000, 0.000000, 0.000000, 1.000000)
((0.333083, 0.472817, 0.815782, -0.104634), (-0.851118, 0.523099, 0.044329, 0.013567), (-0.405775, -0.709092, 0.576659, 0.128484), (0.000000, 0.000000, 0.000000, 1.000000)
((0.332932, 0.473186, 0.815629, -0.104879), (-0.851142, 0.523092, 0.043957, 0.013565), (-0.405849, -0.708851, 0.576903, 0.128314), (0.000000, 0.000000, 0.000000, 1.000000)
((0.332782, 0.473554, 0.815477, -0.105253), (-0.851166, 0.523084, 0.043586, 0.013560), (-0.405923, -0.708611, 0.577146, 0.128037), (0.000000, 0.000000, 0.000000, 1.000000)
((0.332706, 0.473739, 0.815401, -0.105373), (-0.851177, 0.523081, 0.043400, 0.013559), (-0.405960, -0.708490, 0.577268, 0.127947), (0.000000, 0.000000, 0.000000, 1.000000)
((0.330857, 0.475961, 0.814858, -0.105643), (-0.850666, 0.524245, 0.039183, 0.013553), (-0.408536, -0.706136, 0.578334, 0.127729), (0.000000, 0.000000, 0.000000, 1.000000)
((0.330781, 0.476146, 0.814782, -0.105865), (-0.850677, 0.524240, 0.038996, 0.013548), (-0.408573, -0.706015, 0.578455, 0.127549), (0.000000, 0.000000, 0.000000, 1.000000)
((0.330706, 0.476330, 0.814704, -0.106011), (-0.850689, 0.524235, 0.038810, 0.013544), (-0.408610, -0.705895, 0.578576, 0.127421), (0.000000, 0.000000, 0.000000, 1.000000)
((0.330623, 0.476571, 0.814597, -0.106257), (-0.850523, 0.524539, 0.038328, 0.013536), (-0.409022, -0.705506, 0.578760, 0.127203), (0.000000, 0.000000, 0.000000, 1.000000)
((0.330623, 0.476571, 0.814597, -0.106385), (-0.850523, 0.524539, 0.038328, 0.013531), (-0.409022, -0.705506, 0.578760, 0.127081), (0.000000, 0.000000, 0.000000, 1.000000)
((0.330465, 0.476996, 0.814412, -0.106830), (-0.850369, 0.524838, 0.037660, 0.013512), (-0.409471, -0.704996, 0.579063, 0.126638), (0.000000, 0.000000, 0.000000, 1.000000)
((0.330382, 0.477237, 0.814305, -0.107163), (-0.850202, 0.525142, 0.037178, 0.013497), (-0.409883, -0.704607, 0.579246, 0.126274), (0.000000, 0.000000, 0.000000, 1.000000)
((0.327628, 0.481169, 0.813103, -0.107933), (-0.850467, 0.525055, 0.031972, 0.013461), (-0.411540, -0.701992, 0.581241, 0.125402), (0.000000, 0.000000, 0.000000, 1.000000)
((0.323925, 0.483228, 0.813366, -0.108520), (-0.850810, 0.524776, 0.027063, 0.013435), (-0.413757, -0.700786, 0.581123, 0.124694), (0.000000, 0.000000, 0.000000, 1.000000)
((0.323833, 0.483526, 0.813225, -0.108944), (-0.850462, 0.525379, 0.026283, 0.013417), (-0.414543, -0.700128, 0.581356, 0.124174), (0.000000, 0.000000, 0.000000, 1.000000)
((0.325454, 0.481977, 0.813498, -0.109217), (-0.850764, 0.524721, 0.029479, 0.013406), (-0.412651, -0.701688, 0.580821, 0.123819), (0.000000, 0.000000, 0.000000, 1.000000)
((0.324404, 0.484092, 0.812660, -0.109902), (-0.851485, 0.523632, 0.027980, 0.013379), (-0.411990, -0.701045, 0.582066, 0.122928), (0.000000, 0.000000, 0.000000, 1.000000)
((0.324404, 0.484092, 0.812660, -0.109949), (-0.851485, 0.523632, 0.027980, 0.013377), (-0.411990, -0.701045, 0.582066, 0.122864), (0.000000, 0.000000, 0.000000, 1.000000)
((0.324005, 0.485126, 0.812203, -0.110638), (-0.851187, 0.524196, 0.026456, 0.013352), (-0.412919, -0.699908, 0.582775, 0.121909), (0.000000, 0.000000, 0.000000, 1.000000)
((0.324005, 0.485126, 0.812203, -0.110682), (-0.851187, 0.524196, 0.026456, 0.013350), (-0.412919, -0.699908, 0.582775, 0.121843), (0.000000, 0.000000, 0.000000, 1.000000)
((0.327329, 0.483590, 0.811786, -0.112890), (-0.852764, 0.521231, 0.033349, 0.013253), (-0.407001, -0.703177, 0.583002, 0.118477), (0.000000, 0.000000, 0.000000, 1.000000)
((0.327160, 0.484073, 0.811566, -0.113263), (-0.852435, 0.521830, 0.032380, 0.013235), (-0.407825, -0.702401, 0.583362, 0.117891), (0.000000, 0.000000, 0.000000, 1.000000)
((0.328000, 0.486381, 0.809846, -0.113846), (-0.851881, 0.522816, 0.031030, 0.013195), (-0.408308, -0.700070, 0.585822, 0.116925), (0.000000, 0.000000, 0.000000, 1.000000)
((0.327085, 0.488231, 0.809102, -0.114219), (-0.852829, 0.521317, 0.030187, 0.013161), (-0.407061, -0.699899, 0.586893, 0.116278), (0.000000, 0.000000, 0.000000, 1.000000)
((0.330975, 0.483925, 0.810107, -0.114674), (-0.852460, 0.521499, 0.036756, 0.013120), (-0.404683, -0.702748, 0.585129, 0.115490), (0.000000, 0.000000, 0.000000, 1.000000)
((0.328178, 0.488073, 0.808755, -0.115192), (-0.852737, 0.521398, 0.031368, 0.013062), (-0.406373, -0.699949, 0.587309, 0.114551), (0.000000, 0.000000, 0.000000, 1.000000)
((0.328976, 0.488286, 0.808302, -0.116019), (-0.853484, 0.520060, 0.033203, 0.012969), (-0.404153, -0.700795, 0.587832, 0.113053), (0.000000, 0.000000, 0.000000, 1.000000)
((0.328976, 0.488286, 0.808302, -0.116058), (-0.853484, 0.520060, 0.033203, 0.012964), (-0.404153, -0.700795, 0.587832, 0.112980), (0.000000, 0.000000, 0.000000, 1.000000)
((0.327733, 0.491192, 0.807045, -0.117125), (-0.853501, 0.520229, 0.029971, 0.012807), (-0.405127, -0.698636, 0.589729, 0.110939), (0.000000, 0.000000, 0.000000, 1.000000)
((0.327407, 0.492072, 0.806641, -0.117641), (-0.853110, 0.520954, 0.028472, 0.012715), (-0.406213, -0.697475, 0.590355, 0.109909), (0.000000, 0.000000, 0.000000, 1.000000)
((0.327144, 0.492826, 0.806287, -0.118086), (-0.852530, 0.521988, 0.026852, 0.012636), (-0.407639, -0.696168, 0.590915, 0.109023), (0.000000, 0.000000, 0.000000, 1.000000)
((0.322326, 0.496962, 0.805689, -0.118817), (-0.854442, 0.519095, 0.021644, 0.012483), (-0.407473, -0.695392, 0.591943, 0.107511), (0.000000, 0.000000, 0.000000, 1.000000)
((0.321645, 0.498439, 0.805049, -0.119282), (-0.854808, 0.518541, 0.020475, 0.012386), (-0.407245, -0.694748, 0.592855, 0.106550), (0.000000, 0.000000, 0.000000, 1.000000)
((0.324223, 0.499212, 0.803534, -0.120205), (-0.854193, 0.519494, 0.021917, 0.012168), (-0.406490, -0.693479, 0.594855, 0.104562), (0.000000, 0.000000, 0.000000, 1.000000)
((0.321744, 0.500400, 0.803792, -0.120731), (-0.855731, 0.517007, 0.020672, 0.012044), (-0.405222, -0.694481, 0.594552, 0.103429), (0.000000, 0.000000, 0.000000, 1.000000)
((0.321507, 0.501008, 0.803508, -0.120884), (-0.855592, 0.517272, 0.019815, 0.012006), (-0.405704, -0.693845, 0.594965, 0.103091), (0.000000, 0.000000, 0.000000, 1.000000)
((0.321501, 0.501037, 0.803492, -0.120938), (-0.855505, 0.517422, 0.019662, 0.011993), (-0.405893, -0.693712, 0.594991, 0.102972), (0.000000, 0.000000, 0.000000, 1.000000)
((0.320638, 0.505154, 0.801256, -0.121119), (-0.854913, 0.518549, 0.015190, 0.011945), (-0.407817, -0.689875, 0.598129, 0.102566), (0.000000, 0.000000, 0.000000, 1.000000)
((0.320622, 0.505240, 0.801208, -0.121226), (-0.854649, 0.518997, 0.014730, 0.011917), (-0.408382, -0.689474, 0.598205, 0.102325), (0.000000, 0.000000, 0.000000, 1.000000)
((0.319990, 0.506626, 0.800585, -0.121608), (-0.855260, 0.518009, 0.014037, 0.011809), (-0.407599, -0.689200, 0.599054, 0.101447), (0.000000, 0.000000, 0.000000, 1.000000)
((0.321663, 0.505102, 0.800878, -0.121870), (-0.855335, 0.517797, 0.016968, 0.011736), (-0.406122, -0.690477, 0.598587, 0.100845), (0.000000, 0.000000, 0.000000, 1.000000)
((0.319729, 0.507349, 0.800231, -0.121959), (-0.854768, 0.518858, 0.012561, 0.011709), (-0.408834, -0.688028, 0.599560, 0.100636), (0.000000, 0.000000, 0.000000, 1.000000)
((0.318938, 0.511279, 0.798042, -0.122063), (-0.854153, 0.519956, 0.008244, 0.011673), (-0.410732, -0.684280, 0.602545, 0.100386), (0.000000, 0.000000, 0.000000, 1.000000)
((0.322982, 0.508839, 0.797976, -0.122104), (-0.852436, 0.522701, 0.011718, 0.011655), (-0.411140, -0.684008, 0.602576, 0.100283), (0.000000, 0.000000, 0.000000, 1.000000)
((0.322982, 0.508839, 0.797976, -0.122132), (-0.852436, 0.522701, 0.011718, 0.011640), (-0.411140, -0.684008, 0.602576, 0.100210), (0.000000, 0.000000, 0.000000, 1.000000)
((0.320814, 0.511601, 0.797084, -0.122189), (-0.852079, 0.523366, 0.007031, 0.011607), (-0.413569, -0.681434, 0.603828, 0.100063), (0.000000, 0.000000, 0.000000, 1.000000)
((0.318717, 0.514168, 0.796273, -0.122209), (-0.851703, 0.524018, 0.002535, 0.011594), (-0.415958, -0.678996, 0.604932, 0.100009), (0.000000, 0.000000, 0.000000, 1.000000)
((0.316751, 0.516443, 0.795585, -0.122346), (-0.851027, 0.525119, -0.002049, 0.011498), (-0.418835, -0.676415, 0.605838, 0.099652), (0.000000, 0.000000, 0.000000, 1.000000)
((0.318680, 0.514344, 0.796174, -0.122525), (-0.851166, 0.524894, 0.001600, 0.011371), (-0.417084, -0.678187, 0.605065, 0.099186), (0.000000, 0.000000, 0.000000, 1.000000)
((0.316268, 0.517504, 0.795088, -0.122726), (-0.851436, 0.524452, -0.002672, 0.011214), (-0.418368, -0.676121, 0.606489, 0.098660), (0.000000, 0.000000, 0.000000, 1.000000)
((0.311893, 0.522814, 0.793340, -0.122873), (-0.851283, 0.524590, -0.011034, 0.011099), (-0.421947, -0.671916, 0.608679, 0.098275), (0.000000, 0.000000, 0.000000, 1.000000)
((0.309665, 0.527697, 0.790976, -0.122930), (-0.849161, 0.527768, -0.019655, 0.011046), (-0.427824, -0.665580, 0.611531, 0.098128), (0.000000, 0.000000, 0.000000, 1.000000)
((0.305421, 0.532507, 0.789401, -0.122975), (-0.849130, 0.527478, -0.027291, 0.011000), (-0.430925, -0.661969, 0.613270, 0.098009), (0.000000, 0.000000, 0.000000, 1.000000)
((0.301441, 0.536756, 0.788052, -0.122991), (-0.848135, 0.528583, -0.035603, 0.010981), (-0.435661, -0.657643, 0.614578, 0.097966), (0.000000, 0.000000, 0.000000, 1.000000)
((0.303132, 0.537374, 0.786982, -0.123058), (-0.846968, 0.530427, -0.035953, 0.010895), (-0.436757, -0.655650, 0.615928, 0.097781), (0.000000, 0.000000, 0.000000, 1.000000)
((0.299291, 0.541243, 0.785800, -0.123063), (-0.845923, 0.531495, -0.043893, 0.010886), (-0.441405, -0.651590, 0.616922, 0.097765), (0.000000, 0.000000, 0.000000, 1.000000)
((0.297281, 0.543354, 0.785105, -0.123095), (-0.845354, 0.532035, -0.048116, 0.010834), (-0.443847, -0.649388, 0.617491, 0.097670), (0.000000, 0.000000, 0.000000, 1.000000)
((0.297274, 0.543384, 0.785088, -0.123137), (-0.845259, 0.532172, -0.048275, 0.010765), (-0.444033, -0.649252, 0.617501, 0.097545), (0.000000, 0.000000, 0.000000, 1.000000)
((0.295404, 0.545210, 0.784527, -0.123291), (-0.844369, 0.533175, -0.052596, 0.010477), (-0.446966, -0.646893, 0.617860, 0.097055), (0.000000, 0.000000, 0.000000, 1.000000)
((0.295382, 0.545298, 0.784474, -0.123420), (-0.844081, 0.533582, -0.053073, 0.010237), (-0.447522, -0.646483, 0.617886, 0.096647), (0.000000, 0.000000, 0.000000, 1.000000)
((0.295347, 0.545445, 0.784385, -0.123658), (-0.843601, 0.534261, -0.053871, 0.009739), (-0.448450, -0.645798, 0.617930, 0.095847), (0.000000, 0.000000, 0.000000, 1.000000)
((0.293397, 0.547411, 0.783747, -0.123719), (-0.842804, 0.535063, -0.058212, 0.009611), (-0.451220, -0.643466, 0.618346, 0.095643), (0.000000, 0.000000, 0.000000, 1.000000)
((0.288917, 0.552337, 0.781953, -0.123771), (-0.842798, 0.534177, -0.065921, 0.009491), (-0.454112, -0.639983, 0.619841, 0.095459), (0.000000, 0.000000, 0.000000, 1.000000)
((0.286879, 0.554412, 0.781235, -0.123798), (-0.842089, 0.534742, -0.070260, 0.009428), (-0.456712, -0.637713, 0.620271, 0.095362), (0.000000, 0.000000, 0.000000, 1.000000)
((0.289335, 0.551604, 0.782316, -0.123844), (-0.841399, 0.536254, -0.066921, 0.009300), (-0.456434, -0.638877, 0.619276, 0.095179), (0.000000, 0.000000, 0.000000, 1.000000)
((0.288327, 0.555646, 0.779823, -0.124047), (-0.840473, 0.537059, -0.071918, 0.008690), (-0.458772, -0.634685, 0.621855, 0.094346), (0.000000, 0.000000, 0.000000, 1.000000)
((0.281805, 0.562522, 0.777274, -0.124243), (-0.839205, 0.537207, -0.084524, 0.008050), (-0.465104, -0.628473, 0.623459, 0.093496), (0.000000, 0.000000, 0.000000, 1.000000)
((0.283351, 0.563494, 0.776007, -0.124318), (-0.837967, 0.538995, -0.085413, 0.007736), (-0.466393, -0.626066, 0.624914, 0.093108), (0.000000, 0.000000, 0.000000, 1.000000)
((0.281371, 0.565364, 0.775367, -0.124327), (-0.837216, 0.539489, -0.089557, 0.007691), (-0.468934, -0.623951, 0.625129, 0.093056), (0.000000, 0.000000, 0.000000, 1.000000)
((0.269486, 0.576108, 0.771672, -0.124327), (-0.833239, 0.541227, -0.113077, 0.007689), (-0.482794, -0.612514, 0.625889, 0.093054), (0.000000, 0.000000, 0.000000, 1.000000)
((0.269470, 0.576166, 0.771634, -0.124360), (-0.833033, 0.541477, -0.113400, 0.007353), (-0.483159, -0.612238, 0.625877, 0.092711), (0.000000, 0.000000, 0.000000, 1.000000)
((0.267453, 0.578003, 0.770961, -0.124390), (-0.832012, 0.542107, -0.117795, 0.007049), (-0.486029, -0.609944, 0.625894, 0.092401), (0.000000, 0.000000, 0.000000, 1.000000)
((0.267526, 0.577887, 0.771023, -0.124413), (-0.831791, 0.542416, -0.117933, 0.006751), (-0.486367, -0.609780, 0.625792, 0.092110), (0.000000, 0.000000, 0.000000, 1.000000)
((0.267526, 0.577887, 0.771023, -0.124417), (-0.831791, 0.542416, -0.117933, 0.006660), (-0.486367, -0.609780, 0.625792, 0.092025), (0.000000, 0.000000, 0.000000, 1.000000)
((0.259542, 0.584724, 0.768594, -0.124417), (-0.828968, 0.543178, -0.133305, 0.006646), (-0.495430, -0.602541, 0.625695, 0.092012), (0.000000, 0.000000, 0.000000, 1.000000)
((0.259533, 0.584752, 0.768575, -0.124422), (-0.828862, 0.543300, -0.133466, 0.006479), (-0.495611, -0.602404, 0.625683, 0.091861), (0.000000, 0.000000, 0.000000, 1.000000)
((0.259573, 0.584754, 0.768560, -0.124427), (-0.828213, 0.544095, -0.134251, 0.005531), (-0.496674, -0.601683, 0.625533, 0.091040), (0.000000, 0.000000, 0.000000, 1.000000)
((0.256919, 0.587613, 0.767270, -0.124430), (-0.828465, 0.542715, -0.138228, 0.005083), (-0.497634, -0.600143, 0.626250, 0.090652), (0.000000, 0.000000, 0.000000, 1.000000)
((0.254891, 0.589337, 0.766624, -0.124429), (-0.827492, 0.543122, -0.142392, 0.004649), (-0.500287, -0.598081, 0.626109, 0.090288), (0.000000, 0.000000, 0.000000, 1.000000)
((0.256382, 0.590431, 0.765284, -0.124429), (-0.826498, 0.544434, -0.143151, 0.004596), (-0.501168, -0.595804, 0.627573, 0.090246), (0.000000, 0.000000, 0.000000, 1.000000)
((0.252344, 0.593748, 0.764059, -0.124427), (-0.824961, 0.544695, -0.150823, 0.004456), (-0.505730, -0.592259, 0.627269, 0.090134), (0.000000, 0.000000, 0.000000, 1.000000)
((0.252344, 0.593748, 0.764059, -0.124424), (-0.824961, 0.544695, -0.150823, 0.004355), (-0.505730, -0.592259, 0.627269, 0.090056), (0.000000, 0.000000, 0.000000, 1.000000)
((0.247888, 0.597772, 0.762378, -0.124388), (-0.823936, 0.544020, -0.158656, 0.003294), (-0.509589, -0.588822, 0.627382, 0.089255), (0.000000, 0.000000, 0.000000, 1.000000)
((0.245783, 0.599492, 0.761709, -0.124387), (-0.823374, 0.543795, -0.162305, 0.003282), (-0.511514, -0.587279, 0.627261, 0.089247), (0.000000, 0.000000, 0.000000, 1.000000)
((0.240761, 0.606052, 0.758113, -0.124309), (-0.820964, 0.543816, -0.174018, 0.002340), (-0.517738, -0.580487, 0.628477, 0.088636), (0.000000, 0.000000, 0.000000, 1.000000)
((0.238696, 0.607672, 0.757469, -0.124285), (-0.819924, 0.544065, -0.178094, 0.002062), (-0.520335, -0.578557, 0.628111, 0.088457), (0.000000, 0.000000, 0.000000, 1.000000)
((0.238860, 0.607424, 0.757616, -0.124226), (-0.819563, 0.544568, -0.178221, 0.001479), (-0.520829, -0.578344, 0.627897, 0.088097), (0.000000, 0.000000, 0.000000, 1.000000)
((0.236340, 0.609801, 0.756496, -0.124146), (-0.819632, 0.543262, -0.181851, 0.000689), (-0.521868, -0.577070, 0.628207, 0.087610), (0.000000, 0.000000, 0.000000, 1.000000)
((0.236468, 0.609668, 0.756563, -0.123997), (-0.818825, 0.544219, -0.182624, -0.000514), (-0.523076, -0.576308, 0.627902, 0.086890), (0.000000, 0.000000, 0.000000, 1.000000)
((0.235824, 0.610921, 0.755753, -0.123709), (-0.818733, 0.543844, -0.184146, -0.002838), (-0.523510, -0.575334, 0.628433, 0.085499), (0.000000, 0.000000, 0.000000, 1.000000)
((0.234471, 0.609683, 0.757173, -0.123429), (-0.818564, 0.543970, -0.184528, -0.004847), (-0.524383, -0.576527, 0.626609, 0.084330), (0.000000, 0.000000, 0.000000, 1.000000)
((0.229659, 0.615648, 0.753813, -0.123222), (-0.815663, 0.544301, -0.196035, -0.006289), (-0.530990, -0.569836, 0.627165, 0.083512), (0.000000, 0.000000, 0.000000, 1.000000)
((0.225630, 0.618448, 0.752737, -0.123183), (-0.813916, 0.544283, -0.203215, -0.006553), (-0.535380, -0.566814, 0.626171, 0.083365), (0.000000, 0.000000, 0.000000, 1.000000)
((0.226825, 0.620127, 0.750995, -0.123089), (-0.812527, 0.545634, -0.205143, -0.007206), (-0.536983, -0.563672, 0.627633, 0.083001), (0.000000, 0.000000, 0.000000, 1.000000)
((0.221671, 0.624931, 0.748548, -0.122674), (-0.811561, 0.543798, -0.213663, -0.010215), (-0.540583, -0.560129, 0.627714, 0.081340), (0.000000, 0.000000, 0.000000, 1.000000)
((0.221795, 0.624832, 0.748593, -0.122471), (-0.810610, 0.544846, -0.214600, -0.011721), (-0.541957, -0.559220, 0.627340, 0.080523), (0.000000, 0.000000, 0.000000, 1.000000)
((0.223442, 0.624290, 0.748556, -0.122145), (-0.811354, 0.544718, -0.212103, -0.014113), (-0.540166, -0.559951, 0.628232, 0.079247), (0.000000, 0.000000, 0.000000, 1.000000)
((0.220787, 0.626801, 0.747244, -0.121973), (-0.811048, 0.543529, -0.216283, -0.015374), (-0.541715, -0.558298, 0.628370, 0.078573), (0.000000, 0.000000, 0.000000, 1.000000)
((0.220787, 0.626801, 0.747244, -0.121968), (-0.811048, 0.543529, -0.216283, -0.015413), (-0.541715, -0.558298, 0.628370, 0.078554), (0.000000, 0.000000, 0.000000, 1.000000)
((0.220518, 0.627382, 0.746836, -0.121820), (-0.811577, 0.542734, -0.216292, -0.016521), (-0.541031, -0.558418, 0.628852, 0.077986), (0.000000, 0.000000, 0.000000, 1.000000)
((0.220518, 0.627382, 0.746836, -0.121819), (-0.811577, 0.542734, -0.216292, -0.016532), (-0.541031, -0.558418, 0.628852, 0.077980), (0.000000, 0.000000, 0.000000, 1.000000)
((0.220391, 0.627628, 0.746666, -0.121776), (-0.811247, 0.542965, -0.216950, -0.016865), (-0.541578, -0.557917, 0.628826, 0.077817), (0.000000, 0.000000, 0.000000, 1.000000)
((0.221287, 0.628579, 0.745601, -0.121312), (-0.812229, 0.541944, -0.215825, -0.020549), (-0.539737, -0.557839, 0.630476, 0.076040), (0.000000, 0.000000, 0.000000, 1.000000)
((0.221287, 0.628579, 0.745601, -0.121310), (-0.812229, 0.541944, -0.215825, -0.020560), (-0.539737, -0.557839, 0.630476, 0.076035), (0.000000, 0.000000, 0.000000, 1.000000)
((0.222764, 0.628561, 0.745176, -0.120966), (-0.813801, 0.540760, -0.212855, -0.023248), (-0.536754, -0.559008, 0.631985, 0.074761), (0.000000, 0.000000, 0.000000, 1.000000)
((0.222764, 0.628561, 0.745176, -0.120965), (-0.813801, 0.540760, -0.212855, -0.023260), (-0.536754, -0.559008, 0.631985, 0.074755), (0.000000, 0.000000, 0.000000, 1.000000)
((0.219903, 0.631519, 0.743523, -0.120674), (-0.813061, 0.539812, -0.218025, -0.025494), (-0.539049, -0.556585, 0.632170, 0.073721), (0.000000, 0.000000, 0.000000, 1.000000)
((0.219903, 0.631519, 0.743523, -0.120674), (-0.813061, 0.539812, -0.218025, -0.025498), (-0.539049, -0.556585, 0.632170, 0.073719), (0.000000, 0.000000, 0.000000, 1.000000)
</SampleFrames>
<SampleWeights Num="184">0.0391076
0.0391076
0.055688
0.0556876
0.0200505
0.00968469
0.00834019
0.0110678
0.0110678
0.00726547
0.00548535
0.00614791
0.00889717
0.00964733
0.00944962
0.0194539
0.0139031
0.00873326
0.0144798
0.0247312
0.0324934
0.0341798
0.0436436
0.0613042
0.0717875
0.0709624
0.0814525
0.0849624
0.0891205
0.102992
0.0915803
0.102787
0.115627
0.120923
0.118187
0.107973
0.131773
0.131772
0.143676
0.143674
0.135292
0.135289
0.160677
0.1608
0.163624
0.163592
0.152933
0.150467
0.144643
0.144619
0.143898
0.143869
0.143727
0.14248
0.139289
0.142044
0.16386
0.172216
0.174504
0.175519
0.181145
0.190262
0.200711
0.204003
0.192377
0.187512
0.199974
0.216711
0.229097
0.207132
0.196218
0.196088
0.182421
0.198478
0.173805
0.16903
0.175879
0.182993
0.17396
0.164551
0.162505
0.158421
0.15259
0.152463
0.150964
0.150857
0.148231
0.147577
0.139057
0.130834
0.128571
0.127253
0.120353
0.120326
0.105565
0.105534
0.1274
0.125668
0.142867
0.132675
0.106189
0.101325
0.102529
0.102495
0.0868897
0.0755346
0.0697065
0.0865687
0.100296
0.115132
0.115239
0.0998246
0.101938
0.105084
0.10914
0.123342
0.121308
0.120516
0.129619
0.139676
0.142483
0.119415
0.0948483
0.0971921
0.108008
0.118647
0.123322
0.123205
0.133855
0.123178
0.136588
0.135671
0.127881
0.128558
0.137792
0.142161
0.149606
0.147523
0.145056
0.137666
0.135167
0.14246
0.144513
0.150934
0.148605
0.14507
0.145183
0.142633
0.14604
0.145985
0.148682
0.149163
0.15126
0.150617
0.14806
0.156257
0.159784
0.159732
0.166189
0.166343
0.181996
0.182627
