<PointSplatMark HeadPosAtStart="(0.922126, -0.124578, 1.70415)" BrushTip="0" BrushInterface="ForceTapeDraw" SuperSamplesPerWidth="20" Draw="0" Width="0.022" Pose="1" LayerIndex="0" Name="sidemuscle" RoomToVirtualScaleAtStart="0.834423" RoomToVirtualFrameAtStart="((0.819542, 0.289024, 0.494788, 0.051190), (-0.215941, 0.955594, -0.200524, 0.048635), (-0.530773, 0.057493, 0.845562, 0.106849), (0.000000, 0.000000, 0.000000, 1.000000)" ColorSwatch="0.170979"><SamplePoints Num="104">(-0.0118289, 0.0430594, 0.145202)
(-0.0121994, 0.0428651, 0.145079)
(-0.0122605, 0.042833, 0.145061)
(-0.0124219, 0.0427485, 0.145013)
(-0.0124617, 0.0427275, 0.145002)
(-0.0130646, 0.0424377, 0.145006)
(-0.0131222, 0.0424116, 0.145012)
(-0.0132249, 0.0423655, 0.145027)
(-0.0135512, 0.0422191, 0.145077)
(-0.0136244, 0.0421866, 0.145093)
(-0.0137311, 0.0421375, 0.145122)
(-0.0143352, 0.0418596, 0.145287)
(-0.0147478, 0.0416697, 0.1454)
(-0.0156744, 0.0412402, 0.14569)
(-0.0161571, 0.0410144, 0.145871)
(-0.0169357, 0.0406495, 0.146174)
(-0.0173458, 0.0404638, 0.146332)
(-0.0173919, 0.0404437, 0.146349)
(-0.01782, 0.040257, 0.14651)
(-0.0179024, 0.0402238, 0.146539)
(-0.0195992, 0.0395785, 0.147099)
(-0.0204537, 0.039281, 0.147339)
(-0.0214854, 0.038936, 0.14757)
(-0.0215305, 0.0389222, 0.147578)
(-0.0235652, 0.0382978, 0.14792)
(-0.0240274, 0.0381668, 0.147972)
(-0.0251275, 0.0378548, 0.148097)
(-0.0262075, 0.0375785, 0.148179)
(-0.0266427, 0.0374672, 0.148213)
(-0.027677, 0.037215, 0.148278)
(-0.0286038, 0.0370008, 0.148324)
(-0.0286735, 0.0369867, 0.148325)
(-0.0302189, 0.0366745, 0.148344)
(-0.0305921, 0.0366097, 0.148341)
(-0.0312091, 0.0365202, 0.148318)
(-0.0315032, 0.0364858, 0.148301)
(-0.0317821, 0.0364635, 0.14828)
(-0.0319878, 0.0364471, 0.148264)
(-0.0327167, 0.0364164, 0.148205)
(-0.0334584, 0.0364084, 0.148133)
(-0.0340972, 0.0364016, 0.148072)
(-0.0348894, 0.0364232, 0.147994)
(-0.0354581, 0.0364387, 0.147938)
(-0.0361307, 0.0364786, 0.147871)
(-0.0378296, 0.0366309, 0.147684)
(-0.0382111, 0.0366651, 0.147642)
(-0.0384839, 0.0366968, 0.147608)
(-0.0388064, 0.0367416, 0.147561)
(-0.0390729, 0.0367787, 0.147521)
(-0.0397564, 0.0368742, 0.14742)
(-0.0409843, 0.0370666, 0.147166)
(-0.0414733, 0.0371445, 0.147036)
(-0.0424049, 0.0372933, 0.146763)
(-0.0424055, 0.0372934, 0.146763)
(-0.0433119, 0.0374368, 0.146444)
(-0.0441813, 0.0375717, 0.146112)
(-0.0451285, 0.0377184, 0.145713)
(-0.0452088, 0.0377308, 0.145679)
(-0.0460399, 0.0378618, 0.145298)
(-0.0466664, 0.0379631, 0.144992)
(-0.0474104, 0.0380887, 0.144612)
(-0.0478505, 0.038163, 0.144387)
(-0.0478558, 0.038164, 0.144384)
(-0.0484718, 0.038274, 0.144058)
(-0.0498611, 0.0385252, 0.143297)
(-0.049944, 0.0385406, 0.143249)
(-0.0502059, 0.0385891, 0.143095)
(-0.0516419, 0.0388628, 0.142221)
(-0.0535171, 0.0392236, 0.141054)
(-0.0540816, 0.039333, 0.140696)
(-0.0559734, 0.0397074, 0.139415)
(-0.0574365, 0.0399969, 0.138425)
(-0.0582677, 0.0401603, 0.137846)
(-0.059602, 0.0404204, 0.136895)
(-0.0614205, 0.0407666, 0.135549)
(-0.0620847, 0.0408885, 0.135039)
(-0.062596, 0.0409789, 0.134634)
(-0.0633879, 0.0411093, 0.133968)
(-0.0635913, 0.0411421, 0.133795)
(-0.0639311, 0.0411944, 0.133494)
(-0.0645636, 0.0412832, 0.132899)
(-0.0658791, 0.0414453, 0.131587)
(-0.0665084, 0.0415129, 0.130926)
(-0.0677236, 0.0416127, 0.129544)
(-0.0684543, 0.0416477, 0.12863)
(-0.0690368, 0.041665, 0.127867)
(-0.0694986, 0.0416696, 0.127231)
(-0.0698482, 0.0416656, 0.126722)
(-0.0702291, 0.0416526, 0.126131)
(-0.0706514, 0.0416382, 0.125477)
(-0.0708179, 0.0416278, 0.125201)
(-0.0708882, 0.0416235, 0.125085)
(-0.0721378, 0.0415091, 0.122858)
(-0.0723619, 0.0414818, 0.122425)
(-0.0725133, 0.0414614, 0.122121)
(-0.0726197, 0.041447, 0.121908)
(-0.0728325, 0.0414156, 0.121468)
(-0.0729903, 0.0413916, 0.121139)
(-0.07339, 0.0413258, 0.120283)
(-0.073982, 0.0412217, 0.118996)
(-0.0743788, 0.0411462, 0.118123)
(-0.0751461, 0.0409845, 0.116422)
(-0.0769519, 0.0405893, 0.112422)
(-0.079144, 0.0400766, 0.107588)
</SamplePoints>
<SampleFrames Num="104">((-0.707686, 0.305035, 0.637287, -0.011829), (-0.472773, 0.465851, -0.747977, 0.043059), (-0.525040, -0.830624, -0.185463, 0.145202), (0.000000, 0.000000, 0.000000, 1.000000)
((0.708523, -0.001346, -0.705702, -0.012199), (-0.473790, 0.740198, -0.477094, 0.042865), (-0.522990, -0.672388, -0.523800, 0.145079), (0.000000, 0.000000, 0.000000, 1.000000)
((0.710433, -0.003115, -0.703762, -0.012261), (-0.476539, 0.733729, -0.484303, 0.042833), (-0.517876, -0.679435, -0.519779, 0.145061), (0.000000, 0.000000, 0.000000, 1.000000)
((0.711201, -0.003807, -0.702974, -0.012422), (-0.478027, 0.730591, -0.487579, 0.042749), (-0.515446, -0.682805, -0.517778, 0.145013), (0.000000, 0.000000, 0.000000, 1.000000)
((0.713072, -0.005457, -0.701065, -0.012462), (-0.480749, 0.724041, -0.494620, 0.042727), (-0.510302, -0.689735, -0.513672, 0.145002), (0.000000, 0.000000, 0.000000, 1.000000)
((0.715288, -0.007318, -0.698791, -0.013065), (-0.485309, 0.714290, -0.504247, 0.042438), (-0.502830, -0.699811, -0.507372, 0.145006), (0.000000, 0.000000, 0.000000, 1.000000)
((0.715187, -0.007228, -0.698895, -0.013122), (-0.485486, 0.714210, -0.504188, 0.042412), (-0.502803, -0.699894, -0.507286, 0.145012), (0.000000, 0.000000, 0.000000, 1.000000)
((0.716975, -0.008677, -0.697043, -0.013225), (-0.488318, 0.707346, -0.511087, 0.042365), (-0.497487, -0.706815, -0.502912, 0.145027), (0.000000, 0.000000, 0.000000, 1.000000)
((0.716752, -0.008499, -0.697274, -0.013551), (-0.488216, 0.707852, -0.510484, 0.042219), (-0.497907, -0.706310, -0.503205, 0.145077), (0.000000, 0.000000, 0.000000, 1.000000)
((0.716651, -0.008412, -0.697379, -0.013624), (-0.488392, 0.707771, -0.510426, 0.042187), (-0.497880, -0.706391, -0.503118, 0.145093), (0.000000, 0.000000, 0.000000, 1.000000)
((0.717557, -0.009134, -0.696440, -0.013731), (-0.489643, 0.704509, -0.513728, 0.042137), (-0.495341, -0.709636, -0.501054, 0.145122), (0.000000, 0.000000, 0.000000, 1.000000)
((0.719030, -0.010271, -0.694904, -0.014335), (-0.492205, 0.698379, -0.519616, 0.041860), (-0.490643, -0.715654, -0.497100, 0.145287), (0.000000, 0.000000, 0.000000, 1.000000)
((0.717623, -0.009009, -0.696375, -0.014748), (-0.493363, 0.699161, -0.517459, 0.041670), (-0.491539, -0.714907, -0.497290, 0.145400), (0.000000, 0.000000, 0.000000, 1.000000)
((0.716733, -0.008144, -0.697299, -0.015674), (-0.496153, 0.696698, -0.518118, 0.041240), (-0.490027, -0.717319, -0.495306, 0.145690), (0.000000, 0.000000, 0.000000, 1.000000)
((0.716893, -0.008234, -0.697133, -0.016157), (-0.498163, 0.693499, -0.520474, 0.041014), (-0.487748, -0.720410, -0.493064, 0.145871), (0.000000, 0.000000, 0.000000, 1.000000)
((0.715111, -0.006707, -0.698980, -0.016936), (-0.499710, 0.694308, -0.517905, 0.040650), (-0.488781, -0.719646, -0.493155, 0.146174), (0.000000, 0.000000, 0.000000, 1.000000)
((0.714894, -0.006540, -0.699203, -0.017346), (-0.499609, 0.694817, -0.517319, 0.040464), (-0.489201, -0.719157, -0.493454, 0.146332), (0.000000, 0.000000, 0.000000, 1.000000)
((0.715666, -0.007129, -0.698407, -0.017392), (-0.501025, 0.691441, -0.520466, 0.040444), (-0.486617, -0.722398, -0.491267, 0.146349), (0.000000, 0.000000, 0.000000, 1.000000)
((0.715810, -0.007080, -0.698259, -0.017820), (-0.505157, 0.685128, -0.524801, 0.040257), (-0.482112, -0.728389, -0.486845, 0.146510), (0.000000, 0.000000, 0.000000, 1.000000)
((0.715732, -0.007020, -0.698341, -0.017902), (-0.505175, 0.685234, -0.524643, 0.040224), (-0.482209, -0.728289, -0.486899, 0.146539), (0.000000, 0.000000, 0.000000, 1.000000)
((0.716140, -0.007161, -0.697921, -0.019599), (-0.510067, 0.677186, -0.530329, 0.039579), (-0.476419, -0.735777, -0.481308, 0.147099), (0.000000, 0.000000, 0.000000, 1.000000)
((0.715227, -0.006361, -0.698863, -0.020454), (-0.512410, 0.675240, -0.530553, 0.039281), (-0.475276, -0.737570, -0.479692, 0.147339), (0.000000, 0.000000, 0.000000, 1.000000)
((0.716283, -0.007098, -0.697775, -0.021485), (-0.514850, 0.669599, -0.535319, 0.038936), (-0.471029, -0.742688, -0.475966, 0.147570), (0.000000, 0.000000, 0.000000, 1.000000)
((0.716283, -0.007098, -0.697775, -0.021531), (-0.514850, 0.669599, -0.535319, 0.038922), (-0.471029, -0.742688, -0.475966, 0.147578), (0.000000, 0.000000, 0.000000, 1.000000)
((0.715643, -0.006497, -0.698437, -0.023565), (-0.518392, 0.665224, -0.537350, 0.038298), (-0.468107, -0.746616, -0.472696, 0.147920), (0.000000, 0.000000, 0.000000, 1.000000)
((0.716365, -0.006998, -0.697694, -0.024027), (-0.519193, 0.662663, -0.539735, 0.038167), (-0.466111, -0.748885, -0.471073, 0.147972), (0.000000, 0.000000, 0.000000, 1.000000)
((0.716240, -0.006750, -0.697824, -0.025127), (-0.522900, 0.657012, -0.543055, 0.037855), (-0.462143, -0.753850, -0.467047, 0.148097), (0.000000, 0.000000, 0.000000, 1.000000)
((0.715788, -0.006453, -0.698289, -0.026208), (-0.522570, 0.658352, -0.541750, 0.037579), (-0.463216, -0.752682, -0.467867, 0.148179), (0.000000, 0.000000, 0.000000, 1.000000)
((0.715512, -0.006267, -0.698571, -0.026643), (-0.522488, 0.658977, -0.541071, 0.037467), (-0.463734, -0.752137, -0.468232, 0.148213), (0.000000, 0.000000, 0.000000, 1.000000)
((0.715851, -0.006496, -0.698224, -0.027677), (-0.523369, 0.656939, -0.542694, 0.037215), (-0.462215, -0.753916, -0.466869, 0.148278), (0.000000, 0.000000, 0.000000, 1.000000)
((0.717025, -0.007265, -0.697009, -0.028604), (-0.525580, 0.651194, -0.547462, 0.037001), (-0.457866, -0.758877, -0.463103, 0.148324), (0.000000, 0.000000, 0.000000, 1.000000)
((0.717025, -0.007265, -0.697009, -0.028674), (-0.525580, 0.651194, -0.547462, 0.036987), (-0.457866, -0.758877, -0.463103, 0.148325), (0.000000, 0.000000, 0.000000, 1.000000)
((0.716735, -0.006993, -0.697312, -0.030219), (-0.525678, 0.651623, -0.546854, 0.036674), (-0.458208, -0.758511, -0.463365, 0.148344), (0.000000, 0.000000, 0.000000, 1.000000)
((0.716610, -0.006914, -0.697440, -0.030592), (-0.525563, 0.652036, -0.546473, 0.036610), (-0.458534, -0.758157, -0.463621, 0.148341), (0.000000, 0.000000, 0.000000, 1.000000)
((0.717978, -0.007780, -0.696022, -0.031209), (-0.527725, 0.645952, -0.551592, 0.036520), (-0.453889, -0.763339, -0.459674, 0.148318), (0.000000, 0.000000, 0.000000, 1.000000)
((0.717951, -0.007773, -0.696051, -0.031503), (-0.527447, 0.646460, -0.551262, 0.036486), (-0.454254, -0.762908, -0.460026, 0.148301), (0.000000, 0.000000, 0.000000, 1.000000)
((0.717782, -0.007659, -0.696228, -0.031782), (-0.527626, 0.646474, -0.551071, 0.036464), (-0.454312, -0.762898, -0.459986, 0.148280), (0.000000, 0.000000, 0.000000, 1.000000)
((0.717636, -0.007564, -0.696378, -0.031988), (-0.527659, 0.646688, -0.550790, 0.036447), (-0.454505, -0.762718, -0.460095, 0.148264), (0.000000, 0.000000, 0.000000, 1.000000)
((0.718444, -0.008088, -0.695539, -0.032717), (-0.528139, 0.644386, -0.553025, 0.036416), (-0.452668, -0.764658, -0.458682, 0.148205), (0.000000, 0.000000, 0.000000, 1.000000)
((0.718888, -0.008359, -0.695075, -0.033458), (-0.529121, 0.641906, -0.554968, 0.036408), (-0.450812, -0.766738, -0.457036, 0.148133), (0.000000, 0.000000, 0.000000, 1.000000)
((0.718453, -0.008083, -0.695525, -0.034097), (-0.529217, 0.642550, -0.554131, 0.036402), (-0.451391, -0.766201, -0.457366, 0.148072), (0.000000, 0.000000, 0.000000, 1.000000)
((0.718137, -0.007892, -0.695857, -0.034889), (-0.529005, 0.643490, -0.553239, 0.036423), (-0.452143, -0.765414, -0.457940, 0.147994), (0.000000, 0.000000, 0.000000, 1.000000)
((0.718727, -0.008257, -0.695243, -0.035458), (-0.529951, 0.640791, -0.555464, 0.036439), (-0.450092, -0.767671, -0.456177, 0.147938), (0.000000, 0.000000, 0.000000, 1.000000)
((0.719361, -0.008654, -0.694580, -0.036131), (-0.530602, 0.638491, -0.557487, 0.036479), (-0.448309, -0.769581, -0.454715, 0.147871), (0.000000, 0.000000, 0.000000, 1.000000)
((0.719536, -0.008773, -0.694402, -0.037830), (-0.531072, 0.637347, -0.558345, 0.036631), (-0.447472, -0.770527, -0.453935, 0.147684), (0.000000, 0.000000, 0.000000, 1.000000)
((0.717900, -0.007577, -0.696106, -0.038211), (-0.532525, 0.638060, -0.556143, 0.036665), (-0.448370, -0.769950, -0.454027, 0.147642), (0.000000, 0.000000, 0.000000, 1.000000)
((0.721531, -0.010020, -0.692311, -0.038484), (-0.531662, 0.632517, -0.563255, 0.036697), (-0.443541, -0.774482, -0.451054, 0.147608), (0.000000, 0.000000, 0.000000, 1.000000)
((0.721389, -0.009935, -0.692460, -0.038806), (-0.531693, 0.632733, -0.562983, 0.036742), (-0.443735, -0.774306, -0.451165, 0.147561), (0.000000, 0.000000, 0.000000, 1.000000)
((0.721269, -0.009869, -0.692585, -0.039073), (-0.531580, 0.633152, -0.562619, 0.036779), (-0.444064, -0.773964, -0.451426, 0.147521), (0.000000, 0.000000, 0.000000, 1.000000)
((0.721821, -0.010197, -0.692005, -0.039756), (-0.532241, 0.630946, -0.564470, 0.036874), (-0.442374, -0.775760, -0.450003, 0.147420), (0.000000, 0.000000, 0.000000, 1.000000)
((0.718970, -0.008218, -0.694991, -0.040984), (-0.535210, 0.631405, -0.561142, 0.037067), (-0.443433, -0.775410, -0.449564, 0.147166), (0.000000, 0.000000, 0.000000, 1.000000)
((0.719450, -0.008492, -0.694490, -0.041473), (-0.536301, 0.628585, -0.563263, 0.037145), (-0.441330, -0.777695, -0.447681, 0.147036), (0.000000, 0.000000, 0.000000, 1.000000)
((0.721648, -0.010042, -0.692189, -0.042405), (-0.534646, 0.627083, -0.566497, 0.037293), (-0.439748, -0.778887, -0.447165, 0.146763), (0.000000, 0.000000, 0.000000, 1.000000)
((0.721648, -0.010042, -0.692189, -0.042405), (-0.534646, 0.627083, -0.566497, 0.037293), (-0.439748, -0.778887, -0.447165, 0.146763), (0.000000, 0.000000, 0.000000, 1.000000)
((0.720379, -0.009056, -0.693523, -0.043312), (-0.537372, 0.624892, -0.566340, 0.037437), (-0.438505, -0.780659, -0.445292, 0.146444), (0.000000, 0.000000, 0.000000, 1.000000)
((0.720969, -0.009413, -0.692902, -0.044181), (-0.537738, 0.623083, -0.567986, 0.037572), (-0.437083, -0.782099, -0.444162, 0.146112), (0.000000, 0.000000, 0.000000, 1.000000)
((0.719915, -0.008749, -0.694005, -0.045129), (-0.538776, 0.623312, -0.566749, 0.037718), (-0.437541, -0.781924, -0.444019, 0.145713), (0.000000, 0.000000, 0.000000, 1.000000)
((0.719845, -0.008707, -0.694077, -0.045209), (-0.538791, 0.623421, -0.566617, 0.037731), (-0.437637, -0.781838, -0.444076, 0.145679), (0.000000, 0.000000, 0.000000, 1.000000)
((0.718671, -0.007811, -0.695307, -0.046040), (-0.541224, 0.621511, -0.566393, 0.037862), (-0.436565, -0.783366, -0.442433, 0.145298), (0.000000, 0.000000, 0.000000, 1.000000)
((0.720518, -0.009085, -0.693378, -0.046666), (-0.540585, 0.618898, -0.569853, 0.037963), (-0.434307, -0.785419, -0.441015, 0.144992), (0.000000, 0.000000, 0.000000, 1.000000)
((0.719656, -0.008383, -0.694279, -0.047410), (-0.542677, 0.616965, -0.569963, 0.038089), (-0.433124, -0.786946, -0.439453, 0.144612), (0.000000, 0.000000, 0.000000, 1.000000)
((0.718588, -0.007697, -0.695394, -0.047851), (-0.544255, 0.616251, -0.569228, 0.038163), (-0.432918, -0.787512, -0.438642, 0.144387), (0.000000, 0.000000, 0.000000, 1.000000)
((0.718588, -0.007697, -0.695394, -0.047856), (-0.544255, 0.616251, -0.569228, 0.038164), (-0.432918, -0.787512, -0.438642, 0.144384), (0.000000, 0.000000, 0.000000, 1.000000)
((0.719103, -0.007993, -0.694859, -0.048472), (-0.545036, 0.613811, -0.571113, 0.038274), (-0.431076, -0.789413, -0.437036, 0.144058), (0.000000, 0.000000, 0.000000, 1.000000)
((0.719185, -0.007963, -0.694773, -0.049861), (-0.548255, 0.607771, -0.574484, 0.038525), (-0.426838, -0.794073, -0.432734, 0.143297), (0.000000, 0.000000, 0.000000, 1.000000)
((0.719802, -0.008286, -0.694128, -0.049944), (-0.549535, 0.604152, -0.577073, 0.038541), (-0.424141, -0.796826, -0.430318, 0.143249), (0.000000, 0.000000, 0.000000, 1.000000)
((0.719783, -0.008286, -0.694151, -0.050206), (-0.549271, 0.604678, -0.576771, 0.038589), (-0.424516, -0.796427, -0.430686, 0.143095), (0.000000, 0.000000, 0.000000, 1.000000)
((0.720203, -0.008456, -0.693709, -0.051642), (-0.551964, 0.598782, -0.580344, 0.038863), (-0.420289, -0.800868, -0.426578, 0.142221), (0.000000, 0.000000, 0.000000, 1.000000)
((0.717298, -0.006550, -0.696736, -0.053517), (-0.556580, 0.596180, -0.578610, 0.039224), (-0.419170, -0.802824, -0.423993, 0.141054), (0.000000, 0.000000, 0.000000, 1.000000)
((0.717128, -0.006471, -0.696911, -0.054082), (-0.556086, 0.597459, -0.577765, 0.039333), (-0.420115, -0.801874, -0.424857, 0.140696), (0.000000, 0.000000, 0.000000, 1.000000)
((0.717971, -0.006889, -0.696040, -0.055973), (-0.559616, 0.588938, -0.583078, 0.039707), (-0.413940, -0.808149, -0.418985, 0.139415), (0.000000, 0.000000, 0.000000, 1.000000)
((0.716142, -0.005796, -0.697929, -0.057436), (-0.561507, 0.589144, -0.581052, 0.039997), (-0.414550, -0.808007, -0.418657, 0.138425), (0.000000, 0.000000, 0.000000, 1.000000)
((0.715283, -0.005281, -0.698818, -0.058268), (-0.562170, 0.589671, -0.579871, 0.040160), (-0.415133, -0.807627, -0.418812, 0.137846), (0.000000, 0.000000, 0.000000, 1.000000)
((0.715500, -0.005255, -0.698593, -0.059602), (-0.566113, 0.581584, -0.584189, 0.040420), (-0.409361, -0.813469, -0.413148, 0.136895), (0.000000, 0.000000, 0.000000, 1.000000)
((0.713566, -0.004107, -0.700574, -0.061420), (-0.567728, 0.582535, -0.581672, 0.040767), (-0.410499, -0.812795, -0.413346, 0.135549), (0.000000, 0.000000, 0.000000, 1.000000)
((0.714123, -0.004437, -0.700004, -0.062085), (-0.568172, 0.580456, -0.583313, 0.040888), (-0.408911, -0.814279, -0.411996, 0.135039), (0.000000, 0.000000, 0.000000, 1.000000)
((0.714668, -0.004746, -0.699449, -0.062596), (-0.569005, 0.577624, -0.585306, 0.040979), (-0.406796, -0.816289, -0.410108, 0.134634), (0.000000, 0.000000, 0.000000, 1.000000)
((0.711980, -0.003062, -0.702190, -0.063388), (-0.571549, 0.578416, -0.582040, 0.041109), (-0.407942, -0.815736, -0.410071, 0.133968), (0.000000, 0.000000, 0.000000, 1.000000)
((0.712167, -0.003247, -0.702003, -0.063591), (-0.570028, 0.580986, -0.580968, 0.041142), (-0.409740, -0.813907, -0.411908, 0.133795), (0.000000, 0.000000, 0.000000, 1.000000)
((0.712939, -0.003708, -0.701219, -0.063931), (-0.570677, 0.578032, -0.583272, 0.041194), (-0.407488, -0.816006, -0.409984, 0.133494), (0.000000, 0.000000, 0.000000, 1.000000)
((0.712651, -0.003509, -0.701512, -0.064564), (-0.572897, 0.574213, -0.584863, 0.041283), (-0.404869, -0.818698, -0.407205, 0.132899), (0.000000, 0.000000, 0.000000, 1.000000)
((0.710049, -0.001871, -0.704147, -0.065879), (-0.574649, 0.576389, -0.580995, 0.041445), (-0.406951, -0.817173, -0.408193, 0.131587), (0.000000, 0.000000, 0.000000, 1.000000)
((0.712212, -0.003255, -0.701951, -0.066508), (-0.573337, 0.574273, -0.584381, 0.041513), (-0.405017, -0.818658, -0.407141, 0.130926), (0.000000, 0.000000, 0.000000, 1.000000)
((0.709894, -0.001817, -0.704304, -0.067724), (-0.573905, 0.578179, -0.579952, 0.041613), (-0.408269, -0.815908, -0.409404, 0.129544), (0.000000, 0.000000, 0.000000, 1.000000)
((0.707422, -0.000206, -0.706821, -0.068454), (-0.576269, 0.578827, -0.576907, 0.041648), (-0.409228, -0.815451, -0.409368, 0.128630), (0.000000, 0.000000, 0.000000, 1.000000)
((0.708009, -0.000586, -0.706187, -0.069037), (-0.576303, 0.577490, -0.578268, 0.041665), (-0.408164, -0.816398, -0.408541, 0.127867), (0.000000, 0.000000, 0.000000, 1.000000)
((0.707425, -0.000207, -0.706780, -0.069499), (-0.577111, 0.577139, -0.577809, 0.041670), (-0.408035, -0.816646, -0.408166, 0.127231), (0.000000, 0.000000, 0.000000, 1.000000)
((0.706039, 0.000705, 0.708187, -0.069848), (-0.577033, 0.580288, 0.574700, 0.041666), (-0.410539, -0.814411, 0.410112, 0.126722), (0.000000, 0.000000, 0.000000, 1.000000)
((0.706688, 0.000275, 0.707520, -0.070229), (-0.577434, 0.578089, 0.576526, 0.041653), (-0.408854, -0.815974, 0.408697, 0.126131), (0.000000, 0.000000, 0.000000, 1.000000)
((0.705042, 0.001379, 0.709164, -0.070651), (-0.577410, 0.581686, 0.572924, 0.041638), (-0.411721, -0.813412, 0.410906, 0.125477), (0.000000, 0.000000, 0.000000, 1.000000)
((0.705752, 0.000897, 0.708443, -0.070818), (-0.578181, 0.578624, 0.575264, 0.041628), (-0.409415, -0.815594, 0.408877, 0.125201), (0.000000, 0.000000, 0.000000, 1.000000)
((0.705802, 0.000865, 0.708430, -0.070888), (-0.577914, 0.579050, 0.575060, 0.041623), (-0.409707, -0.815292, 0.409185, 0.125085), (0.000000, 0.000000, 0.000000, 1.000000)
((0.703212, 0.002638, 0.710978, -0.072138), (-0.579160, 0.582153, 0.570671, 0.041509), (-0.412391, -0.813075, 0.410908, 0.122858), (0.000000, 0.000000, 0.000000, 1.000000)
((0.703335, 0.002560, 0.710855, -0.072362), (-0.578490, 0.583215, 0.570267, 0.041482), (-0.413121, -0.812313, 0.411680, 0.122425), (0.000000, 0.000000, 0.000000, 1.000000)
((0.701766, 0.003675, 0.712398, -0.072513), (-0.578695, 0.586161, 0.567033, 0.041461), (-0.415496, -0.810186, 0.413475, 0.122121), (0.000000, 0.000000, 0.000000, 1.000000)
((0.702407, 0.003209, 0.711772, -0.072620), (-0.579605, 0.583004, 0.569349, 0.041447), (-0.413137, -0.812463, 0.411367, 0.121908), (0.000000, 0.000000, 0.000000, 1.000000)
((0.702439, 0.003195, 0.711744, -0.072833), (-0.579084, 0.583966, 0.568890, 0.041416), (-0.413812, -0.811772, 0.412049, 0.121468), (0.000000, 0.000000, 0.000000, 1.000000)
((0.704945, 0.001476, 0.709257, -0.072990), (-0.578026, 0.580700, 0.573305, 0.041392), (-0.411021, -0.814116, 0.410214, 0.121139), (0.000000, 0.000000, 0.000000, 1.000000)
((0.704891, 0.001508, 0.709314, -0.073390), (-0.579845, 0.577193, 0.574997, 0.041326), (-0.408544, -0.816606, 0.407740, 0.120283), (0.000000, 0.000000, 0.000000, 1.000000)
((0.707187, -0.000053, -0.706697, -0.073982), (-0.581657, 0.568460, -0.582180, 0.041222), (-0.401947, -0.822711, -0.402052, 0.118996), (0.000000, 0.000000, 0.000000, 1.000000)
((0.709098, -0.001322, -0.705118, -0.074379), (-0.581670, 0.564129, -0.586008, 0.041146), (-0.398547, -0.825686, -0.399254, 0.118123), (0.000000, 0.000000, 0.000000, 1.000000)
((0.710059, -0.001918, -0.704134, -0.075146), (-0.586033, 0.552767, -0.592470, 0.040985), (-0.390362, -0.833334, -0.391375, 0.116422), (0.000000, 0.000000, 0.000000, 1.000000)
((0.716564, -0.005716, -0.697501, -0.076952), (-0.593630, 0.520059, -0.614115, 0.040589), (-0.366250, -0.854111, -0.369262, 0.112422), (0.000000, 0.000000, 0.000000, 1.000000)
((0.717701, -0.006385, -0.696318, -0.079144), (-0.598293, 0.505993, -0.621305, 0.040077), (-0.356301, -0.862514, -0.359333, 0.107588), (0.000000, 0.000000, 0.000000, 1.000000)
</SampleFrames>
<SampleWeights Num="104">0.0173377
0.0215566
0.0246882
0.0206906
0.0234526
0.0205029
0.0254888
0.0288234
0.0278475
0.0335211
0.0282865
0.0256306
0.0270922
0.0315092
0.0710939
0.0826886
0.08308
0.0891417
0.0956705
0.101935
0.109023
0.11058
0.118687
0.118672
0.119629
0.115354
0.110926
0.109933
0.108532
0.115169
0.114886
0.114851
0.123914
0.123309
0.127531
0.13336
0.13211
0.135463
0.131102
0.125413
0.128341
0.124024
0.124292
0.119767
0.105405
0.102843
0.113727
0.109817
0.106024
0.0956851
0.10193
0.0993187
0.0979819
0.0979819
0.0982425
0.0979553
0.094866
0.094012
0.0937977
0.104844
0.0930695
0.0890007
0.0890004
0.0928421
0.0878063
0.0972291
0.102948
0.0837825
0.0659298
0.0663403
0.0655611
0.0493172
0.0471715
0.0472021
0.0333461
0.0500366
0.0507358
0.0495856
0.0467857
0.0470869
0.044444
0.0440718
0.0611364
0.0599649
0.0662906
0.0666583
0.0638211
0.0638859
0.0639273
0.0724073
0.0748828
0.0769599
0.0672261
0.0730321
0.0767071
0.0815372
0.0867728
0.0929246
0.0983369
0.104308
0.0997008
0.0955535
0.0899249
0.0562307
</SampleWeights>
</PointSplatMark>
