<PointSplatMark HeadPosAtStart="(0.318261, 0.55642, 2.29569)" BrushTip="0" BrushInterface="ForceTapeDraw" SuperSamplesPerWidth="20" Draw="0" Width="0.022" Pose="1" LayerIndex="0" Name="smallarm" RoomToVirtualScaleAtStart="1.03571" RoomToVirtualFrameAtStart="((0.925848, 0.323524, 0.195289, 0.050140), (-0.336534, 0.940958, 0.036645, 0.098724), (-0.171903, -0.099649, 0.980061, -0.093053), (0.000000, 0.000000, 0.000000, 1.000000)" ColorSwatch="0.170979"><SamplePoints Num="80">(-0.057565, 0.137249, 0.166308)
(-0.0578534, 0.136814, 0.166333)
(-0.0582591, 0.136202, 0.166368)
(-0.0584622, 0.135897, 0.166383)
(-0.0586667, 0.135597, 0.166396)
(-0.0589817, 0.135135, 0.166414)
(-0.0613848, 0.131587, 0.166508)
(-0.0628006, 0.129532, 0.166552)
(-0.0631743, 0.12899, 0.166564)
(-0.0637301, 0.128176, 0.16657)
(-0.0645233, 0.127031, 0.16657)
(-0.0683423, 0.121521, 0.166559)
(-0.0691949, 0.120278, 0.166542)
(-0.0718262, 0.116479, 0.166494)
(-0.0752501, 0.111551, 0.166414)
(-0.0756208, 0.111017, 0.166405)
(-0.0762432, 0.110115, 0.166379)
(-0.0767277, 0.109413, 0.166359)
(-0.07704, 0.10896, 0.16634)
(-0.0772786, 0.108613, 0.166325)
(-0.0783196, 0.107118, 0.166243)
(-0.079384, 0.105589, 0.16616)
(-0.0793875, 0.105584, 0.16616)
(-0.081442, 0.102588, 0.165942)
(-0.0830453, 0.10025, 0.165772)
(-0.0839942, 0.0988381, 0.165666)
(-0.0848248, 0.0976019, 0.165574)
(-0.085749, 0.0962436, 0.165455)
(-0.0864797, 0.0951697, 0.165361)
(-0.0871304, 0.094239, 0.165273)
(-0.0887944, 0.0918379, 0.16503)
(-0.0910432, 0.0886276, 0.164693)
(-0.0916847, 0.087718, 0.164595)
(-0.0923817, 0.0867381, 0.164476)
(-0.0928023, 0.0861467, 0.164404)
(-0.0930682, 0.0857706, 0.164356)
(-0.0954236, 0.0824566, 0.163928)
(-0.0974304, 0.0796876, 0.163569)
(-0.0996141, 0.0767166, 0.163174)
(-0.100509, 0.075516, 0.163011)
(-0.101499, 0.0742195, 0.162834)
(-0.101816, 0.0738043, 0.162778)
(-0.102036, 0.0735238, 0.16274)
(-0.102642, 0.0727494, 0.162635)
(-0.102961, 0.0723435, 0.16258)
(-0.103044, 0.0722385, 0.162566)
(-0.103326, 0.0718872, 0.162519)
(-0.10374, 0.0713729, 0.162452)
(-0.104399, 0.0705668, 0.162344)
(-0.106293, 0.06827, 0.162065)
(-0.107133, 0.0672508, 0.161941)
(-0.107988, 0.066219, 0.161825)
(-0.108917, 0.0650968, 0.161698)
(-0.109746, 0.0640912, 0.161576)
(-0.110375, 0.0633279, 0.161483)
(-0.111283, 0.0622481, 0.161357)
(-0.11186, 0.0615619, 0.161277)
(-0.11274, 0.060508, 0.161149)
(-0.113435, 0.0596755, 0.161049)
(-0.114161, 0.0588067, 0.160934)
(-0.114582, 0.0583034, 0.160868)
(-0.115182, 0.0576054, 0.160777)
(-0.115594, 0.0571258, 0.160714)
(-0.115803, 0.0568876, 0.160681)
(-0.116048, 0.0566079, 0.160643)
(-0.116661, 0.0559277, 0.160549)
(-0.117971, 0.0545212, 0.160349)
(-0.118344, 0.054123, 0.160292)
(-0.118919, 0.0535316, 0.16021)
(-0.119636, 0.0527945, 0.160107)
(-0.120374, 0.0520625, 0.160013)
(-0.120889, 0.0515513, 0.159947)
(-0.121477, 0.0509878, 0.159875)
(-0.122156, 0.0503593, 0.159799)
(-0.123883, 0.0488216, 0.159619)
(-0.124554, 0.048237, 0.159553)
(-0.126205, 0.0469186, 0.159427)
(-0.127939, 0.0455677, 0.159307)
(-0.128665, 0.0450134, 0.15926)
(-0.129577, 0.0443572, 0.159218)
</SamplePoints>
<SampleFrames Num="80">((-0.290166, 0.746379, 0.598934, -0.057565), (-0.697052, 0.263974, -0.666660, 0.137249), (-0.655684, -0.610931, 0.443669, 0.166308), (0.000000, 0.000000, 0.000000, 1.000000)
((0.292427, 0.686731, 0.665497, -0.057853), (-0.698054, 0.628942, -0.342277, 0.136814), (-0.653611, -0.364462, 0.663295, 0.166333), (0.000000, 0.000000, 0.000000, 1.000000)
((0.292344, 0.686866, 0.665394, -0.058259), (-0.697789, 0.628996, -0.342716, 0.136202), (-0.653930, -0.364114, 0.663171, 0.166368), (0.000000, 0.000000, 0.000000, 1.000000)
((0.292303, 0.686933, 0.665343, -0.058462), (-0.697657, 0.629023, -0.342935, 0.135897), (-0.654090, -0.363940, 0.663109, 0.166383), (0.000000, 0.000000, 0.000000, 1.000000)
((0.291703, 0.687213, 0.665318, -0.058667), (-0.699414, 0.627726, -0.341732, 0.135597), (-0.652480, -0.365648, 0.663756, 0.166396), (0.000000, 0.000000, 0.000000, 1.000000)
((0.291538, 0.687444, 0.665151, -0.058982), (-0.699325, 0.627609, -0.342127, 0.135135), (-0.652648, -0.365414, 0.663719, 0.166414), (0.000000, 0.000000, 0.000000, 1.000000)
((0.294203, 0.683241, 0.668301, -0.061385), (-0.701778, 0.629119, -0.334242, 0.131587), (-0.648809, -0.370664, 0.664572, 0.166508), (0.000000, 0.000000, 0.000000, 1.000000)
((0.295363, 0.682337, 0.668712, -0.062801), (-0.703809, 0.628733, -0.330678, 0.129532), (-0.646075, -0.372976, 0.665940, 0.166552), (0.000000, 0.000000, 0.000000, 1.000000)
((0.296957, 0.678787, 0.671614, -0.063174), (-0.705065, 0.630194, -0.325177, 0.128990), (-0.643973, -0.376968, 0.665729, 0.166564), (0.000000, 0.000000, 0.000000, 1.000000)
((0.298997, 0.677119, 0.672392, -0.063730), (-0.705822, 0.631128, -0.321703, 0.128176), (-0.642197, -0.378401, 0.666630, 0.166570), (0.000000, 0.000000, 0.000000, 1.000000)
((0.298027, 0.677984, 0.671951, -0.064523), (-0.707258, 0.629592, -0.321558, 0.127031), (-0.641066, -0.379410, 0.667145, 0.166570), (0.000000, 0.000000, 0.000000, 1.000000)
((0.298190, 0.674169, 0.675706, -0.068342), (-0.711591, 0.628834, -0.313378, 0.121521), (-0.636177, -0.387380, 0.667245, 0.166559), (0.000000, 0.000000, 0.000000, 1.000000)
((0.299440, 0.671031, 0.678273, -0.069195), (-0.712830, 0.629868, -0.308446, 0.120278), (-0.634199, -0.391132, 0.666939, 0.166542), (0.000000, 0.000000, 0.000000, 1.000000)
((0.299096, 0.669724, 0.679715, -0.071826), (-0.714875, 0.629094, -0.305279, 0.116479), (-0.632057, -0.394603, 0.666928, 0.166494), (0.000000, 0.000000, 0.000000, 1.000000)
((0.300137, 0.667220, 0.681715, -0.075250), (-0.718558, 0.628170, -0.298456, 0.111551), (-0.627369, -0.400274, 0.667974, 0.166414), (0.000000, 0.000000, 0.000000, 1.000000)
((0.299896, 0.667597, 0.681452, -0.075621), (-0.718221, 0.628153, -0.299303, 0.111017), (-0.627870, -0.399673, 0.667862, 0.166405), (0.000000, 0.000000, 0.000000, 1.000000)
((0.298966, 0.668466, 0.681009, -0.076243), (-0.719775, 0.626519, -0.298995, 0.110115), (-0.626533, -0.400784, 0.668453, 0.166379), (0.000000, 0.000000, 0.000000, 1.000000)
((0.300197, 0.665287, 0.683576, -0.076728), (-0.721173, 0.627344, -0.293852, 0.109413), (-0.624333, -0.404763, 0.668114, 0.166359), (0.000000, 0.000000, 0.000000, 1.000000)
((0.302822, 0.663193, 0.684452, -0.077040), (-0.720187, 0.629607, -0.291419, 0.108960), (-0.624203, -0.404685, 0.668282, 0.166340), (0.000000, 0.000000, 0.000000, 1.000000)
((0.302663, 0.663433, 0.684289, -0.077279), (-0.720103, 0.629515, -0.291825, 0.108613), (-0.624377, -0.404434, 0.668271, 0.166325), (0.000000, 0.000000, 0.000000, 1.000000)
((0.303898, 0.662448, 0.684696, -0.078320), (-0.721633, 0.629278, -0.288538, 0.107118), (-0.622006, -0.406414, 0.669281, 0.166243), (0.000000, 0.000000, 0.000000, 1.000000)
((0.304484, 0.659744, 0.687043, -0.079384), (-0.723921, 0.629059, -0.283237, 0.105589), (-0.619055, -0.411123, 0.669141, 0.166160), (0.000000, 0.000000, 0.000000, 1.000000)
((0.304484, 0.659744, 0.687043, -0.079388), (-0.723921, 0.629059, -0.283237, 0.105584), (-0.619055, -0.411123, 0.669141, 0.166160), (0.000000, 0.000000, 0.000000, 1.000000)
((0.307074, 0.655766, 0.689693, -0.081442), (-0.725435, 0.630367, -0.276371, 0.102588), (-0.615995, -0.415461, 0.669285, 0.165942), (0.000000, 0.000000, 0.000000, 1.000000)
((0.308440, 0.655006, 0.689806, -0.083045), (-0.725823, 0.630777, -0.274410, 0.100250), (-0.614854, -0.416038, 0.669975, 0.165772), (0.000000, 0.000000, 0.000000, 1.000000)
((0.306872, 0.654204, 0.691265, -0.083994), (-0.727865, 0.629283, -0.272425, 0.098838), (-0.613223, -0.419548, 0.669281, 0.165666), (0.000000, 0.000000, 0.000000, 1.000000)
((0.308705, 0.652747, 0.691825, -0.084825), (-0.728087, 0.630194, -0.269712, 0.097602), (-0.612038, -0.420448, 0.669801, 0.165574), (0.000000, 0.000000, 0.000000, 1.000000)
((0.310537, 0.651278, 0.692390, -0.085749), (-0.728305, 0.631103, -0.266985, 0.096244), (-0.610851, -0.421362, 0.670310, 0.165455), (0.000000, 0.000000, 0.000000, 1.000000)
((0.312371, 0.649760, 0.692991, -0.086480), (-0.728927, 0.631740, -0.263761, 0.095170), (-0.609171, -0.422749, 0.670965, 0.165361), (0.000000, 0.000000, 0.000000, 1.000000)
((0.314245, 0.648158, 0.693644, -0.087130), (-0.729666, 0.632324, -0.260295, 0.094239), (-0.607320, -0.424332, 0.671643, 0.165273), (0.000000, 0.000000, 0.000000, 1.000000)
((0.312304, 0.647946, 0.694718, -0.088794), (-0.731849, 0.630361, -0.258925, 0.091838), (-0.605692, -0.427565, 0.671063, 0.165030), (0.000000, 0.000000, 0.000000, 1.000000)
((0.314505, 0.643953, 0.697432, -0.091043), (-0.734816, 0.630279, -0.250587, 0.088628), (-0.600943, -0.433673, 0.671413, 0.164693), (0.000000, 0.000000, 0.000000, 1.000000)
((0.316405, 0.642302, 0.698094, -0.091685), (-0.735260, 0.631037, -0.247355, 0.087718), (-0.599400, -0.435017, 0.671923, 0.164595), (0.000000, 0.000000, 0.000000, 1.000000)
((0.315477, 0.640974, 0.699733, -0.092382), (-0.735893, 0.630807, -0.246056, 0.086738), (-0.599112, -0.437304, 0.670694, 0.164476), (0.000000, 0.000000, 0.000000, 1.000000)
((0.315362, 0.641153, 0.699621, -0.092802), (-0.735934, 0.630685, -0.246248, 0.086147), (-0.599123, -0.437217, 0.670740, 0.164404), (0.000000, 0.000000, 0.000000, 1.000000)
((0.317490, 0.639104, 0.700533, -0.093068), (-0.736697, 0.631384, -0.242139, 0.085771), (-0.597057, -0.439204, 0.671284, 0.164356), (0.000000, 0.000000, 0.000000, 1.000000)
((0.318148, 0.638985, 0.700343, -0.095424), (-0.738098, 0.630558, -0.240015, 0.082457), (-0.594973, -0.440562, 0.672244, 0.163928), (0.000000, 0.000000, 0.000000, 1.000000)
((0.317936, 0.637429, 0.701856, -0.097430), (-0.740385, 0.629328, -0.236170, 0.079688), (-0.592239, -0.444556, 0.672029, 0.163569), (0.000000, 0.000000, 0.000000, 1.000000)
((0.320405, 0.633330, 0.704439, -0.099614), (-0.742033, 0.630055, -0.228950, 0.076717), (-0.588836, -0.449360, 0.671824, 0.163174), (0.000000, 0.000000, 0.000000, 1.000000)
((0.321392, 0.630221, 0.706774, -0.100509), (-0.743370, 0.630269, -0.223969, 0.075516), (-0.586608, -0.453412, 0.671050, 0.163011), (0.000000, 0.000000, 0.000000, 1.000000)
((0.323003, 0.628962, 0.707160, -0.101499), (-0.743759, 0.630757, -0.221288, 0.074220), (-0.585228, -0.454480, 0.671533, 0.162834), (0.000000, 0.000000, 0.000000, 1.000000)
((0.325030, 0.627000, 0.707973, -0.101816), (-0.744257, 0.631467, -0.217556, 0.073804), (-0.583469, -0.456202, 0.671895, 0.162778), (0.000000, 0.000000, 0.000000, 1.000000)
((0.324306, 0.627738, 0.707651, -0.102036), (-0.745954, 0.629736, -0.216762, 0.073524), (-0.581703, -0.457578, 0.672491, 0.162740), (0.000000, 0.000000, 0.000000, 1.000000)
((0.325487, 0.624265, 0.710177, -0.102642), (-0.747215, 0.630068, -0.211386, 0.072749), (-0.579421, -0.461851, 0.671539, 0.162635), (0.000000, 0.000000, 0.000000, 1.000000)
((0.325414, 0.624375, 0.710113, -0.102961), (-0.747370, 0.629894, -0.211355, 0.072343), (-0.579261, -0.461940, 0.671616, 0.162580), (0.000000, 0.000000, 0.000000, 1.000000)
((0.323167, 0.626703, 0.709088, -0.103044), (-0.746956, 0.628986, -0.215483, 0.072239), (-0.581050, -0.460021, 0.671388, 0.162566), (0.000000, 0.000000, 0.000000, 1.000000)
((0.325381, 0.624413, 0.710096, -0.103326), (-0.747642, 0.629659, -0.211096, 0.071887), (-0.578929, -0.462211, 0.671716, 0.162519), (0.000000, 0.000000, 0.000000, 1.000000)
((0.325157, 0.624778, 0.709877, -0.103740), (-0.747721, 0.629433, -0.211487, 0.071373), (-0.578952, -0.462024, 0.671825, 0.162452), (0.000000, 0.000000, 0.000000, 1.000000)
((0.328527, 0.618993, 0.713385, -0.104399), (-0.749662, 0.630337, -0.201700, 0.070567), (-0.574524, -0.468533, 0.671118, 0.162344), (0.000000, 0.000000, 0.000000, 1.000000)
((0.330015, 0.617879, 0.713663, -0.106293), (-0.750071, 0.630657, -0.199163, 0.068270), (-0.573136, -0.469571, 0.671579, 0.162065), (0.000000, 0.000000, 0.000000, 1.000000)
((0.328847, 0.616920, 0.715031, -0.107133), (-0.750706, 0.630135, -0.198419, 0.067251), (-0.572975, -0.471529, 0.670343, 0.161941), (0.000000, 0.000000, 0.000000, 1.000000)
((0.330710, 0.615141, 0.715704, -0.107988), (-0.751494, 0.630396, -0.194572, 0.066219), (-0.570866, -0.473501, 0.670753, 0.161825), (0.000000, 0.000000, 0.000000, 1.000000)
((0.332382, 0.613682, 0.716182, -0.108917), (-0.752086, 0.630671, -0.191364, 0.065097), (-0.569112, -0.475024, 0.671166, 0.161698), (0.000000, 0.000000, 0.000000, 1.000000)
((0.331234, 0.612704, 0.717550, -0.109746), (-0.752466, 0.630358, -0.190900, 0.064091), (-0.569279, -0.476700, 0.669835, 0.161576), (0.000000, 0.000000, 0.000000, 1.000000)
((0.333122, 0.610871, 0.718238, -0.110375), (-0.752981, 0.630827, -0.187291, 0.063328), (-0.567495, -0.478429, 0.670116, 0.161483), (0.000000, 0.000000, 0.000000, 1.000000)
((0.334969, 0.609099, 0.718884, -0.111283), (-0.753376, 0.631354, -0.183894, 0.062248), (-0.565880, -0.479991, 0.670364, 0.161357), (0.000000, 0.000000, 0.000000, 1.000000)
((0.334710, 0.609547, 0.718625, -0.111860), (-0.753341, 0.631212, -0.184523, 0.061562), (-0.566080, -0.479608, 0.670470, 0.161277), (0.000000, 0.000000, 0.000000, 1.000000)
((0.335696, 0.606256, 0.720945, -0.112740), (-0.754655, 0.631136, -0.179341, 0.060508), (-0.563741, -0.483861, 0.669384, 0.161149), (0.000000, 0.000000, 0.000000, 1.000000)
((0.335250, 0.607041, 0.720492, -0.113435), (-0.754435, 0.631033, -0.180625, 0.059675), (-0.564301, -0.483010, 0.669527, 0.161049), (0.000000, 0.000000, 0.000000, 1.000000)
((0.337129, 0.605181, 0.721179, -0.114161), (-0.754938, 0.631462, -0.176984, 0.058807), (-0.562505, -0.484779, 0.669759, 0.160934), (0.000000, 0.000000, 0.000000, 1.000000)
((0.336981, 0.605444, 0.721028, -0.114582), (-0.754865, 0.631430, -0.177414, 0.058303), (-0.562693, -0.484494, 0.669808, 0.160868), (0.000000, 0.000000, 0.000000, 1.000000)
((0.338968, 0.603382, 0.721825, -0.115182), (-0.755324, 0.631953, -0.173558, 0.057605), (-0.560881, -0.486381, 0.669960, 0.160777), (0.000000, 0.000000, 0.000000, 1.000000)
((0.338711, 0.603833, 0.721568, -0.115594), (-0.755290, 0.631820, -0.174189, 0.057126), (-0.561082, -0.485993, 0.670073, 0.160714), (0.000000, 0.000000, 0.000000, 1.000000)
((0.338641, 0.603948, 0.721505, -0.115803), (-0.755440, 0.631647, -0.174162, 0.056888), (-0.560921, -0.486076, 0.670148, 0.160681), (0.000000, 0.000000, 0.000000, 1.000000)
((0.336395, 0.606457, 0.720450, -0.116048), (-0.754948, 0.630983, -0.178644, 0.056608), (-0.562932, -0.483807, 0.670103, 0.160643), (0.000000, 0.000000, 0.000000, 1.000000)
((0.338423, 0.604325, 0.721292, -0.116661), (-0.755518, 0.631443, -0.174564, 0.055928), (-0.560948, -0.485872, 0.670273, 0.160549), (0.000000, 0.000000, 0.000000, 1.000000)
((0.337146, 0.603547, 0.722540, -0.117971), (-0.756343, 0.630647, -0.173868, 0.054521), (-0.560605, -0.487869, 0.669108, 0.160349), (0.000000, 0.000000, 0.000000, 1.000000)
((0.339570, 0.601158, 0.723395, -0.118344), (-0.755361, 0.632575, -0.171110, 0.054123), (-0.560466, -0.488321, 0.668895, 0.160292), (0.000000, 0.000000, 0.000000, 1.000000)
((0.339421, 0.601422, 0.723246, -0.118919), (-0.755288, 0.632545, -0.171541, 0.053532), (-0.560654, -0.488035, 0.668946, 0.160210), (0.000000, 0.000000, 0.000000, 1.000000)
((0.341332, 0.599457, 0.723978, -0.119636), (-0.755894, 0.632868, -0.167638, 0.052795), (-0.558674, -0.490030, 0.669144, 0.160107), (0.000000, 0.000000, 0.000000, 1.000000)
((0.341075, 0.599912, 0.723722, -0.120374), (-0.755861, 0.632739, -0.168273, 0.052062), (-0.558876, -0.489639, 0.669262, 0.160013), (0.000000, 0.000000, 0.000000, 1.000000)
((0.343132, 0.597669, 0.724605, -0.120889), (-0.756532, 0.633078, -0.163925, 0.051551), (-0.556704, -0.491939, 0.669385, 0.159947), (0.000000, 0.000000, 0.000000, 1.000000)
((0.345147, 0.595486, 0.725445, -0.121477), (-0.757086, 0.633473, -0.159789, 0.050988), (-0.554702, -0.494074, 0.669475, 0.159875), (0.000000, 0.000000, 0.000000, 1.000000)
((0.348772, 0.591338, 0.727102, -0.122156), (-0.759703, 0.632698, -0.150151, 0.050359), (-0.548826, -0.500013, 0.669908, 0.159799), (0.000000, 0.000000, 0.000000, 1.000000)
((0.360648, 0.577515, 0.732400, -0.123883), (-0.764656, 0.632712, -0.122377, 0.048822), (-0.534073, -0.515899, 0.669787, 0.159619), (0.000000, 0.000000, 0.000000, 1.000000)
((0.366938, 0.569868, 0.735259, -0.124554), (-0.766320, 0.633253, -0.108369, 0.048237), (-0.527361, -0.523680, 0.669066, 0.159553), (0.000000, 0.000000, 0.000000, 1.000000)
((0.391856, 0.537637, 0.746590, -0.126205), (-0.772153, 0.633399, -0.050852, 0.046919), (-0.500229, -0.556554, 0.663339, 0.159427), (0.000000, 0.000000, 0.000000, 1.000000)
((0.413730, 0.506703, 0.756360, -0.127939), (-0.777934, 0.628329, 0.004599, 0.045568), (-0.472912, -0.590301, 0.654140, 0.159307), (0.000000, 0.000000, 0.000000, 1.000000)
((0.425810, 0.488578, 0.761562, -0.128665), (-0.779934, 0.624871, 0.035197, 0.045013), (-0.458682, -0.608956, 0.647135, 0.159260), (0.000000, 0.000000, 0.000000, 1.000000)
((0.437647, 0.470208, 0.766401, -0.129577), (-0.781392, 0.620599, 0.065453, 0.044357), (-0.444851, -0.627504, 0.639020, 0.159218), (0.000000, 0.000000, 0.000000, 1.000000)
</SampleFrames>
<SampleWeights Num="80">0.00632596
0.00445069
0.00789491
0.0107886
0.0139779
0.0122882
0.0298754
0.0343672
0.0251243
0.022065
0.0298823
0.0527285
0.0528031
0.0719881
0.108514
0.111531
0.116216
0.123508
0.124733
0.126909
0.143918
0.157956
0.157956
0.167241
0.170372
0.177254
0.178707
0.179032
0.180466
0.181907
0.179612
0.184499
0.184366
0.180307
0.174596
0.173218
0.171012
0.186639
0.201544
0.207428
0.21684
0.219466
0.223277
0.224603
0.220814
0.221134
0.214962
0.217821
0.21889
0.212595
0.215463
0.222942
0.224339
0.222774
0.224029
0.220707
0.2222
0.231108
0.231597
0.230785
0.229782
0.225288
0.230391
0.23307
0.234127
0.229347
0.237538
0.24333
0.239784
0.238179
0.23795
0.234024
0.229871
0.216034
0.199165
0.19429
0.179569
0.156077
0.146655
0.133298
</SampleWeights>
</PointSplatMark>
