<PointSplatMark HeadPosAtStart="(0.869013, -0.298572, 2.14684)" BrushTip="0" BrushInterface="ForceTapeDraw" SuperSamplesPerWidth="20" Draw="0" Width="0.022" Pose="1" LayerIndex="0" Name="smallarmcurve" RoomToVirtualScaleAtStart="1" RoomToVirtualFrameAtStart="((0.853800, 0.263032, 0.449266, -0.010449), (-0.165999, 0.955479, -0.243935, 0.021359), (-0.493427, 0.133694, 0.859451, 0.112441), (0.000000, 0.000000, 0.000000, 1.000000)" ColorSwatch="0.170979"><SamplePoints Num="92">(0.209032, -0.161877, 0.0322694)
(0.209024, -0.161749, 0.032312)
(0.208943, -0.160461, 0.032739)
(0.208943, -0.160461, 0.032739)
(0.208916, -0.160035, 0.03288)
(0.208875, -0.159443, 0.0330742)
(0.208875, -0.159437, 0.033076)
(0.208866, -0.159329, 0.0331105)
(0.208864, -0.159305, 0.0331179)
(0.208738, -0.157931, 0.033541)
(0.208643, -0.156958, 0.0338361)
(0.208643, -0.156958, 0.0338361)
(0.208481, -0.155431, 0.034291)
(0.208411, -0.154842, 0.0344613)
(0.208193, -0.153149, 0.0349426)
(0.208158, -0.15288, 0.035019)
(0.207923, -0.151135, 0.0355064)
(0.207812, -0.150325, 0.0357313)
(0.207691, -0.149488, 0.0359613)
(0.207682, -0.149428, 0.0359767)
(0.207488, -0.148141, 0.03631)
(0.207342, -0.147178, 0.0365592)
(0.20722, -0.146401, 0.0367561)
(0.207092, -0.145599, 0.0369584)
(0.206925, -0.144607, 0.0371971)
(0.20681, -0.143928, 0.0373592)
(0.206684, -0.14322, 0.037518)
(0.206564, -0.142545, 0.0376688)
(0.206428, -0.141808, 0.0378269)
(0.206333, -0.141293, 0.0379364)
(0.206283, -0.141043, 0.0379874)
(0.206152, -0.140398, 0.0381131)
(0.206061, -0.139974, 0.0381903)
(0.205857, -0.139026, 0.0383591)
(0.205371, -0.137081, 0.0386068)
(0.205162, -0.136244, 0.0387135)
(0.204903, -0.135281, 0.0388112)
(0.204682, -0.134468, 0.0388901)
(0.2045, -0.133827, 0.0389374)
(0.204278, -0.133058, 0.0389895)
(0.204044, -0.132289, 0.0390231)
(0.203791, -0.131463, 0.0390545)
(0.203509, -0.130579, 0.0390644)
(0.202973, -0.128928, 0.0390557)
(0.202776, -0.128339, 0.0390366)
(0.202623, -0.127893, 0.0390099)
(0.202026, -0.126183, 0.0388545)
(0.201541, -0.124813, 0.0386843)
(0.200881, -0.122975, 0.0383941)
(0.200288, -0.12133, 0.0380692)
(0.19974, -0.119814, 0.0377072)
(0.199605, -0.119439, 0.0376085)
(0.199289, -0.118528, 0.0373462)
(0.199135, -0.118069, 0.0372026)
(0.198984, -0.117616, 0.0370612)
(0.198975, -0.117589, 0.0370521)
(0.198597, -0.116394, 0.0366566)
(0.198123, -0.114806, 0.0361157)
(0.197579, -0.112881, 0.035446)
(0.197323, -0.11192, 0.0351034)
(0.197138, -0.111226, 0.0348562)
(0.196929, -0.110392, 0.0345574)
(0.196696, -0.10946, 0.0342238)
(0.196492, -0.108597, 0.0339107)
(0.196356, -0.108023, 0.0337025)
(0.196236, -0.107485, 0.0335046)
(0.196117, -0.106955, 0.0333092)
(0.196006, -0.10642, 0.0331117)
(0.195868, -0.105764, 0.0328695)
(0.195645, -0.104644, 0.0324488)
(0.195369, -0.103195, 0.0319027)
(0.195184, -0.102161, 0.0315168)
(0.195052, -0.101422, 0.0312411)
(0.194928, -0.100643, 0.0309583)
(0.194788, -0.0997614, 0.0306383)
(0.194681, -0.0989788, 0.0303659)
(0.1946, -0.0983936, 0.0301623)
(0.194559, -0.0979926, 0.0300321)
(0.194515, -0.0975675, 0.029894)
(0.194477, -0.0971012, 0.0297531)
(0.19443, -0.0965307, 0.0295808)
(0.19441, -0.0961619, 0.0294783)
(0.194388, -0.0957458, 0.0293626)
(0.194385, -0.095458, 0.0292915)
(0.194476, -0.0933373, 0.0288326)
(0.194735, -0.0911949, 0.0284081)
(0.195209, -0.09002, 0.0282014)
(0.195982, -0.088783, 0.0280331)
(0.196609, -0.0879254, 0.0279462)
(0.198669, -0.0854522, 0.0278069)
(0.198697, -0.0854218, 0.0278069)
(0.198715, -0.0854032, 0.0278077)
</SamplePoints>
<SampleFrames Num="92">((-0.298210, 0.767895, 0.566929, 0.209032), (-0.258324, 0.506859, -0.822413, -0.161877), (-0.918879, -0.391703, 0.047215, 0.032269), (0.000000, 0.000000, 0.000000, 1.000000)
((0.298210, 0.710178, 0.637745, 0.209024), (-0.258324, 0.703259, -0.662341, -0.161749), (-0.918879, 0.032772, 0.393175, 0.032312), (0.000000, 0.000000, 0.000000, 1.000000)
((0.294809, 0.713097, 0.636066, 0.208943), (-0.258386, 0.700343, -0.665400, -0.160461), (-0.919959, 0.031815, 0.390722, 0.032739), (0.000000, 0.000000, 0.000000, 1.000000)
((0.294809, 0.713097, 0.636066, 0.208943), (-0.258386, 0.700343, -0.665400, -0.160461), (-0.919959, 0.031815, 0.390722, 0.032739), (0.000000, 0.000000, 0.000000, 1.000000)
((0.294901, 0.713229, 0.635876, 0.208916), (-0.256770, 0.700144, -0.666234, -0.160035), (-0.920382, 0.033199, 0.389609, 0.032880), (0.000000, 0.000000, 0.000000, 1.000000)
((0.291647, 0.715957, 0.634309, 0.208875), (-0.256797, 0.697399, -0.669097, -0.159443), (-0.921411, 0.032252, 0.387250, 0.033074), (0.000000, 0.000000, 0.000000, 1.000000)
((0.291647, 0.715957, 0.634309, 0.208875), (-0.256797, 0.697399, -0.669097, -0.159437), (-0.921411, 0.032252, 0.387250, 0.033076), (0.000000, 0.000000, 0.000000, 1.000000)
((0.299201, 0.710337, 0.637103, 0.208866), (-0.260272, 0.703127, -0.661718, -0.159329), (-0.918007, 0.032167, 0.395257, 0.033110), (0.000000, 0.000000, 0.000000, 1.000000)
((0.299201, 0.710337, 0.637103, 0.208864), (-0.260272, 0.703127, -0.661718, -0.159305), (-0.918007, 0.032167, 0.395257, 0.033118), (0.000000, 0.000000, 0.000000, 1.000000)
((0.301331, 0.708662, 0.637964, 0.208738), (-0.261749, 0.704837, -0.659312, -0.157931), (-0.916890, 0.031685, 0.397881, 0.033541), (0.000000, 0.000000, 0.000000, 1.000000)
((0.306283, 0.704758, 0.639927, 0.208643), (-0.262938, 0.708714, -0.654666, -0.156958), (-0.914907, 0.032252, 0.402375, 0.033836), (0.000000, 0.000000, 0.000000, 1.000000)
((0.306283, 0.704758, 0.639927, 0.208643), (-0.262938, 0.708714, -0.654666, -0.156958), (-0.914907, 0.032252, 0.402375, 0.033836), (0.000000, 0.000000, 0.000000, 1.000000)
((0.305630, 0.705440, 0.639488, 0.208481), (-0.264332, 0.708088, -0.654783, -0.155431), (-0.914723, 0.031084, 0.402883, 0.034291), (0.000000, 0.000000, 0.000000, 1.000000)
((0.305782, 0.705281, 0.639590, 0.208411), (-0.264296, 0.708243, -0.654629, -0.154842), (-0.914683, 0.031133, 0.402971, 0.034461), (0.000000, 0.000000, 0.000000, 1.000000)
((0.309497, 0.700608, 0.642931, 0.208193), (-0.267078, 0.712959, -0.648351, -0.153149), (-0.912623, 0.028950, 0.407776, 0.034943), (0.000000, 0.000000, 0.000000, 1.000000)
((0.309390, 0.700947, 0.642613, 0.208158), (-0.266752, 0.712610, -0.648869, -0.152880), (-0.912755, 0.029335, 0.407453, 0.035019), (0.000000, 0.000000, 0.000000, 1.000000)
((0.311034, 0.699587, 0.643301, 0.207923), (-0.268506, 0.713983, -0.646632, -0.151135), (-0.911681, 0.028394, 0.409916, 0.035506), (0.000000, 0.000000, 0.000000, 1.000000)
((0.310906, 0.699837, 0.643091, 0.207812), (-0.268361, 0.713731, -0.646970, -0.150325), (-0.911767, 0.028566, 0.409712, 0.035731), (0.000000, 0.000000, 0.000000, 1.000000)
((0.310233, 0.700450, 0.642748, 0.207691), (-0.269936, 0.713183, -0.646919, -0.149488), (-0.911532, 0.027195, 0.410330, 0.035961), (0.000000, 0.000000, 0.000000, 1.000000)
((0.310233, 0.700450, 0.642748, 0.207682), (-0.269936, 0.713183, -0.646919, -0.149428), (-0.911532, 0.027195, 0.410330, 0.035977), (0.000000, 0.000000, 0.000000, 1.000000)
((0.317439, 0.689949, 0.650541, 0.207488), (-0.278582, 0.723603, -0.631499, -0.148141), (-0.906435, 0.019233, 0.421907, 0.036310), (0.000000, 0.000000, 0.000000, 1.000000)
((0.317391, 0.689773, 0.650750, 0.207342), (-0.278945, 0.723782, -0.631134, -0.147178), (-0.906340, 0.018793, 0.422131, 0.036559), (0.000000, 0.000000, 0.000000, 1.000000)
((0.316841, 0.690168, 0.650599, 0.207220), (-0.280669, 0.723443, -0.630757, -0.146401), (-0.906000, 0.017247, 0.422926, 0.036756), (0.000000, 0.000000, 0.000000, 1.000000)
((0.316590, 0.690677, 0.650182, 0.207092), (-0.280378, 0.722949, -0.631453, -0.145599), (-0.906178, 0.017615, 0.422529, 0.036958), (0.000000, 0.000000, 0.000000, 1.000000)
((0.315795, 0.689401, 0.651920, 0.206925), (-0.280866, 0.724208, -0.629791, -0.144607), (-0.906304, 0.015783, 0.422331, 0.037197), (0.000000, 0.000000, 0.000000, 1.000000)
((0.315621, 0.689479, 0.651921, 0.206810), (-0.281082, 0.724139, -0.629774, -0.143928), (-0.906298, 0.015527, 0.422354, 0.037359), (0.000000, 0.000000, 0.000000, 1.000000)
((0.312539, 0.692250, 0.650469, 0.206684), (-0.281272, 0.721506, -0.632704, -0.143220), (-0.907307, 0.014786, 0.420209, 0.037518), (0.000000, 0.000000, 0.000000, 1.000000)
((0.314872, 0.690308, 0.651406, 0.206564), (-0.281260, 0.723353, -0.630598, -0.142545), (-0.906503, 0.015343, 0.421920, 0.037669), (0.000000, 0.000000, 0.000000, 1.000000)
((0.313752, 0.689273, 0.653041, 0.206428), (-0.281999, 0.724381, -0.629086, -0.141808), (-0.906662, 0.013220, 0.421650, 0.037827), (0.000000, 0.000000, 0.000000, 1.000000)
((0.313626, 0.689526, 0.652834, 0.206333), (-0.281853, 0.724137, -0.629432, -0.141293), (-0.906751, 0.013403, 0.421453, 0.037936), (0.000000, 0.000000, 0.000000, 1.000000)
((0.310731, 0.690017, 0.653699, 0.206283), (-0.280856, 0.723689, -0.630392, -0.141043), (-0.908056, 0.012287, 0.418668, 0.037987), (0.000000, 0.000000, 0.000000, 1.000000)
((0.310755, 0.690105, 0.653595, 0.206152), (-0.280676, 0.723602, -0.630573, -0.140398), (-0.908104, 0.012505, 0.418558, 0.038113), (0.000000, 0.000000, 0.000000, 1.000000)
((0.307954, 0.692847, 0.652018, 0.206061), (-0.279007, 0.720959, -0.634329, -0.139974), (-0.909571, 0.013426, 0.415332, 0.038190), (0.000000, 0.000000, 0.000000, 1.000000)
((0.304834, 0.693513, 0.652776, 0.205857), (-0.276761, 0.720323, -0.636033, -0.139026), (-0.911306, 0.013222, 0.411516, 0.038359), (0.000000, 0.000000, 0.000000, 1.000000)
((0.292315, 0.704486, 0.646724, 0.205371), (-0.268836, 0.709525, -0.651384, -0.137081), (-0.917758, 0.016547, 0.396796, 0.038607), (0.000000, 0.000000, 0.000000, 1.000000)
((0.289814, 0.706819, 0.645302, 0.205162), (-0.266892, 0.707177, -0.654728, -0.136244), (-0.919117, 0.017523, 0.393594, 0.038713), (0.000000, 0.000000, 0.000000, 1.000000)
((0.284673, 0.709118, 0.645068, 0.204903), (-0.262468, 0.704852, -0.659010, -0.135281), (-0.921993, 0.018293, 0.386773, 0.038811), (0.000000, 0.000000, 0.000000, 1.000000)
((0.272200, 0.719029, 0.639457, 0.204682), (-0.254364, 0.694678, -0.672846, -0.134468), (-0.928012, 0.020494, 0.371986, 0.038890), (0.000000, 0.000000, 0.000000, 1.000000)
((0.262540, 0.726233, 0.635342, 0.204500), (-0.247747, 0.687100, -0.683019, -0.133827), (-0.932574, 0.021916, 0.360313, 0.038937), (0.000000, 0.000000, 0.000000, 1.000000)
((0.257886, 0.729761, 0.633201, 0.204278), (-0.244031, 0.683318, -0.688132, -0.133058), (-0.934850, 0.022939, 0.354302, 0.038989), (0.000000, 0.000000, 0.000000, 1.000000)
((0.249329, 0.733711, 0.632063, 0.204044), (-0.241134, 0.679155, -0.693256, -0.132289), (-0.937918, 0.020437, 0.346255, 0.039023), (0.000000, 0.000000, 0.000000, 1.000000)
((0.249463, 0.733906, 0.631783, 0.203791), (-0.239256, 0.678894, -0.694161, -0.131463), (-0.938363, 0.022010, 0.344950, 0.039054), (0.000000, 0.000000, 0.000000, 1.000000)
((0.241677, 0.739075, 0.628777, 0.203509), (-0.234505, 0.673264, -0.701230, -0.130579), (-0.941594, 0.022020, 0.336029, 0.039064), (0.000000, 0.000000, 0.000000, 1.000000)
((0.216938, 0.756159, 0.617382, 0.202973), (-0.218912, 0.654020, -0.724110, -0.128928), (-0.951323, 0.021935, 0.307414, 0.039056), (0.000000, 0.000000, 0.000000, 1.000000)
((0.209078, 0.758705, 0.616971, 0.202776), (-0.213950, 0.651119, -0.728196, -0.128339), (-0.954207, 0.020249, 0.298460, 0.039037), (0.000000, 0.000000, 0.000000, 1.000000)
((0.206340, 0.760623, 0.615530, 0.202623), (-0.211628, 0.648869, -0.730878, -0.127893), (-0.955321, 0.020546, 0.294857, 0.039010), (0.000000, 0.000000, 0.000000, 1.000000)
((0.178495, 0.774633, 0.606698, 0.202026), (-0.193842, 0.632201, -0.750165, -0.126183), (-0.964658, 0.016297, 0.263001, 0.038855), (0.000000, 0.000000, 0.000000, 1.000000)
((0.166332, 0.782022, 0.600646, 0.201541), (-0.183113, 0.623033, -0.760460, -0.124813), (-0.968919, 0.016503, 0.246829, 0.038684), (0.000000, 0.000000, 0.000000, 1.000000)
((0.143070, 0.791440, 0.594267, 0.200881), (-0.166772, 0.611137, -0.773757, -0.122975), (-0.975560, 0.011594, 0.219425, 0.038394), (0.000000, 0.000000, 0.000000, 1.000000)
((0.120195, 0.800838, 0.586695, 0.200288), (-0.151920, 0.598856, -0.786315, -0.121330), (-0.981057, 0.005380, 0.193643, 0.038069), (0.000000, 0.000000, 0.000000, 1.000000)
((0.089343, 0.810388, 0.579042, 0.199740), (-0.130794, 0.585878, -0.799775, -0.119814), (-0.987376, -0.004281, 0.158338, 0.037707), (0.000000, 0.000000, 0.000000, 1.000000)
((0.079832, 0.812421, 0.577580, 0.199605), (-0.121678, 0.583038, -0.803281, -0.119439), (-0.989354, -0.006151, 0.145399, 0.037609), (0.000000, 0.000000, 0.000000, 1.000000)
((0.061278, 0.817706, 0.572365, 0.199289), (-0.110213, 0.575480, -0.810356, -0.118528), (-0.992017, -0.013425, 0.125386, 0.037346), (0.000000, 0.000000, 0.000000, 1.000000)
((0.051357, 0.819182, 0.571230, 0.199135), (-0.101187, 0.573309, -0.813067, -0.118069), (-0.993541, -0.016044, 0.112334, 0.037203), (0.000000, 0.000000, 0.000000, 1.000000)
((0.041155, 0.822031, 0.567954, 0.198984), (-0.094142, 0.569097, -0.816864, -0.117616), (-0.994708, -0.019850, 0.100809, 0.037061), (0.000000, 0.000000, 0.000000, 1.000000)
((0.041155, 0.822031, 0.567954, 0.198975), (-0.094142, 0.569097, -0.816864, -0.117589), (-0.994708, -0.019850, 0.100809, 0.037052), (0.000000, 0.000000, 0.000000, 1.000000)
((0.028372, 0.823279, 0.566928, 0.198597), (-0.084808, 0.567094, -0.819275, -0.116394), (-0.995993, -0.024836, 0.085910, 0.036657), (0.000000, 0.000000, 0.000000, 1.000000)
((0.009478, 0.824538, 0.565727, 0.198123), (-0.073411, 0.564800, -0.821956, -0.114806), (-0.997257, -0.033740, 0.065883, 0.036116), (0.000000, 0.000000, 0.000000, 1.000000)
((0.008846, 0.826613, 0.562701, 0.197579), (-0.060786, 0.562127, -0.824814, -0.112881), (-0.998112, -0.026908, 0.055219, 0.035446), (0.000000, 0.000000, 0.000000, 1.000000)
((0.016866, 0.826930, 0.562052, 0.197323), (-0.054803, 0.562052, -0.825284, -0.111920), (-0.998355, -0.016883, 0.054798, 0.035103), (0.000000, 0.000000, 0.000000, 1.000000)
((0.024856, 0.826916, 0.561775, 0.197138), (-0.049262, 0.562279, -0.825479, -0.111226), (-0.998477, -0.007156, 0.054712, 0.034856), (0.000000, 0.000000, 0.000000, 1.000000)
((0.035455, 0.828287, 0.559182, 0.196929), (-0.042501, 0.560277, -0.827214, -0.110392), (-0.998467, 0.005563, 0.055068, 0.034557), (0.000000, 0.000000, 0.000000, 1.000000)
((0.043645, 0.827967, 0.559076, 0.196696), (-0.038708, 0.560590, -0.827188, -0.109460), (-0.998297, 0.014462, 0.056516, 0.034224), (0.000000, 0.000000, 0.000000, 1.000000)
((0.048720, 0.827916, 0.558732, 0.196492), (-0.034713, 0.560462, -0.827452, -0.108597), (-0.998209, 0.020918, 0.056045, 0.033911), (0.000000, 0.000000, 0.000000, 1.000000)
((0.056552, 0.827585, 0.558485, 0.196356), (-0.029149, 0.560510, -0.827635, -0.108023), (-0.997974, 0.030525, 0.055821, 0.033703), (0.000000, 0.000000, 0.000000, 1.000000)
((0.062024, 0.829027, 0.555758, 0.196236), (-0.025870, 0.557978, -0.829452, -0.107485), (-0.997739, 0.037069, 0.056055, 0.033505), (0.000000, 0.000000, 0.000000, 1.000000)
((0.069852, 0.828488, 0.555633, 0.196117), (-0.020473, 0.558067, -0.829543, -0.106955), (-0.997347, 0.046570, 0.055944, 0.033309), (0.000000, 0.000000, 0.000000, 1.000000)
((0.078020, 0.827750, 0.555646, 0.196006), (-0.016833, 0.558359, -0.829428, -0.106420), (-0.996810, 0.055359, 0.057497, 0.033112), (0.000000, 0.000000, 0.000000, 1.000000)
((0.080926, 0.829300, 0.552913, 0.195868), (-0.015375, 0.555705, -0.831237, -0.105764), (-0.996601, 0.058768, 0.057721, 0.032869), (0.000000, 0.000000, 0.000000, 1.000000)
((0.086362, 0.829021, 0.552508, 0.195645), (-0.011526, 0.555374, -0.831521, -0.104644), (-0.996197, 0.065444, 0.057519, 0.032449), (0.000000, 0.000000, 0.000000, 1.000000)
((0.097290, 0.829609, 0.549803, 0.195369), (-0.006448, 0.552938, -0.833198, -0.103195), (-0.995235, 0.077517, 0.059145, 0.031903), (0.000000, 0.000000, 0.000000, 1.000000)
((0.097194, 0.829931, 0.549334, 0.195184), (-0.005864, 0.552415, -0.833549, -0.102161), (-0.995248, 0.077795, 0.058558, 0.031517), (0.000000, 0.000000, 0.000000, 1.000000)
((0.097424, 0.830173, 0.548927, 0.195052), (-0.005513, 0.551993, -0.833831, -0.101422), (-0.995228, 0.078209, 0.058354, 0.031241), (0.000000, 0.000000, 0.000000, 1.000000)
((0.097271, 0.830254, 0.548832, 0.194928), (-0.005330, 0.551874, -0.833911, -0.100643), (-0.995244, 0.078190, 0.058107, 0.030958), (0.000000, 0.000000, 0.000000, 1.000000)
((0.097583, 0.831945, 0.546209, 0.194788), (-0.005805, 0.549295, -0.835608, -0.099761), (-0.995210, 0.078370, 0.058431, 0.030638), (0.000000, 0.000000, 0.000000, 1.000000)
((0.097602, 0.832026, 0.546083, 0.194681), (-0.005671, 0.549159, -0.835699, -0.098979), (-0.995209, 0.078469, 0.058317, 0.030366), (0.000000, 0.000000, 0.000000, 1.000000)
((0.100730, 0.831673, 0.546053, 0.194600), (-0.005592, 0.549309, -0.835601, -0.098394), (-0.994898, 0.081117, 0.059983, 0.030162), (0.000000, 0.000000, 0.000000, 1.000000)
((0.100597, 0.831834, 0.545832, 0.194559), (-0.005276, 0.549054, -0.835770, -0.097993), (-0.994913, 0.081196, 0.059622, 0.030032), (0.000000, 0.000000, 0.000000, 1.000000)
((0.098002, 0.832226, 0.545707, 0.194515), (-0.006867, 0.548899, -0.835861, -0.097568), (-0.995163, 0.078169, 0.059508, 0.029894), (0.000000, 0.000000, 0.000000, 1.000000)
((0.095668, 0.834133, 0.543203, 0.194477), (-0.009186, 0.546422, -0.837460, -0.097101), (-0.995371, 0.075128, 0.059937, 0.029753), (0.000000, 0.000000, 0.000000, 1.000000)
((0.096006, 0.834098, 0.543197, 0.194430), (-0.010775, 0.546557, -0.837353, -0.096531), (-0.995322, 0.074538, 0.061460, 0.029581), (0.000000, 0.000000, 0.000000, 1.000000)
((0.090730, 0.836476, 0.540441, 0.194410), (-0.012929, 0.543623, -0.839230, -0.096162), (-0.995792, 0.069156, 0.060138, 0.029478), (0.000000, 0.000000, 0.000000, 1.000000)
((0.088211, 0.838425, 0.537831, 0.194388), (-0.015024, 0.540994, -0.840892, -0.095746), (-0.995988, 0.066096, 0.060318, 0.029363), (0.000000, 0.000000, 0.000000, 1.000000)
((0.082976, 0.839122, 0.537578, 0.194385), (-0.018152, 0.540621, -0.841070, -0.095458), (-0.996386, 0.060031, 0.060090, 0.029292), (0.000000, 0.000000, 0.000000, 1.000000)
((0.077822, 0.841445, 0.534709, 0.194476), (-0.021631, 0.537634, -0.842901, -0.093337), (-0.996733, 0.054030, 0.060041, 0.028833), (0.000000, 0.000000, 0.000000, 1.000000)
((0.077719, 0.843015, 0.532245, 0.194735), (-0.022076, 0.535184, -0.844447, -0.091195), (-0.996731, 0.053880, 0.060204, 0.028408), (0.000000, 0.000000, 0.000000, 1.000000)
((0.085690, 0.845401, 0.527214, 0.195209), (-0.016576, 0.530297, -0.847650, -0.090020), (-0.996184, 0.063896, 0.059454, 0.028201), (0.000000, 0.000000, 0.000000, 1.000000)
((0.090376, 0.847969, 0.522285, 0.195982), (-0.012659, 0.525367, -0.850782, -0.088783), (-0.995827, 0.070279, 0.058215, 0.028033), (0.000000, 0.000000, 0.000000, 1.000000)
((0.095055, 0.848995, 0.519781, 0.196609), (-0.006853, 0.522691, -0.852495, -0.087925), (-0.995448, 0.077472, 0.055503, 0.027946), (0.000000, 0.000000, 0.000000, 1.000000)
((0.104334, 0.851882, 0.513237, 0.198669), (0.002883, 0.515792, -0.856709, -0.085452), (-0.994538, 0.090864, 0.051359, 0.027807), (0.000000, 0.000000, 0.000000, 1.000000)
((0.104334, 0.851882, 0.513237, 0.198697), (0.002883, 0.515792, -0.856709, -0.085422), (-0.994538, 0.090864, 0.051359, 0.027807), (0.000000, 0.000000, 0.000000, 1.000000)
((0.104334, 0.851882, 0.513237, 0.198715), (0.002883, 0.515792, -0.856709, -0.085403), (-0.994538, 0.090864, 0.051359, 0.027808), (0.000000, 0.000000, 0.000000, 1.000000)
</SampleFrames>
<SampleWeights Num="92">0.00690537
0.00862864
0.0120282
0.0120281
0.010837
0.0181607
0.0181594
0.0500395
0.0500326
0.0575266
0.0681293
0.0681294
0.0811129
0.0855016
0.116585
0.125693
0.125355
0.131094
0.13682
0.136804
0.157898
0.154072
0.155483
0.16412
0.17285
0.167995
0.167711
0.164027
0.166144
0.170108
0.174498
0.178482
0.181081
0.173937
0.164443
0.169464
0.169612
0.16633
0.160693
0.165252
0.168651
0.168296
0.155474
0.13893
0.143824
0.15902
0.160083
0.140678
0.140508
0.138107
0.114742
0.115151
0.131748
0.128478
0.122535
0.122531
0.120437
0.122483
0.107706
0.114418
0.111113
0.0984811
0.0970735
0.101543
0.102498
0.099686
0.0969242
0.0976484
0.0935727
0.0880954
0.0862876
0.092897
0.0914533
0.0903614
0.0816281
0.0775521
0.0782881
0.0821869
0.0816681
0.0756111
0.0791407
0.0720441
0.0747548
0.0773523
0.0767431
0.0743888
0.0615416
0.0654855
0.0508201
0.0257624
0.0257259
0.0257111
</SampleWeights>
</PointSplatMark>
