<PointSplatMark HeadPosAtStart="(1.0406, -0.112701, 2.19223)" BrushTip="0" BrushInterface="ForceTapeDraw" SuperSamplesPerWidth="20" Draw="0" Width="0.022" Pose="1" LayerIndex="0" Name="spine" RoomToVirtualScaleAtStart="1" RoomToVirtualFrameAtStart="((0.869315, 0.213476, 0.445779, 0.063845), (-0.140744, 0.971493, -0.190767, 0.002175), (-0.473796, 0.103096, 0.874579, 0.132274), (0.000000, 0.000000, 0.000000, 1.000000)" ColorSwatch="0.170979"><SamplePoints Num="120">(-0.0204229, -0.153866, 0.126165)
(-0.0200001, -0.153265, 0.126243)
(-0.019347, -0.152336, 0.126365)
(-0.0189419, -0.151762, 0.126439)
(-0.018638, -0.151331, 0.126495)
(-0.0181553, -0.150651, 0.126582)
(-0.0171701, -0.149268, 0.126755)
(-0.0168924, -0.148878, 0.126804)
(-0.0164638, -0.148278, 0.126875)
(-0.016344, -0.148111, 0.126895)
(-0.0157773, -0.147319, 0.126985)
(-0.0153346, -0.146701, 0.127055)
(-0.0146513, -0.145742, 0.127156)
(-0.0137248, -0.144442, 0.127293)
(-0.0125106, -0.142727, 0.127456)
(-0.0113075, -0.141028, 0.127618)
(-0.010232, -0.139496, 0.127744)
(-0.00913654, -0.137936, 0.127873)
(-0.00849332, -0.137014, 0.127939)
(-0.00693275, -0.134778, 0.128099)
(-0.00218026, -0.127987, 0.128424)
(-0.000784621, -0.126004, 0.128499)
(0.000761457, -0.123808, 0.128582)
(0.00247672, -0.121365, 0.12866)
(0.00445972, -0.118542, 0.12875)
(0.00590541, -0.116481, 0.128808)
(0.0078739, -0.113675, 0.128887)
(0.0105816, -0.109806, 0.128987)
(0.0137611, -0.105254, 0.12909)
(0.0155739, -0.102658, 0.129149)
(0.0174796, -0.0999075, 0.129198)
(0.0193433, -0.0972172, 0.129247)
(0.0214828, -0.0940941, 0.12929)
(0.0214828, -0.0940941, 0.12929)
(0.0247533, -0.0892628, 0.12935)
(0.0285903, -0.0835946, 0.12942)
(0.0305939, -0.0805912, 0.12945)
(0.0326169, -0.0775587, 0.12948)
(0.033887, -0.0756382, 0.129496)
(0.0360022, -0.0724396, 0.129524)
(0.0390158, -0.0678605, 0.129537)
(0.0429249, -0.0618699, 0.129496)
(0.0446794, -0.0591813, 0.129477)
(0.0490217, -0.0524663, 0.129372)
(0.0504364, -0.0502558, 0.129316)
(0.0520276, -0.0477694, 0.129252)
(0.0534728, -0.0454928, 0.129197)
(0.0541328, -0.044453, 0.129172)
(0.0576993, -0.0387786, 0.12907)
(0.0602712, -0.0346196, 0.129003)
(0.062947, -0.0301944, 0.12893)
(0.0647246, -0.0271771, 0.128882)
(0.0667122, -0.0237201, 0.12881)
(0.0695874, -0.0185702, 0.128679)
(0.0726026, -0.012991, 0.128509)
(0.0741091, -0.0101274, 0.1284)
(0.0777824, -0.00278326, 0.128066)
(0.080283, 0.00245984, 0.127832)
(0.080283, 0.00245984, 0.127832)
(0.0827173, 0.00774559, 0.127609)
(0.0856349, 0.0142731, 0.127369)
(0.0884587, 0.0207247, 0.127166)
(0.0909572, 0.0265144, 0.127003)
(0.0922542, 0.0295197, 0.126918)
(0.0934128, 0.0322416, 0.126851)
(0.0959724, 0.0383034, 0.12673)
(0.0987447, 0.0449503, 0.126624)
(0.100125, 0.0482607, 0.126571)
(0.102876, 0.0549284, 0.12648)
(0.105243, 0.0607534, 0.126404)
(0.108192, 0.0682636, 0.126373)
(0.109373, 0.0712972, 0.126366)
(0.110662, 0.0746846, 0.126369)
(0.112208, 0.078749, 0.126374)
(0.116497, 0.0906364, 0.126402)
(0.117793, 0.0942273, 0.126411)
(0.119633, 0.099477, 0.126404)
(0.119633, 0.099477, 0.126404)
(0.122657, 0.108361, 0.126336)
(0.122686, 0.108449, 0.126335)
(0.125558, 0.117021, 0.126219)
(0.126787, 0.120739, 0.126142)
(0.128031, 0.124502, 0.126063)
(0.129257, 0.128236, 0.125967)
(0.130446, 0.131857, 0.125874)
(0.131712, 0.135689, 0.125773)
(0.131712, 0.135689, 0.125773)
(0.131721, 0.135717, 0.125772)
(0.131721, 0.135717, 0.125772)
(0.138833, 0.157879, 0.125124)
(0.140289, 0.162542, 0.124995)
(0.141908, 0.167729, 0.124852)
(0.146008, 0.181351, 0.124559)
(0.147443, 0.186164, 0.124468)
(0.148556, 0.189978, 0.124423)
(0.150864, 0.197991, 0.124387)
(0.153434, 0.207237, 0.124442)
(0.156644, 0.219018, 0.124683)
(0.159062, 0.228099, 0.124902)
(0.160137, 0.232138, 0.124999)
(0.161926, 0.239064, 0.125083)
(0.162787, 0.242556, 0.125068)
(0.16408, 0.248077, 0.124956)
(0.164754, 0.250953, 0.124897)
(0.165399, 0.2539, 0.124797)
(0.165994, 0.256625, 0.124704)
(0.167208, 0.262532, 0.124419)
(0.16803, 0.267222, 0.124048)
(0.168931, 0.272876, 0.123489)
(0.169547, 0.276802, 0.123077)
(0.170076, 0.280282, 0.122672)
(0.170092, 0.280383, 0.122658)
(0.171031, 0.286607, 0.121803)
(0.172483, 0.294875, 0.120371)
(0.172483, 0.294875, 0.120371)
(0.173581, 0.299958, 0.119338)
(0.174272, 0.303158, 0.118688)
(0.17467, 0.304656, 0.118346)
(0.17544, 0.306854, 0.117788)
(0.175586, 0.307247, 0.117688)
</SamplePoints>
<SampleFrames Num="120">((-0.164995, 0.589194, 0.790966, -0.020423), (-0.328133, 0.723482, -0.607373, -0.153866), (-0.930111, -0.359755, 0.073963, 0.126165), (0.000000, 0.000000, 0.000000, 1.000000)
((0.164215, 0.568400, 0.806198, -0.020000), (-0.330971, 0.801664, -0.497788, -0.153265), (-0.929243, -0.185084, 0.319769, 0.126243), (0.000000, 0.000000, 0.000000, 1.000000)
((0.167393, 0.568996, 0.805123, -0.019347), (-0.332862, 0.801310, -0.497096, -0.152336), (-0.927999, -0.184785, 0.323531, 0.126365), (0.000000, 0.000000, 0.000000, 1.000000)
((0.169404, 0.567624, 0.805671, -0.018942), (-0.335660, 0.801843, -0.494349, -0.151762), (-0.926625, -0.186687, 0.326364, 0.126439), (0.000000, 0.000000, 0.000000, 1.000000)
((0.169560, 0.567352, 0.805829, -0.018638), (-0.336008, 0.801958, -0.493925, -0.151331), (-0.926471, -0.187015, 0.326615, 0.126495), (0.000000, 0.000000, 0.000000, 1.000000)
((0.167247, 0.568670, 0.805384, -0.018155), (-0.336316, 0.800799, -0.495593, -0.150651), (-0.926779, -0.187977, 0.325184, 0.126582), (0.000000, 0.000000, 0.000000, 1.000000)
((0.170908, 0.569013, 0.804372, -0.017170), (-0.337705, 0.800763, -0.494706, -0.149268), (-0.925606, -0.187091, 0.329015, 0.126755), (0.000000, 0.000000, 0.000000, 1.000000)
((0.173795, 0.569846, 0.803163, -0.016892), (-0.339430, 0.800261, -0.494338, -0.148878), (-0.924436, -0.186704, 0.332504, 0.126804), (0.000000, 0.000000, 0.000000, 1.000000)
((0.174747, 0.569367, 0.803296, -0.016464), (-0.344499, 0.799638, -0.491833, -0.148278), (-0.922379, -0.190788, 0.335881, 0.126875), (0.000000, 0.000000, 0.000000, 1.000000)
((0.177676, 0.567575, 0.803921, -0.016344), (-0.343872, 0.801230, -0.489676, -0.148111), (-0.922054, -0.189442, 0.337533, 0.126895), (0.000000, 0.000000, 0.000000, 1.000000)
((0.184159, 0.566377, 0.803307, -0.015777), (-0.349656, 0.801573, -0.484996, -0.147319), (-0.918600, -0.191565, 0.345654, 0.126985), (0.000000, 0.000000, 0.000000, 1.000000)
((0.190666, 0.564949, 0.802795, -0.015335), (-0.355562, 0.802012, -0.479951, -0.146701), (-0.914999, -0.193933, 0.353790, 0.127055), (0.000000, 0.000000, 0.000000, 1.000000)
((0.197500, 0.563024, 0.802495, -0.014651), (-0.361526, 0.802749, -0.474228, -0.145742), (-0.911204, -0.196463, 0.362091, 0.127156), (0.000000, 0.000000, 0.000000, 1.000000)
((0.202639, 0.562047, 0.801898, -0.013725), (-0.365221, 0.803180, -0.470655, -0.144442), (-0.908599, -0.197497, 0.368027, 0.127293), (0.000000, 0.000000, 0.000000, 1.000000)
((0.209807, 0.559474, 0.801854, -0.012511), (-0.371192, 0.804286, -0.464048, -0.142727), (-0.904543, -0.200281, 0.376417, 0.127456), (0.000000, 0.000000, 0.000000, 1.000000)
((0.215993, 0.557669, 0.801469, -0.011307), (-0.379478, 0.804260, -0.457343, -0.141028), (-0.899635, -0.205357, 0.385338, 0.127618), (0.000000, 0.000000, 0.000000, 1.000000)
((0.224520, 0.556368, 0.800028, -0.010232), (-0.384213, 0.805023, -0.452016, -0.139496), (-0.895529, -0.205895, 0.394507, 0.127744), (0.000000, 0.000000, 0.000000, 1.000000)
((0.224136, 0.556609, 0.799968, -0.009137), (-0.386824, 0.804232, -0.451196, -0.137936), (-0.894500, -0.208318, 0.395567, 0.127873), (0.000000, 0.000000, 0.000000, 1.000000)
((0.227324, 0.556599, 0.799075, -0.008493), (-0.388402, 0.804289, -0.449737, -0.137014), (-0.893011, -0.208126, 0.399018, 0.127939), (0.000000, 0.000000, 0.000000, 1.000000)
((0.232830, 0.554521, 0.798934, -0.006933), (-0.392339, 0.805251, -0.444568, -0.134778), (-0.889865, -0.209944, 0.405047, 0.128099), (0.000000, 0.000000, 0.000000, 1.000000)
((0.240109, 0.555485, 0.796105, -0.002180), (-0.394964, 0.805050, -0.442603, -0.127987), (-0.886764, -0.208160, 0.412697, 0.128424), (0.000000, 0.000000, 0.000000, 1.000000)
((0.236097, 0.558329, 0.795316, -0.000785), (-0.393931, 0.803177, -0.446906, -0.126004), (-0.888300, -0.207786, 0.409571, 0.128499), (0.000000, 0.000000, 0.000000, 1.000000)
((0.237988, 0.558842, 0.794391, 0.000761), (-0.393817, 0.803163, -0.447031, -0.123808), (-0.887846, -0.206457, 0.411224, 0.128582), (0.000000, 0.000000, 0.000000, 1.000000)
((0.240180, 0.559115, 0.793539, 0.002477), (-0.393454, 0.803380, -0.446962, -0.121365), (-0.887416, -0.204870, 0.412942, 0.128660), (0.000000, 0.000000, 0.000000, 1.000000)
((0.239264, 0.559059, 0.793855, 0.004460), (-0.392508, 0.803510, -0.447558, -0.118542), (-0.888082, -0.204510, 0.411686, 0.128750), (0.000000, 0.000000, 0.000000, 1.000000)
((0.240995, 0.559712, 0.792871, 0.005905), (-0.392427, 0.803385, -0.447855, -0.116481), (-0.887650, -0.203213, 0.413258, 0.128808), (0.000000, 0.000000, 0.000000, 1.000000)
((0.237538, 0.561819, 0.792424, 0.007874), (-0.391656, 0.801918, -0.451147, -0.113675), (-0.888922, -0.203193, 0.410526, 0.128887), (0.000000, 0.000000, 0.000000, 1.000000)
((0.240971, 0.563068, 0.790498, 0.010582), (-0.391687, 0.801644, -0.451607, -0.109806), (-0.887983, -0.200804, 0.413719, 0.128987), (0.000000, 0.000000, 0.000000, 1.000000)
((0.239191, 0.565698, 0.789160, 0.013761), (-0.391221, 0.800009, -0.454897, -0.105254), (-0.888670, -0.199929, 0.412668, 0.129090), (0.000000, 0.000000, 0.000000, 1.000000)
((0.241633, 0.565529, 0.788537, 0.015574), (-0.391182, 0.800431, -0.454189, -0.102658), (-0.888026, -0.198714, 0.414635, 0.129149), (0.000000, 0.000000, 0.000000, 1.000000)
((0.242906, 0.563658, 0.789485, 0.017480), (-0.392235, 0.801432, -0.451506, -0.099907), (-0.887214, -0.199990, 0.415759, 0.129198), (0.000000, 0.000000, 0.000000, 1.000000)
((0.240412, 0.567488, 0.787502, 0.019343), (-0.390789, 0.799229, -0.456636, -0.097217), (-0.888530, -0.197966, 0.413912, 0.129247), (0.000000, 0.000000, 0.000000, 1.000000)
((0.241971, 0.565244, 0.788638, 0.021483), (-0.391969, 0.800462, -0.453454, -0.094094), (-0.887587, -0.199399, 0.415247, 0.129290), (0.000000, 0.000000, 0.000000, 1.000000)
((0.241971, 0.565244, 0.788638, 0.021483), (-0.391969, 0.800462, -0.453454, -0.094094), (-0.887587, -0.199399, 0.415247, 0.129290), (0.000000, 0.000000, 0.000000, 1.000000)
((0.244109, 0.566894, 0.786792, 0.024753), (-0.390772, 0.800052, -0.455208, -0.089263), (-0.887529, -0.196336, 0.416826, 0.129350), (0.000000, 0.000000, 0.000000, 1.000000)
((0.244755, 0.567172, 0.786391, 0.028590), (-0.392789, 0.799527, -0.454394, -0.083595), (-0.886460, -0.197671, 0.418467, 0.129420), (0.000000, 0.000000, 0.000000, 1.000000)
((0.246994, 0.566984, 0.785827, 0.030594), (-0.393162, 0.799840, -0.453519, -0.080591), (-0.885674, -0.196941, 0.420472, 0.129450), (0.000000, 0.000000, 0.000000, 1.000000)
((0.247302, 0.568434, 0.784681, 0.032617), (-0.391330, 0.799444, -0.455796, -0.077559), (-0.886399, -0.194350, 0.420149, 0.129480), (0.000000, 0.000000, 0.000000, 1.000000)
((0.245132, 0.569722, 0.784428, 0.033887), (-0.392520, 0.798155, -0.457030, -0.075638), (-0.886475, -0.195871, 0.419281, 0.129496), (0.000000, 0.000000, 0.000000, 1.000000)
((0.245256, 0.571185, 0.783324, 0.036002), (-0.391099, 0.797628, -0.459163, -0.072440), (-0.887069, -0.193745, 0.419013, 0.129524), (0.000000, 0.000000, 0.000000, 1.000000)
((0.249724, 0.570967, 0.782071, 0.039016), (-0.389448, 0.798680, -0.458738, -0.067861), (-0.886549, -0.190018, 0.421811, 0.129537), (0.000000, 0.000000, 0.000000, 1.000000)
((0.250185, 0.571529, 0.781513, 0.042925), (-0.391114, 0.798050, -0.458416, -0.061870), (-0.885685, -0.190972, 0.423194, 0.129496), (0.000000, 0.000000, 0.000000, 1.000000)
((0.252249, 0.571550, 0.780833, 0.044679), (-0.391337, 0.798250, -0.457878, -0.059181), (-0.885001, -0.190070, 0.425026, 0.129477), (0.000000, 0.000000, 0.000000, 1.000000)
((0.255061, 0.571910, 0.779656, 0.049022), (-0.390962, 0.798472, -0.457811, -0.052466), (-0.884360, -0.188046, 0.427254, 0.129372), (0.000000, 0.000000, 0.000000, 1.000000)
((0.256972, 0.572139, 0.778860, 0.050436), (-0.391028, 0.798562, -0.457599, -0.050256), (-0.883778, -0.186966, 0.428930, 0.129316), (0.000000, 0.000000, 0.000000, 1.000000)
((0.257209, 0.573707, 0.777627, 0.052028), (-0.389054, 0.798081, -0.460113, -0.047769), (-0.884579, -0.184194, 0.428477, 0.129252), (0.000000, 0.000000, 0.000000, 1.000000)
((0.255315, 0.574712, 0.777509, 0.053473), (-0.390169, 0.797018, -0.461010, -0.045493), (-0.884637, -0.185657, 0.427725, 0.129197), (0.000000, 0.000000, 0.000000, 1.000000)
((0.261508, 0.571703, 0.777669, 0.054133), (-0.391196, 0.799343, -0.456089, -0.044453), (-0.882371, -0.184950, 0.432683, 0.129172), (0.000000, 0.000000, 0.000000, 1.000000)
((0.267261, 0.570292, 0.776749, 0.057699), (-0.393461, 0.800398, -0.452274, -0.038779), (-0.879636, -0.184745, 0.438303, 0.129070), (0.000000, 0.000000, 0.000000, 1.000000)
((0.267704, 0.571187, 0.775938, 0.060271), (-0.392389, 0.800154, -0.453635, -0.034620), (-0.879980, -0.183030, 0.438332, 0.129003), (0.000000, 0.000000, 0.000000, 1.000000)
((0.273104, 0.569939, 0.774973, 0.062947), (-0.393114, 0.801384, -0.450827, -0.030194), (-0.877995, -0.181530, 0.442912, 0.128930), (0.000000, 0.000000, 0.000000, 1.000000)
((0.273563, 0.571065, 0.773982, 0.064725), (-0.391495, 0.801114, -0.452711, -0.027177), (-0.878576, -0.179165, 0.442724, 0.128882), (0.000000, 0.000000, 0.000000, 1.000000)
((0.276099, 0.570025, 0.773848, 0.066712), (-0.392354, 0.801848, -0.450664, -0.023720), (-0.877398, -0.179194, 0.445041, 0.128810), (0.000000, 0.000000, 0.000000, 1.000000)
((0.280616, 0.569040, 0.772948, 0.069587), (-0.391315, 0.803165, -0.449220, -0.018570), (-0.876429, -0.176408, 0.448055, 0.128679), (0.000000, 0.000000, 0.000000, 1.000000)
((0.282523, 0.570277, 0.771340, 0.072603), (-0.390790, 0.802772, -0.450379, -0.012991), (-0.876050, -0.174190, 0.449660, 0.128509), (0.000000, 0.000000, 0.000000, 1.000000)
((0.283867, 0.570602, 0.770606, 0.074109), (-0.391697, 0.802558, -0.449972, -0.010127), (-0.875210, -0.174112, 0.451323, 0.128400), (0.000000, 0.000000, 0.000000, 1.000000)
((0.290498, 0.569989, 0.768585, 0.077782), (-0.393944, 0.803236, -0.446789, -0.002783), (-0.872020, -0.172988, 0.457882, 0.128066), (0.000000, 0.000000, 0.000000, 1.000000)
((0.301456, 0.563154, 0.769404, 0.080283), (-0.401465, 0.806894, -0.433298, 0.002460), (-0.864841, -0.178268, 0.469330, 0.127832), (0.000000, 0.000000, 0.000000, 1.000000)
((0.301456, 0.563154, 0.769404, 0.080283), (-0.401465, 0.806894, -0.433298, 0.002460), (-0.864841, -0.178268, 0.469330, 0.127832), (0.000000, 0.000000, 0.000000, 1.000000)
((0.312555, 0.555681, 0.770407, 0.082717), (-0.408788, 0.810782, -0.418957, 0.007746), (-0.857439, -0.183986, 0.480570, 0.127609), (0.000000, 0.000000, 0.000000, 1.000000)
((0.322630, 0.550779, 0.769774, 0.085635), (-0.414463, 0.813357, -0.408252, 0.014273), (-0.850958, -0.187329, 0.490691, 0.127369), (0.000000, 0.000000, 0.000000, 1.000000)
((0.333371, 0.544814, 0.769443, 0.088459), (-0.417872, 0.816971, -0.397418, 0.020725), (-0.845131, -0.189041, 0.500017, 0.127166), (0.000000, 0.000000, 0.000000, 1.000000)
((0.344728, 0.535360, 0.771072, 0.090957), (-0.423621, 0.821747, -0.381153, 0.026514), (-0.837680, -0.195248, 0.510069, 0.127003), (0.000000, 0.000000, 0.000000, 1.000000)
((0.350833, 0.529859, 0.772117, 0.092254), (-0.425580, 0.824674, -0.372552, 0.029520), (-0.834145, -0.197894, 0.514820, 0.126918), (0.000000, 0.000000, 0.000000, 1.000000)
((0.354045, 0.527779, 0.772076, 0.093413), (-0.427712, 0.825530, -0.368188, 0.032242), (-0.831694, -0.199871, 0.518012, 0.126851), (0.000000, 0.000000, 0.000000, 1.000000)
((0.359174, 0.524939, 0.771643, 0.095972), (-0.430089, 0.826887, -0.362328, 0.038303), (-0.828262, -0.201736, 0.522767, 0.126730), (0.000000, 0.000000, 0.000000, 1.000000)
((0.364186, 0.524793, 0.769390, 0.098745), (-0.427636, 0.828114, -0.362429, 0.044950), (-0.827343, -0.197027, 0.526008, 0.126624), (0.000000, 0.000000, 0.000000, 1.000000)
((0.359328, 0.532378, 0.766458, 0.100125), (-0.424881, 0.824579, -0.373558, 0.048261), (-0.830879, -0.191423, 0.522492, 0.126571), (0.000000, 0.000000, 0.000000, 1.000000)
((0.360502, 0.534112, 0.764698, 0.102876), (-0.422892, 0.824314, -0.376388, 0.054928), (-0.831384, -0.187696, 0.523039, 0.126480), (0.000000, 0.000000, 0.000000, 1.000000)
((0.359180, 0.538935, 0.761931, 0.105243), (-0.420858, 0.822221, -0.383185, 0.060753), (-0.832987, -0.183032, 0.522141, 0.126404), (0.000000, 0.000000, 0.000000, 1.000000)
((0.367171, 0.534866, 0.760988, 0.108192), (-0.424063, 0.824418, -0.374841, 0.068264), (-0.827862, -0.185076, 0.529519, 0.126373), (0.000000, 0.000000, 0.000000, 1.000000)
((0.365764, 0.535641, 0.761121, 0.109373), (-0.422649, 0.824195, -0.376922, 0.071297), (-0.829207, -0.183823, 0.527849, 0.126366), (0.000000, 0.000000, 0.000000, 1.000000)
((0.365624, 0.537049, 0.760196, 0.110662), (-0.420715, 0.823905, -0.379710, 0.074685), (-0.830252, -0.180995, 0.527184, 0.126369), (0.000000, 0.000000, 0.000000, 1.000000)
((0.366438, 0.539543, 0.758035, 0.112208), (-0.418347, 0.823248, -0.383729, 0.078749), (-0.831089, -0.176509, 0.527386, 0.126374), (0.000000, 0.000000, 0.000000, 1.000000)
((0.372499, 0.537741, 0.756359, 0.116497), (-0.418945, 0.824678, -0.379988, 0.090636), (-0.828088, -0.175328, 0.532476, 0.126402), (0.000000, 0.000000, 0.000000, 1.000000)
((0.372554, 0.538865, 0.755531, 0.117793), (-0.417062, 0.824513, -0.382410, 0.094227), (-0.829013, -0.172635, 0.531916, 0.126411), (0.000000, 0.000000, 0.000000, 1.000000)
((0.372581, 0.539365, 0.755161, 0.119633), (-0.416494, 0.824380, -0.383314, 0.099477), (-0.829286, -0.171704, 0.531791, 0.126404), (0.000000, 0.000000, 0.000000, 1.000000)
((0.372581, 0.539365, 0.755161, 0.119633), (-0.416494, 0.824380, -0.383314, 0.099477), (-0.829286, -0.171704, 0.531791, 0.126404), (0.000000, 0.000000, 0.000000, 1.000000)
((0.375958, 0.537218, 0.755018, 0.122657), (-0.416938, 0.825727, -0.379918, 0.108361), (-0.827538, -0.171962, 0.534425, 0.126336), (0.000000, 0.000000, 0.000000, 1.000000)
((0.375958, 0.537218, 0.755018, 0.122686), (-0.416938, 0.825727, -0.379918, 0.108449), (-0.827538, -0.171962, 0.534425, 0.126335), (0.000000, 0.000000, 0.000000, 1.000000)
((0.379981, 0.534043, 0.755256, 0.125558), (-0.417305, 0.827658, -0.375286, 0.117021), (-0.825513, -0.172571, 0.537353, 0.126219), (0.000000, 0.000000, 0.000000, 1.000000)
((0.377321, 0.538696, 0.753283, 0.126787), (-0.414391, 0.825644, -0.382874, 0.120739), (-0.828196, -0.167687, 0.534764, 0.126142), (0.000000, 0.000000, 0.000000, 1.000000)
((0.379054, 0.537637, 0.753170, 0.128031), (-0.414474, 0.826342, -0.381274, 0.124502), (-0.827363, -0.167646, 0.536065, 0.126063), (0.000000, 0.000000, 0.000000, 1.000000)
((0.380799, 0.536646, 0.752996, 0.129257), (-0.414381, 0.827040, -0.379859, 0.128236), (-0.826608, -0.167378, 0.537312, 0.125967), (0.000000, 0.000000, 0.000000, 1.000000)
((0.379940, 0.539088, 0.751685, 0.130446), (-0.414026, 0.825786, -0.382962, 0.131857), (-0.827181, -0.165715, 0.536946, 0.125874), (0.000000, 0.000000, 0.000000, 1.000000)
((0.383887, 0.535233, 0.752434, 0.131712), (-0.415334, 0.827872, -0.376995, 0.135689), (-0.824699, -0.167788, 0.540110, 0.125773), (0.000000, 0.000000, 0.000000, 1.000000)
((0.383887, 0.535233, 0.752434, 0.131712), (-0.415334, 0.827872, -0.376995, 0.135689), (-0.824699, -0.167788, 0.540110, 0.125773), (0.000000, 0.000000, 0.000000, 1.000000)
((0.383887, 0.535233, 0.752434, 0.131721), (-0.415334, 0.827872, -0.376995, 0.135717), (-0.824699, -0.167788, 0.540110, 0.125772), (0.000000, 0.000000, 0.000000, 1.000000)
((0.383887, 0.535233, 0.752434, 0.131721), (-0.415334, 0.827872, -0.376995, 0.135717), (-0.824699, -0.167788, 0.540110, 0.125772), (0.000000, 0.000000, 0.000000, 1.000000)
((0.384915, 0.539360, 0.748953, 0.138833), (-0.409541, 0.827025, -0.385105, 0.157879), (-0.827113, -0.158495, 0.539225, 0.125124), (0.000000, 0.000000, 0.000000, 1.000000)
((0.387872, 0.539021, 0.747671, 0.140289), (-0.407994, 0.827783, -0.385119, 0.162542), (-0.826497, -0.155668, 0.540991, 0.124995), (0.000000, 0.000000, 0.000000, 1.000000)
((0.388397, 0.539143, 0.747311, 0.141908), (-0.406042, 0.828135, -0.386422, 0.167729), (-0.827211, -0.153354, 0.540560, 0.124852), (0.000000, 0.000000, 0.000000, 1.000000)
((0.391125, 0.541373, 0.744269, 0.146008), (-0.401301, 0.828085, -0.391450, 0.181351), (-0.828238, -0.145570, 0.541138, 0.124559), (0.000000, 0.000000, 0.000000, 1.000000)
((0.391088, 0.542717, 0.743309, 0.147443), (-0.399002, 0.827771, -0.394453, 0.186164), (-0.829366, -0.142316, 0.540276, 0.124468), (0.000000, 0.000000, 0.000000, 1.000000)
((0.393335, 0.541215, 0.743219, 0.148556), (-0.397696, 0.828993, -0.393203, 0.189978), (-0.828930, -0.140915, 0.541311, 0.124423), (0.000000, 0.000000, 0.000000, 1.000000)
((0.394480, 0.542240, 0.741863, 0.150864), (-0.396099, 0.828820, -0.395175, 0.197991), (-0.829151, -0.137963, 0.541733, 0.124387), (0.000000, 0.000000, 0.000000, 1.000000)
((0.397028, 0.541601, 0.740971, 0.153434), (-0.392038, 0.830046, -0.396648, 0.207237), (-0.829865, -0.133008, 0.541880, 0.124442), (0.000000, 0.000000, 0.000000, 1.000000)
((0.398079, 0.541644, 0.740375, 0.156644), (-0.389069, 0.830582, -0.398446, 0.219018), (-0.830758, -0.129444, 0.541374, 0.124683), (0.000000, 0.000000, 0.000000, 1.000000)
((0.395610, 0.547385, 0.737471, 0.159062), (-0.384558, 0.827926, -0.408232, 0.228099), (-0.834031, -0.122100, 0.538037, 0.124902), (0.000000, 0.000000, 0.000000, 1.000000)
((0.397490, 0.546171, 0.737360, 0.160137), (-0.384312, 0.828785, -0.406718, 0.232138), (-0.833250, -0.121710, 0.539334, 0.124999), (0.000000, 0.000000, 0.000000, 1.000000)
((0.400240, 0.543493, 0.737851, 0.161926), (-0.383190, 0.830640, -0.403983, 0.239064), (-0.832450, -0.121047, 0.540717, 0.125083), (0.000000, 0.000000, 0.000000, 1.000000)
((0.401767, 0.543331, 0.737140, 0.162787), (-0.382123, 0.831004, -0.404245, 0.242556), (-0.832205, -0.119265, 0.541489, 0.125068), (0.000000, 0.000000, 0.000000, 1.000000)
((0.399257, 0.547345, 0.735532, 0.164080), (-0.381153, 0.828726, -0.409800, 0.248077), (-0.833856, -0.116735, 0.539497, 0.124956), (0.000000, 0.000000, 0.000000, 1.000000)
((0.398475, 0.549879, 0.734064, 0.164754), (-0.380120, 0.827389, -0.413445, 0.250953), (-0.834701, -0.114285, 0.538714, 0.124897), (0.000000, 0.000000, 0.000000, 1.000000)
((0.401720, 0.544918, 0.735993, 0.165399), (-0.381128, 0.830268, -0.406690, 0.253900), (-0.832684, -0.117132, 0.541219, 0.124797), (0.000000, 0.000000, 0.000000, 1.000000)
((0.403210, 0.544928, 0.735170, 0.165994), (-0.379962, 0.830540, -0.407226, 0.256625), (-0.832497, -0.115139, 0.541934, 0.124704), (0.000000, 0.000000, 0.000000, 1.000000)
((0.398519, 0.552006, 0.732443, 0.167208), (-0.377202, 0.826578, -0.417717, 0.262532), (-0.836003, -0.109811, 0.537625, 0.124419), (0.000000, 0.000000, 0.000000, 1.000000)
((0.401999, 0.548804, 0.732947, 0.168030), (-0.378606, 0.828468, -0.412673, 0.267222), (-0.833699, -0.111604, 0.540824, 0.124048), (0.000000, 0.000000, 0.000000, 1.000000)
((0.404575, 0.546535, 0.733225, 0.168931), (-0.378134, 0.829998, -0.410023, 0.272876), (-0.832666, -0.111372, 0.542460, 0.123489), (0.000000, 0.000000, 0.000000, 1.000000)
((0.403529, 0.549406, 0.731654, 0.169547), (-0.377475, 0.828392, -0.413860, 0.276802), (-0.833473, -0.109177, 0.541667, 0.123077), (0.000000, 0.000000, 0.000000, 1.000000)
((0.401980, 0.550928, 0.731362, 0.170076), (-0.376653, 0.827521, -0.416343, 0.280282), (-0.834592, -0.108108, 0.540156, 0.122672), (0.000000, 0.000000, 0.000000, 1.000000)
((0.401980, 0.550928, 0.731362, 0.170092), (-0.376653, 0.827521, -0.416343, 0.280383), (-0.834592, -0.108108, 0.540156, 0.122658), (0.000000, 0.000000, 0.000000, 1.000000)
((0.404304, 0.549460, 0.731185, 0.171031), (-0.375417, 0.828685, -0.415143, 0.286607), (-0.834027, -0.106655, 0.541317, 0.121803), (0.000000, 0.000000, 0.000000, 1.000000)
((0.402308, 0.555474, 0.727734, 0.172483), (-0.373171, 0.825363, -0.423697, 0.294875), (-0.835998, -0.101113, 0.539337, 0.120371), (0.000000, 0.000000, 0.000000, 1.000000)
((0.402308, 0.555474, 0.727734, 0.172483), (-0.373171, 0.825363, -0.423697, 0.294875), (-0.835998, -0.101113, 0.539337, 0.120371), (0.000000, 0.000000, 0.000000, 1.000000)
((0.399044, 0.560912, 0.725356, 0.173581), (-0.372072, 0.822067, -0.431008, 0.299958), (-0.838049, -0.097894, 0.536741, 0.119338), (0.000000, 0.000000, 0.000000, 1.000000)
((0.398516, 0.561200, 0.725424, 0.174272), (-0.370223, 0.822074, -0.432585, 0.303158), (-0.839118, -0.096177, 0.535379, 0.118688), (0.000000, 0.000000, 0.000000, 1.000000)
((0.397209, 0.564418, 0.723641, 0.174670), (-0.369876, 0.820093, -0.436622, 0.304656), (-0.839891, -0.094227, 0.534513, 0.118346), (0.000000, 0.000000, 0.000000, 1.000000)
((0.386557, 0.576958, 0.719509, 0.175440), (-0.365615, 0.812099, -0.454776, 0.306854), (-0.846699, -0.087266, 0.524867, 0.117788), (0.000000, 0.000000, 0.000000, 1.000000)
((0.376835, 0.591593, 0.712750, 0.175586), (-0.357443, 0.802750, -0.477312, 0.307247), (-0.854535, -0.074899, 0.513965, 0.117688), (0.000000, 0.000000, 0.000000, 1.000000)
</SampleFrames>
<SampleWeights Num="120">0.00814115
0.0118745
0.0144269
0.00852127
0.00638674
0.0129637
0.0338782
0.0340465
0.0363876
0.0436014
0.0612926
0.0727742
0.0823432
0.0969945
0.111978
0.130215
0.144155
0.161253
0.164026
0.176709
0.225152
0.230474
0.235472
0.247731
0.253241
0.258076
0.260031
0.259272
0.261506
0.260458
0.264487
0.262804
0.260576
0.260576
0.248611
0.253033
0.255221
0.264464
0.266345
0.266105
0.263197
0.281359
0.289303
0.280354
0.282612
0.286426
0.294778
0.300664
0.327843
0.338361
0.335965
0.33715
0.327263
0.309374
0.288181
0.280896
0.300538
0.319549
0.319549
0.345888
0.348115
0.361247
0.377011
0.381263
0.38707
0.398704
0.427503
0.440088
0.454324
0.465103
0.509781
0.50861
0.494014
0.478072
0.456563
0.451398
0.42976
0.42976
0.425659
0.425647
0.414887
0.400426
0.390492
0.387312
0.394823
0.406116
0.406116
0.406115
0.406115
0.396127
0.385891
0.376775
0.366751
0.36785
0.370886
0.366797
0.361391
0.348627
0.331548
0.322479
0.312198
0.312964
0.311794
0.300572
0.282772
0.270149
0.24065
0.242254
0.212141
0.211213
0.214773
0.214745
0.186494
0.191387
0.191387
0.196408
0.175958
0.164629
0.137208
0.0978618
</SampleWeights>
</PointSplatMark>
