<PointSplatMark HeadPosAtStart="(1.11382, -0.302049, 2.03866)" BrushTip="0" BrushInterface="ForceTapeDraw" SuperSamplesPerWidth="20" Draw="0" Width="0.022" Pose="1" LayerIndex="0" Name="tricep" RoomToVirtualScaleAtStart="1" RoomToVirtualFrameAtStart="((0.815269, 0.218417, 0.536311, 0.008535), (-0.116787, 0.969126, -0.217152, -0.038267), (-0.567183, 0.114403, 0.815607, 0.094349), (0.000000, 0.000000, 0.000000, 1.000000)" ColorSwatch="0.170979"><SamplePoints Num="130">(0.205688, -0.12777, 0.0504572)
(0.205781, -0.127383, 0.050543)
(0.205844, -0.127114, 0.0506027)
(0.205875, -0.126985, 0.0506314)
(0.205987, -0.12651, 0.0507365)
(0.206186, -0.125664, 0.0509239)
(0.206385, -0.124823, 0.0511094)
(0.206612, -0.123856, 0.0513227)
(0.206902, -0.122625, 0.0515921)
(0.207071, -0.121906, 0.0517467)
(0.20715, -0.121571, 0.0518188)
(0.207195, -0.121379, 0.0518596)
(0.207258, -0.121111, 0.0519163)
(0.207611, -0.119616, 0.0522312)
(0.207904, -0.118375, 0.0524904)
(0.207904, -0.118373, 0.0524909)
(0.208669, -0.115115, 0.0531657)
(0.208955, -0.113882, 0.0534192)
(0.208961, -0.113855, 0.0534247)
(0.209599, -0.111034, 0.0539998)
(0.209608, -0.110989, 0.0540088)
(0.210274, -0.107912, 0.0546297)
(0.210552, -0.106534, 0.0548994)
(0.210746, -0.105502, 0.0550937)
(0.210918, -0.104591, 0.0552652)
(0.211098, -0.103562, 0.0554514)
(0.21125, -0.102697, 0.0556077)
(0.211485, -0.101297, 0.0558585)
(0.212387, -0.0958144, 0.0568042)
(0.212418, -0.0956272, 0.0568364)
(0.212803, -0.0932676, 0.0572427)
(0.21303, -0.091866, 0.0574846)
(0.213031, -0.0918607, 0.0574855)
(0.213335, -0.0899955, 0.0578021)
(0.213433, -0.0893935, 0.0579021)
(0.213537, -0.0887528, 0.0580085)
(0.213859, -0.086775, 0.0583235)
(0.214073, -0.085455, 0.0585338)
(0.214212, -0.0845796, 0.0586694)
(0.214337, -0.0837974, 0.0587907)
(0.214537, -0.0825397, 0.0589831)
(0.214653, -0.0818151, 0.0590939)
(0.214653, -0.0818151, 0.0590939)
(0.215056, -0.0793795, 0.0594543)
(0.215403, -0.0772818, 0.0597646)
(0.215634, -0.0759352, 0.0599599)
(0.215893, -0.0744316, 0.0601766)
(0.216277, -0.0722015, 0.0604804)
(0.216292, -0.0721143, 0.0604912)
(0.216917, -0.0684126, 0.0609462)
(0.217247, -0.0663868, 0.0611651)
(0.217812, -0.0628026, 0.0615158)
(0.218314, -0.0595833, 0.0618254)
(0.219436, -0.0520731, 0.0624757)
(0.219753, -0.0499368, 0.0626554)
(0.22017, -0.0471172, 0.0628928)
(0.220489, -0.044975, 0.0630692)
(0.220793, -0.0429345, 0.0632369)
(0.221082, -0.0409768, 0.0633854)
(0.221334, -0.039265, 0.0635123)
(0.221812, -0.0359929, 0.0637079)
(0.222059, -0.0343116, 0.0637968)
(0.222172, -0.033564, 0.0638299)
(0.222349, -0.0323832, 0.0638822)
(0.222803, -0.0294238, 0.0639959)
(0.223649, -0.0240787, 0.0641615)
(0.223649, -0.0240787, 0.0641615)
(0.224416, -0.0193536, 0.0643093)
(0.224717, -0.0175042, 0.0643671)
(0.225003, -0.015757, 0.0644227)
(0.225359, -0.0135894, 0.0644917)
(0.225934, -0.0101729, 0.0646104)
(0.226318, -0.00800524, 0.0646923)
(0.226571, -0.00668412, 0.0647499)
(0.226742, -0.00579027, 0.0647889)
(0.226971, -0.00470683, 0.0648421)
(0.227225, -0.00351166, 0.0649008)
(0.22768, -0.00155129, 0.0650121)
(0.227971, -0.000408944, 0.0650799)
(0.228802, 0.00257235, 0.065275)
(0.229227, 0.00396977, 0.0653771)
(0.229283, 0.00415358, 0.0653905)
(0.230142, 0.00690362, 0.0655926)
(0.230425, 0.00776058, 0.0656565)
(0.23069, 0.00851526, 0.0657167)
(0.231162, 0.00986151, 0.065824)
(0.231672, 0.0112759, 0.0659385)
(0.232093, 0.0123956, 0.0660318)
(0.23246, 0.0133389, 0.0661128)
(0.233267, 0.0153621, 0.0662638)
(0.233769, 0.0165887, 0.0663538)
(0.236353, 0.0228376, 0.0667822)
(0.236399, 0.0229474, 0.0667897)
(0.237565, 0.0257797, 0.0669764)
(0.238115, 0.0271135, 0.0670643)
(0.238137, 0.0271698, 0.0670679)
(0.239253, 0.0299168, 0.0672428)
(0.239654, 0.0309195, 0.0673043)
(0.240407, 0.0328268, 0.0674158)
(0.240472, 0.0329977, 0.0674239)
(0.241697, 0.0362393, 0.0675788)
(0.241808, 0.0365526, 0.0675901)
(0.24319, 0.0405971, 0.0677252)
(0.243903, 0.0428236, 0.0677871)
(0.243992, 0.0431111, 0.0677952)
(0.245349, 0.0477725, 0.0679357)
(0.246256, 0.051204, 0.068048)
(0.246287, 0.0513299, 0.0680521)
(0.247099, 0.0545626, 0.0681594)
(0.247487, 0.0561566, 0.0682129)
(0.248054, 0.0585731, 0.0682818)
(0.248363, 0.0598887, 0.0683193)
(0.248659, 0.0612383, 0.0683405)
(0.248964, 0.0626317, 0.0683617)
(0.249939, 0.0672382, 0.0684065)
(0.250406, 0.0695575, 0.0684081)
(0.250885, 0.071945, 0.0684091)
(0.251331, 0.0742929, 0.0683984)
(0.251615, 0.0757897, 0.0683914)
(0.251931, 0.0774947, 0.0683771)
(0.252211, 0.0790029, 0.0683645)
(0.252433, 0.0802201, 0.0683546)
(0.252559, 0.0809147, 0.0683489)
(0.25272, 0.081844, 0.0683416)
(0.253123, 0.0841859, 0.0683318)
(0.253595, 0.0869475, 0.0683409)
(0.25387, 0.0885326, 0.0683672)
(0.255804, 0.0978132, 0.0690711)
(0.25618, 0.099487, 0.0692542)
(0.256406, 0.10049, 0.069364)
</SamplePoints>
<SampleFrames Num="130">((-0.215182, 0.739287, 0.638085, 0.205688), (-0.100657, 0.633121, -0.767480, -0.127770), (-0.971373, -0.229376, -0.061822, 0.050457), (0.000000, 0.000000, 0.000000, 1.000000)
((0.215182, 0.707593, 0.673059, 0.205781), (-0.100657, 0.701604, -0.705422, -0.127383), (-0.971373, 0.084046, 0.222197, 0.050543), (0.000000, 0.000000, 0.000000, 1.000000)
((0.216775, 0.706536, 0.673658, 0.205844), (-0.103850, 0.702841, -0.703726, -0.127114), (-0.970682, 0.082591, 0.225732, 0.050603), (0.000000, 0.000000, 0.000000, 1.000000)
((0.216775, 0.706536, 0.673658, 0.205875), (-0.103850, 0.702841, -0.703726, -0.126985), (-0.970682, 0.082591, 0.225732, 0.050631), (0.000000, 0.000000, 0.000000, 1.000000)
((0.218761, 0.705423, 0.674182, 0.205987), (-0.105731, 0.703986, -0.702300, -0.126510), (-0.970033, 0.082354, 0.228590, 0.050737), (0.000000, 0.000000, 0.000000, 1.000000)
((0.218591, 0.705426, 0.674235, 0.206186), (-0.105938, 0.704016, -0.702239, -0.125664), (-0.970049, 0.082076, 0.228623, 0.050924), (0.000000, 0.000000, 0.000000, 1.000000)
((0.218593, 0.705533, 0.674122, 0.206385), (-0.105765, 0.703889, -0.702392, -0.124823), (-0.970067, 0.082239, 0.228486, 0.051109), (0.000000, 0.000000, 0.000000, 1.000000)
((0.218591, 0.705426, 0.674234, 0.206612), (-0.105938, 0.704015, -0.702239, -0.123856), (-0.970049, 0.082076, 0.228623, 0.051323), (0.000000, 0.000000, 0.000000, 1.000000)
((0.220739, 0.703978, 0.675048, 0.206902), (-0.108131, 0.705518, -0.700395, -0.122625), (-0.969320, 0.081611, 0.231857, 0.051592), (0.000000, 0.000000, 0.000000, 1.000000)
((0.220569, 0.703982, 0.675099, 0.207071), (-0.108339, 0.705545, -0.700334, -0.121906), (-0.969336, 0.081333, 0.231890, 0.051747), (0.000000, 0.000000, 0.000000, 1.000000)
((0.219835, 0.701969, 0.677431, 0.207150), (-0.109893, 0.707818, -0.697795, -0.121571), (-0.969328, 0.078955, 0.232745, 0.051819), (0.000000, 0.000000, 0.000000, 1.000000)
((0.222315, 0.700501, 0.678141, 0.207195), (-0.111678, 0.709265, -0.696040, -0.121379), (-0.968558, 0.079007, 0.235911, 0.051860), (0.000000, 0.000000, 0.000000, 1.000000)
((0.222147, 0.700613, 0.678080, 0.207258), (-0.111711, 0.709167, -0.696135, -0.121111), (-0.968592, 0.078895, 0.235806, 0.051916), (0.000000, 0.000000, 0.000000, 1.000000)
((0.224284, 0.699139, 0.678897, 0.207611), (-0.113910, 0.710677, -0.694235, -0.119616), (-0.967844, 0.078373, 0.239032, 0.052231), (0.000000, 0.000000, 0.000000, 1.000000)
((0.221639, 0.700735, 0.678120, 0.207904), (-0.112160, 0.709120, -0.696110, -0.118375), (-0.968657, 0.078227, 0.235763, 0.052490), (0.000000, 0.000000, 0.000000, 1.000000)
((0.221639, 0.700735, 0.678120, 0.207904), (-0.112160, 0.709120, -0.696110, -0.118373), (-0.968657, 0.078227, 0.235763, 0.052491), (0.000000, 0.000000, 0.000000, 1.000000)
((0.221288, 0.698446, 0.680591, 0.208669), (-0.112761, 0.711537, -0.693541, -0.115115), (-0.968667, 0.076728, 0.236212, 0.053166), (0.000000, 0.000000, 0.000000, 1.000000)
((0.218815, 0.699907, 0.679890, 0.208955), (-0.110968, 0.710105, -0.695297, -0.113882), (-0.969436, 0.076695, 0.233049, 0.053419), (0.000000, 0.000000, 0.000000, 1.000000)
((0.218815, 0.699907, 0.679890, 0.208961), (-0.110968, 0.710105, -0.695297, -0.113855), (-0.969436, 0.076695, 0.233049, 0.053425), (0.000000, 0.000000, 0.000000, 1.000000)
((0.218797, 0.699266, 0.680555, 0.209599), (-0.112011, 0.710842, -0.694375, -0.111034), (-0.969320, 0.075698, 0.233856, 0.054000), (0.000000, 0.000000, 0.000000, 1.000000)
((0.218797, 0.699266, 0.680555, 0.209608), (-0.112011, 0.710842, -0.694375, -0.110989), (-0.969320, 0.075698, 0.233856, 0.054009), (0.000000, 0.000000, 0.000000, 1.000000)
((0.217944, 0.699285, 0.680809, 0.210274), (-0.113049, 0.710971, -0.694075, -0.107912), (-0.969392, 0.074305, 0.234005, 0.054630), (0.000000, 0.000000, 0.000000, 1.000000)
((0.217766, 0.701270, 0.678822, 0.210552), (-0.113599, 0.708998, -0.696001, -0.106534), (-0.969367, 0.074452, 0.234059, 0.054899), (0.000000, 0.000000, 0.000000, 1.000000)
((0.220227, 0.699391, 0.679965, 0.210746), (-0.116083, 0.710916, -0.693630, -0.105502), (-0.968517, 0.073824, 0.237750, 0.055094), (0.000000, 0.000000, 0.000000, 1.000000)
((0.222696, 0.697813, 0.680781, 0.210918), (-0.118045, 0.712481, -0.691691, -0.104591), (-0.967715, 0.073674, 0.241040, 0.055265), (0.000000, 0.000000, 0.000000, 1.000000)
((0.224828, 0.696444, 0.681483, 0.211098), (-0.120073, 0.713860, -0.689918, -0.103562), (-0.966972, 0.073285, 0.244120, 0.055451), (0.000000, 0.000000, 0.000000, 1.000000)
((0.224657, 0.696451, 0.681531, 0.211250), (-0.120281, 0.713881, -0.689860, -0.102697), (-0.966986, 0.073007, 0.244148, 0.055608), (0.000000, 0.000000, 0.000000, 1.000000)
((0.221848, 0.698058, 0.680807, 0.211485), (-0.118735, 0.712349, -0.691709, -0.101297), (-0.967825, 0.072619, 0.240917, 0.055858), (0.000000, 0.000000, 0.000000, 1.000000)
((0.228881, 0.694482, 0.682135, 0.212387), (-0.126563, 0.716018, -0.686512, -0.095814), (-0.965192, 0.070797, 0.251779, 0.056804), (0.000000, 0.000000, 0.000000, 1.000000)
((0.228875, 0.694377, 0.682244, 0.212418), (-0.126738, 0.716138, -0.686356, -0.095627), (-0.965170, 0.070623, 0.251910, 0.056836), (0.000000, 0.000000, 0.000000, 1.000000)
((0.226068, 0.697682, 0.679803, 0.212803), (-0.126038, 0.712954, -0.689791, -0.093268), (-0.965923, 0.070259, 0.249111, 0.057243), (0.000000, 0.000000, 0.000000, 1.000000)
((0.226213, 0.697144, 0.680307, 0.213030), (-0.126703, 0.713537, -0.689066, -0.091866), (-0.965802, 0.069679, 0.249742, 0.057485), (0.000000, 0.000000, 0.000000, 1.000000)
((0.226213, 0.697144, 0.680307, 0.213031), (-0.126703, 0.713537, -0.689066, -0.091861), (-0.965802, 0.069679, 0.249742, 0.057486), (0.000000, 0.000000, 0.000000, 1.000000)
((0.228170, 0.695656, 0.681176, 0.213335), (-0.129102, 0.715071, -0.687027, -0.089996), (-0.965024, 0.068818, 0.252968, 0.057802), (0.000000, 0.000000, 0.000000, 1.000000)
((0.228164, 0.695551, 0.681286, 0.213433), (-0.129276, 0.715190, -0.686870, -0.089393), (-0.965002, 0.068645, 0.253099, 0.057902), (0.000000, 0.000000, 0.000000, 1.000000)
((0.228152, 0.695340, 0.681505, 0.213537), (-0.129626, 0.715428, -0.686556, -0.088753), (-0.964958, 0.068298, 0.253361, 0.058008), (0.000000, 0.000000, 0.000000, 1.000000)
((0.230292, 0.695592, 0.680528, 0.213859), (-0.132466, 0.715223, -0.686228, -0.086775), (-0.964063, 0.067886, 0.256853, 0.058324), (0.000000, 0.000000, 0.000000, 1.000000)
((0.230113, 0.695498, 0.680684, 0.214073), (-0.132849, 0.715357, -0.686015, -0.085455), (-0.964053, 0.067433, 0.257009, 0.058534), (0.000000, 0.000000, 0.000000, 1.000000)
((0.229796, 0.697494, 0.678746, 0.214212), (-0.133566, 0.713412, -0.687898, -0.084580), (-0.964030, 0.067419, 0.257101, 0.058669), (0.000000, 0.000000, 0.000000, 1.000000)
((0.229617, 0.697402, 0.678901, 0.214337), (-0.133949, 0.713545, -0.687685, -0.083797), (-0.964020, 0.066966, 0.257258, 0.058791), (0.000000, 0.000000, 0.000000, 1.000000)
((0.229776, 0.697180, 0.679075, 0.214537), (-0.134091, 0.713768, -0.687426, -0.082540), (-0.963962, 0.066896, 0.257492, 0.058983), (0.000000, 0.000000, 0.000000, 1.000000)
((0.229770, 0.697074, 0.679186, 0.214653), (-0.134266, 0.713888, -0.687268, -0.081815), (-0.963939, 0.066722, 0.257623, 0.059094), (0.000000, 0.000000, 0.000000, 1.000000)
((0.229770, 0.697074, 0.679186, 0.214653), (-0.134266, 0.713888, -0.687268, -0.081815), (-0.963939, 0.066722, 0.257623, 0.059094), (0.000000, 0.000000, 0.000000, 1.000000)
((0.229286, 0.699184, 0.677178, 0.215056), (-0.135016, 0.711833, -0.689250, -0.079379), (-0.963950, 0.066605, 0.257614, 0.059454), (0.000000, 0.000000, 0.000000, 1.000000)
((0.230006, 0.700526, 0.675544, 0.215403), (-0.134514, 0.710377, -0.690848, -0.077282), (-0.963848, 0.068029, 0.257621, 0.059765), (0.000000, 0.000000, 0.000000, 1.000000)
((0.229820, 0.700330, 0.675811, 0.215634), (-0.135072, 0.710630, -0.690479, -0.075935), (-0.963814, 0.067403, 0.257912, 0.059960), (0.000000, 0.000000, 0.000000, 1.000000)
((0.229820, 0.700330, 0.675811, 0.215893), (-0.135072, 0.710630, -0.690479, -0.074432), (-0.963814, 0.067403, 0.257912, 0.060177), (0.000000, 0.000000, 0.000000, 1.000000)
((0.229462, 0.700147, 0.676122, 0.216277), (-0.135838, 0.710895, -0.690055, -0.072201), (-0.963792, 0.066498, 0.258230, 0.060480), (0.000000, 0.000000, 0.000000, 1.000000)
((0.229462, 0.700147, 0.676122, 0.216292), (-0.135838, 0.710895, -0.690055, -0.072114), (-0.963792, 0.066498, 0.258230, 0.060491), (0.000000, 0.000000, 0.000000, 1.000000)
((0.227827, 0.702598, 0.674130, 0.216917), (-0.134100, 0.708380, -0.692975, -0.068413), (-0.964423, 0.067478, 0.255607, 0.060946), (0.000000, 0.000000, 0.000000, 1.000000)
((0.228362, 0.704173, 0.672303, 0.217247), (-0.133496, 0.706676, -0.694830, -0.066387), (-0.964380, 0.068923, 0.255382, 0.061165), (0.000000, 0.000000, 0.000000, 1.000000)
((0.225833, 0.705171, 0.672111, 0.217812), (-0.132628, 0.705767, -0.695919, -0.062803), (-0.965096, 0.068021, 0.252911, 0.061516), (0.000000, 0.000000, 0.000000, 1.000000)
((0.227984, 0.703677, 0.672950, 0.218314), (-0.134786, 0.707306, -0.693939, -0.059583), (-0.964290, 0.067503, 0.256100, 0.061825), (0.000000, 0.000000, 0.000000, 1.000000)
((0.228401, 0.705528, 0.670867, 0.219436), (-0.132249, 0.705179, -0.696587, -0.052073), (-0.964543, 0.070380, 0.254369, 0.062476), (0.000000, 0.000000, 0.000000, 1.000000)
((0.226029, 0.708577, 0.668453, 0.219753), (-0.131367, 0.702115, -0.699841, -0.049937), (-0.965222, 0.070372, 0.251782, 0.062655), (0.000000, 0.000000, 0.000000, 1.000000)
((0.229040, 0.706485, 0.669642, 0.220170), (-0.132539, 0.704156, -0.697565, -0.047117), (-0.964352, 0.071017, 0.254917, 0.062893), (0.000000, 0.000000, 0.000000, 1.000000)
((0.223985, 0.711257, 0.666291, 0.220489), (-0.129802, 0.699342, -0.702903, -0.044975), (-0.965910, 0.070954, 0.248965, 0.063069), (0.000000, 0.000000, 0.000000, 1.000000)
((0.224832, 0.710675, 0.666627, 0.220793), (-0.128834, 0.699817, -0.702608, -0.042934), (-0.965843, 0.072085, 0.248900, 0.063237), (0.000000, 0.000000, 0.000000, 1.000000)
((0.220279, 0.712780, 0.665899, 0.221082), (-0.126145, 0.697751, -0.705146, -0.040977), (-0.967246, 0.071329, 0.243614, 0.063385), (0.000000, 0.000000, 0.000000, 1.000000)
((0.223092, 0.713028, 0.664696, 0.221334), (-0.127412, 0.697361, -0.705304, -0.039265), (-0.966435, 0.072657, 0.246424, 0.063512), (0.000000, 0.000000, 0.000000, 1.000000)
((0.220715, 0.713873, 0.664583, 0.221812), (-0.126524, 0.696586, -0.706230, -0.035993), (-0.967097, 0.071790, 0.244069, 0.063708), (0.000000, 0.000000, 0.000000, 1.000000)
((0.220861, 0.713348, 0.665098, 0.222059), (-0.127187, 0.697181, -0.705523, -0.034312), (-0.966977, 0.071231, 0.244709, 0.063797), (0.000000, 0.000000, 0.000000, 1.000000)
((0.223521, 0.714120, 0.663378, 0.222172), (-0.127802, 0.696195, -0.706385, -0.033564), (-0.966284, 0.073111, 0.246880, 0.063830), (0.000000, 0.000000, 0.000000, 1.000000)
((0.220999, 0.715597, 0.662632, 0.222349), (-0.126082, 0.694693, -0.708170, -0.032383), (-0.967090, 0.072959, 0.243750, 0.063882), (0.000000, 0.000000, 0.000000, 1.000000)
((0.221166, 0.715383, 0.662807, 0.222803), (-0.125441, 0.694859, -0.708121, -0.029424), (-0.967135, 0.073469, 0.243418, 0.063996), (0.000000, 0.000000, 0.000000, 1.000000)
((0.219531, 0.717203, 0.661382, 0.223649), (-0.124742, 0.692990, -0.710074, -0.024079), (-0.967598, 0.073381, 0.241598, 0.064161), (0.000000, 0.000000, 0.000000, 1.000000)
((0.219531, 0.717203, 0.661382, 0.223649), (-0.124742, 0.692990, -0.710074, -0.024079), (-0.967598, 0.073381, 0.241598, 0.064161), (0.000000, 0.000000, 0.000000, 1.000000)
((0.217729, 0.719541, 0.659435, 0.224416), (-0.123406, 0.690517, -0.712711, -0.019354), (-0.968176, 0.073800, 0.239141, 0.064309), (0.000000, 0.000000, 0.000000, 1.000000)
((0.217720, 0.719336, 0.659662, 0.224717), (-0.123753, 0.690767, -0.712409, -0.017504), (-0.968134, 0.073471, 0.239414, 0.064367), (0.000000, 0.000000, 0.000000, 1.000000)
((0.217877, 0.719020, 0.659954, 0.225003), (-0.124067, 0.691118, -0.712014, -0.015757), (-0.968058, 0.073253, 0.239785, 0.064423), (0.000000, 0.000000, 0.000000, 1.000000)
((0.218534, 0.718389, 0.660424, 0.225359), (-0.123517, 0.691703, -0.711541, -0.013589), (-0.967981, 0.073922, 0.239894, 0.064492), (0.000000, 0.000000, 0.000000, 1.000000)
((0.218590, 0.720038, 0.658607, 0.225934), (-0.123541, 0.689919, -0.713267, -0.010173), (-0.967965, 0.074548, 0.239764, 0.064610), (0.000000, 0.000000, 0.000000, 1.000000)
((0.213845, 0.722470, 0.657501, 0.226318), (-0.120393, 0.687432, -0.716201, -0.008005), (-0.969420, 0.073997, 0.233984, 0.064692), (0.000000, 0.000000, 0.000000, 1.000000)
((0.213883, 0.723892, 0.655922, 0.226571), (-0.121539, 0.685963, -0.717414, -0.006684), (-0.969269, 0.073723, 0.234697, 0.064750), (0.000000, 0.000000, 0.000000, 1.000000)
((0.211500, 0.724980, 0.655494, 0.226742), (-0.120142, 0.684864, -0.718698, -0.005790), (-0.969966, 0.073252, 0.231949, 0.064789), (0.000000, 0.000000, 0.000000, 1.000000)
((0.214256, 0.725530, 0.653988, 0.226971), (-0.121187, 0.684108, -0.719242, -0.004707), (-0.969231, 0.074847, 0.234499, 0.064842), (0.000000, 0.000000, 0.000000, 1.000000)
((0.214072, 0.725228, 0.654383, 0.227225), (-0.121914, 0.684512, -0.718735, -0.003512), (-0.969180, 0.074083, 0.234950, 0.064901), (0.000000, 0.000000, 0.000000, 1.000000)
((0.209173, 0.729420, 0.651301, 0.227680), (-0.119464, 0.680107, -0.723314, -0.001551), (-0.970554, 0.073491, 0.229399, 0.065012), (0.000000, 0.000000, 0.000000, 1.000000)
((0.212369, 0.727541, 0.652368, 0.227971), (-0.120473, 0.681996, -0.721365, -0.000409), (-0.969735, 0.074603, 0.232484, 0.065080), (0.000000, 0.000000, 0.000000, 1.000000)
((0.209995, 0.730031, 0.650351, 0.228802), (-0.120259, 0.679418, -0.723829, 0.002572), (-0.970278, 0.073790, 0.230467, 0.065275), (0.000000, 0.000000, 0.000000, 1.000000)
((0.210496, 0.731465, 0.648575, 0.229227), (-0.120103, 0.677764, -0.725405, 0.003970), (-0.970189, 0.074799, 0.230518, 0.065377), (0.000000, 0.000000, 0.000000, 1.000000)
((0.210496, 0.731465, 0.648575, 0.229283), (-0.120103, 0.677764, -0.725405, 0.004154), (-0.970189, 0.074799, 0.230518, 0.065390), (0.000000, 0.000000, 0.000000, 1.000000)
((0.211456, 0.732727, 0.646836, 0.230142), (-0.118987, 0.676178, -0.727067, 0.006904), (-0.970118, 0.076777, 0.230167, 0.065593), (0.000000, 0.000000, 0.000000, 1.000000)
((0.209222, 0.733793, 0.646354, 0.230425), (-0.117407, 0.675052, -0.728369, 0.007761), (-0.970794, 0.076504, 0.227388, 0.065656), (0.000000, 0.000000, 0.000000, 1.000000)
((0.206659, 0.736858, 0.643687, 0.230690), (-0.116417, 0.671734, -0.731588, 0.008515), (-0.971462, 0.076253, 0.224603, 0.065717), (0.000000, 0.000000, 0.000000, 1.000000)
((0.210027, 0.735026, 0.644690, 0.231162), (-0.117233, 0.673573, -0.729764, 0.009862), (-0.970642, 0.077691, 0.227638, 0.065824), (0.000000, 0.000000, 0.000000, 1.000000)
((0.210330, 0.736875, 0.642476, 0.231672), (-0.116660, 0.671399, -0.731856, 0.011276), (-0.970645, 0.078980, 0.227179, 0.065939), (0.000000, 0.000000, 0.000000, 1.000000)
((0.210788, 0.736718, 0.642507, 0.232093), (-0.115701, 0.671458, -0.731955, 0.012396), (-0.970660, 0.079949, 0.226774, 0.066032), (0.000000, 0.000000, 0.000000, 1.000000)
((0.213659, 0.737282, 0.640910, 0.232460), (-0.116645, 0.670619, -0.732573, 0.013339), (-0.969920, 0.081762, 0.229284, 0.066113), (0.000000, 0.000000, 0.000000, 1.000000)
((0.214889, 0.738667, 0.638901, 0.233267), (-0.115066, 0.668776, -0.734505, 0.015362), (-0.969836, 0.084321, 0.228708, 0.066264), (0.000000, 0.000000, 0.000000, 1.000000)
((0.215670, 0.738309, 0.639051, 0.233769), (-0.114060, 0.669020, -0.734440, 0.016589), (-0.969782, 0.085506, 0.228499, 0.066354), (0.000000, 0.000000, 0.000000, 1.000000)
((0.214291, 0.744063, 0.632811, 0.236353), (-0.112430, 0.662344, -0.740716, 0.022838), (-0.970278, 0.087582, 0.225589, 0.066782), (0.000000, 0.000000, 0.000000, 1.000000)
((0.214288, 0.743964, 0.632929, 0.236399), (-0.112603, 0.662476, -0.740571, 0.022947), (-0.970258, 0.087426, 0.225733, 0.066790), (0.000000, 0.000000, 0.000000, 1.000000)
((0.212657, 0.746578, 0.630396, 0.237565), (-0.110079, 0.659350, -0.743734, 0.025780), (-0.970907, 0.088767, 0.222398, 0.066976), (0.000000, 0.000000, 0.000000, 1.000000)
((0.212982, 0.745971, 0.631004, 0.238115), (-0.110704, 0.660088, -0.742987, 0.027114), (-0.970764, 0.088388, 0.223169, 0.067064), (0.000000, 0.000000, 0.000000, 1.000000)
((0.212982, 0.745971, 0.631004, 0.238137), (-0.110704, 0.660088, -0.742987, 0.027170), (-0.970764, 0.088388, 0.223169, 0.067068), (0.000000, 0.000000, 0.000000, 1.000000)
((0.216285, 0.745819, 0.630060, 0.239253), (-0.112344, 0.660060, -0.742765, 0.029917), (-0.969845, 0.089866, 0.226549, 0.067243), (0.000000, 0.000000, 0.000000, 1.000000)
((0.216443, 0.745414, 0.630485, 0.239654), (-0.112830, 0.660564, -0.742243, 0.030919), (-0.969754, 0.089516, 0.227080, 0.067304), (0.000000, 0.000000, 0.000000, 1.000000)
((0.216635, 0.747073, 0.628452, 0.240407), (-0.112781, 0.658580, -0.744011, 0.032827), (-0.969716, 0.090301, 0.226927, 0.067416), (0.000000, 0.000000, 0.000000, 1.000000)
((0.216635, 0.747073, 0.628452, 0.240472), (-0.112781, 0.658580, -0.744011, 0.032998), (-0.969716, 0.090301, 0.226927, 0.067424), (0.000000, 0.000000, 0.000000, 1.000000)
((0.219074, 0.746921, 0.627786, 0.241697), (-0.115474, 0.658741, -0.743455, 0.036239), (-0.968851, 0.090379, 0.230563, 0.067579), (0.000000, 0.000000, 0.000000, 1.000000)
((0.219074, 0.746921, 0.627786, 0.241808), (-0.115474, 0.658741, -0.743455, 0.036553), (-0.968851, 0.090379, 0.230563, 0.067590), (0.000000, 0.000000, 0.000000, 1.000000)
((0.218022, 0.748664, 0.626073, 0.243190), (-0.113821, 0.656633, -0.745572, 0.040597), (-0.969284, 0.091291, 0.228374, 0.067725), (0.000000, 0.000000, 0.000000, 1.000000)
((0.218663, 0.749514, 0.624832, 0.243903), (-0.114602, 0.655622, -0.746342, 0.042824), (-0.969047, 0.091590, 0.229256, 0.067787), (0.000000, 0.000000, 0.000000, 1.000000)
((0.218663, 0.749514, 0.624832, 0.243992), (-0.114602, 0.655622, -0.746342, 0.043111), (-0.969047, 0.091590, 0.229256, 0.067795), (0.000000, 0.000000, 0.000000, 1.000000)
((0.222468, 0.748514, 0.624687, 0.245349), (-0.116473, 0.656560, -0.745226, 0.047772), (-0.967958, 0.093030, 0.233245, 0.067936), (0.000000, 0.000000, 0.000000, 1.000000)
((0.225594, 0.748120, 0.624038, 0.246256), (-0.118158, 0.656833, -0.744721, 0.051204), (-0.967030, 0.094269, 0.236574, 0.068048), (0.000000, 0.000000, 0.000000, 1.000000)
((0.225594, 0.748120, 0.624038, 0.246287), (-0.118158, 0.656833, -0.744721, 0.051330), (-0.967030, 0.094269, 0.236574, 0.068052), (0.000000, 0.000000, 0.000000, 1.000000)
((0.226366, 0.748860, 0.622870, 0.247099), (-0.118968, 0.655938, -0.745381, 0.054563), (-0.966750, 0.094627, 0.237572, 0.068159), (0.000000, 0.000000, 0.000000, 1.000000)
((0.226908, 0.748459, 0.623154, 0.247487), (-0.118463, 0.656304, -0.745139, 0.056157), (-0.966685, 0.095257, 0.237585, 0.068213), (0.000000, 0.000000, 0.000000, 1.000000)
((0.232675, 0.744734, 0.625486, 0.248054), (-0.121660, 0.660374, -0.741017, 0.058573), (-0.964915, 0.096319, 0.244257, 0.068282), (0.000000, 0.000000, 0.000000, 1.000000)
((0.233160, 0.744099, 0.626061, 0.248363), (-0.122085, 0.661111, -0.740289, 0.059889), (-0.964744, 0.096173, 0.244988, 0.068319), (0.000000, 0.000000, 0.000000, 1.000000)
((0.232895, 0.745874, 0.624045, 0.248659), (-0.122989, 0.659128, -0.741905, 0.061238), (-0.964694, 0.096035, 0.245242, 0.068340), (0.000000, 0.000000, 0.000000, 1.000000)
((0.235727, 0.744343, 0.624808, 0.248964), (-0.123794, 0.660688, -0.740383, 0.062632), (-0.963902, 0.097181, 0.247887, 0.068362), (0.000000, 0.000000, 0.000000, 1.000000)
((0.244259, 0.740876, 0.625652, 0.249939), (-0.127575, 0.664138, -0.736645, 0.067238), (-0.961282, 0.100115, 0.256739, 0.068407), (0.000000, 0.000000, 0.000000, 1.000000)
((0.247496, 0.740419, 0.624921, 0.250406), (-0.128967, 0.664423, -0.736145, 0.069557), (-0.960267, 0.101599, 0.259932, 0.068408), (0.000000, 0.000000, 0.000000, 1.000000)
((0.248109, 0.741809, 0.623026, 0.250885), (-0.128476, 0.662651, -0.737826, 0.071945), (-0.960175, 0.103017, 0.259714, 0.068409), (0.000000, 0.000000, 0.000000, 1.000000)
((0.248931, 0.740774, 0.623928, 0.251331), (-0.128662, 0.663790, -0.736769, 0.074293), (-0.959937, 0.103129, 0.260548, 0.068398), (0.000000, 0.000000, 0.000000, 1.000000)
((0.249346, 0.742434, 0.621786, 0.251615), (-0.128422, 0.661745, -0.738648, 0.075790), (-0.959862, 0.104328, 0.260348, 0.068391), (0.000000, 0.000000, 0.000000, 1.000000)
((0.250351, 0.741683, 0.622279, 0.251931), (-0.127880, 0.662448, -0.738112, 0.077495), (-0.959672, 0.105210, 0.260691, 0.068377), (0.000000, 0.000000, 0.000000, 1.000000)
((0.250573, 0.743266, 0.620297, 0.252211), (-0.128053, 0.660555, -0.739777, 0.079003), (-0.959591, 0.105937, 0.260694, 0.068364), (0.000000, 0.000000, 0.000000, 1.000000)
((0.254070, 0.741418, 0.621085, 0.252433), (-0.127877, 0.662270, -0.738272, 0.080220), (-0.958695, 0.108150, 0.263073, 0.068355), (0.000000, 0.000000, 0.000000, 1.000000)
((0.251603, 0.742892, 0.620328, 0.252559), (-0.126480, 0.660689, -0.739928, 0.080915), (-0.959530, 0.107709, 0.260192, 0.068349), (0.000000, 0.000000, 0.000000, 1.000000)
((0.254117, 0.743226, 0.618901, 0.252720), (-0.127935, 0.660115, -0.740190, 0.081844), (-0.958675, 0.108916, 0.262831, 0.068342), (0.000000, 0.000000, 0.000000, 1.000000)
((0.249363, 0.747837, 0.615271, 0.253123), (-0.125213, 0.654906, -0.745265, 0.084186), (-0.960281, 0.108802, 0.256948, 0.068332), (0.000000, 0.000000, 0.000000, 1.000000)
((0.251191, 0.746895, 0.615671, 0.253595), (-0.123207, 0.655563, -0.745021, 0.086947), (-0.960064, 0.111288, 0.256694, 0.068341), (0.000000, 0.000000, 0.000000, 1.000000)
((0.248703, 0.750053, 0.612836, 0.253870), (-0.122141, 0.651951, -0.748359, 0.088533), (-0.960848, 0.111267, 0.253754, 0.068367), (0.000000, 0.000000, 0.000000, 1.000000)
((0.228131, 0.770604, 0.595085, 0.255804), (-0.101003, 0.626635, -0.772740, 0.097813), (-0.968377, 0.116181, 0.220788, 0.069071), (0.000000, 0.000000, 0.000000, 1.000000)
((0.223700, 0.775309, 0.590639, 0.256180), (-0.096445, 0.620630, -0.778150, 0.099487), (-0.969875, 0.117108, 0.213610, 0.069254), (0.000000, 0.000000, 0.000000, 1.000000)
((0.221454, 0.778812, 0.586864, 0.256406), (-0.093806, 0.616029, -0.782118, 0.100490), (-0.970649, 0.118152, 0.209479, 0.069364), (0.000000, 0.000000, 0.000000, 1.000000)
</SampleFrames>
<SampleWeights Num="130">0.00574227
0.00497463
0.0270078
0.0286765
0.0418923
0.0487851
0.0639635
0.0711479
0.0827514
0.0878231
0.098257
0.10461
0.109001
0.123944
0.136972
0.136972
0.161691
0.173496
0.173493
0.178637
0.17863
0.198219
0.203222
0.197569
0.206782
0.218164
0.223768
0.23189
0.2387
0.235747
0.233281
0.228164
0.228164
0.240593
0.242185
0.239353
0.2412
0.246732
0.241619
0.240234
0.249425
0.2526
0.2526
0.266851
0.255265
0.256783
0.274435
0.281615
0.281599
0.263161
0.254369
0.268097
0.298764
0.310504
0.307629
0.313605
0.313313
0.309703
0.295511
0.283714
0.294201
0.291903
0.295626
0.299464
0.310174
0.288273
0.288273
0.282414
0.294303
0.299353
0.295316
0.300293
0.304042
0.295906
0.297959
0.295644
0.299032
0.300006
0.294196
0.300215
0.297178
0.295314
0.298716
0.303923
0.305619
0.309901
0.321822
0.330452
0.34007
0.34091
0.348494
0.371341
0.374118
0.377556
0.382645
0.382639
0.410598
0.41685
0.42234
0.422296
0.446431
0.446293
0.422136
0.409537
0.412002
0.405901
0.39621
0.396186
0.392356
0.390665
0.390968
0.3962
0.404144
0.412945
0.417841
0.393659
0.375737
0.360021
0.354791
0.352244
0.344456
0.333871
0.333945
0.333869
0.31783
0.291209
0.279544
0.159812
0.137932
0.128618
</SampleWeights>
</PointSplatMark>
