<PointSplatMark HeadPosAtStart="(-0.305346, 1.1509, -1.62474)" BrushTip="0" BrushInterface="ForceTapeDraw" SuperSamplesPerWidth="20" Draw="0" Width="0.022" Pose="1" LayerIndex="0" Name="tummyfold" RoomToVirtualScaleAtStart="1.03571" RoomToVirtualFrameAtStart="((-0.735205, 0.652485, -0.183674, -0.101637), (0.485417, 0.695927, 0.529203, -0.062300), (0.473121, 0.299914, -0.828377, 0.337027), (0.000000, 0.000000, 0.000000, 1.000000)" ColorSwatch="0.170979"><SamplePoints Num="154">(-0.11938, -0.0187597, 0.0443855)
(-0.119126, -0.0194057, 0.0441819)
(-0.119126, -0.0194069, 0.0441816)
(-0.119125, -0.0194082, 0.0441811)
(-0.118593, -0.0207604, 0.0437264)
(-0.118195, -0.0217705, 0.0433782)
(-0.11773, -0.0229386, 0.0429647)
(-0.117522, -0.0234596, 0.0427782)
(-0.11712, -0.0244723, 0.0423906)
(-0.116621, -0.0257246, 0.0419112)
(-0.116176, -0.0268383, 0.0414649)
(-0.116003, -0.0272695, 0.0412919)
(-0.11519, -0.0293056, 0.0404452)
(-0.115183, -0.0293241, 0.0404372)
(-0.114636, -0.0306998, 0.0398422)
(-0.11429, -0.0315841, 0.0394464)
(-0.11428, -0.0316087, 0.0394349)
(-0.112872, -0.0352467, 0.0377261)
(-0.11271, -0.0356709, 0.0375246)
(-0.112431, -0.0364225, 0.0371695)
(-0.11167, -0.0385072, 0.0361837)
(-0.111191, -0.039839, 0.0355532)
(-0.11098, -0.0404531, 0.0352678)
(-0.110639, -0.0414463, 0.0348061)
(-0.110301, -0.042459, 0.034331)
(-0.110123, -0.042989, 0.0340824)
(-0.109995, -0.0433852, 0.0338982)
(-0.109685, -0.0443515, 0.0334479)
(-0.109466, -0.0450547, 0.0331181)
(-0.108536, -0.0482428, 0.0316017)
(-0.107996, -0.0501655, 0.030695)
(-0.107694, -0.0512398, 0.0301885)
(-0.107118, -0.0533963, 0.029161)
(-0.106524, -0.0557025, 0.0280502)
(-0.106198, -0.0569711, 0.0274388)
(-0.105545, -0.0595069, 0.026223)
(-0.10527, -0.060649, 0.0256808)
(-0.104939, -0.0620272, 0.0250265)
(-0.10461, -0.0634269, 0.0243775)
(-0.104435, -0.0641731, 0.0240314)
(-0.103634, -0.0676808, 0.022444)
(-0.103501, -0.0682624, 0.0221824)
(-0.103441, -0.0685515, 0.0220575)
(-0.103394, -0.0687765, 0.0219604)
(-0.103248, -0.0695052, 0.0216432)
(-0.103001, -0.070746, 0.0211031)
(-0.102631, -0.07279, 0.0202321)
(-0.102214, -0.0751371, 0.0192331)
(-0.101937, -0.0766955, 0.0185699)
(-0.101241, -0.0809551, 0.0167446)
(-0.100932, -0.0828637, 0.0159149)
(-0.100268, -0.087022, 0.0140799)
(-0.0998868, -0.0892933, 0.0130574)
(-0.0997599, -0.0900369, 0.0127172)
(-0.0996209, -0.0908074, 0.0123573)
(-0.0994648, -0.0916392, 0.0119628)
(-0.099334, -0.092251, 0.0116612)
(-0.0990121, -0.0934793, 0.0110138)
(-0.0977513, -0.0974529, 0.0088112)
(-0.0976809, -0.0976199, 0.00871116)
(-0.0961526, -0.101091, 0.00661751)
(-0.0956008, -0.102124, 0.00597098)
(-0.0947479, -0.103721, 0.00497158)
(-0.0944511, -0.104213, 0.00465465)
(-0.0934647, -0.105753, 0.00364512)
(-0.0918804, -0.10802, 0.00212238)
(-0.0907653, -0.10946, 0.0011249)
(-0.0899749, -0.110429, 0.000442503)
(-0.0895129, -0.110943, 7.27216e-05)
(-0.0893793, -0.111079, -2.89837e-05)
(-0.0892339, -0.111213, -0.000132479)
(-0.0867537, -0.113493, -0.00189792)
(-0.0866068, -0.113617, -0.00199528)
(-0.0848751, -0.114946, -0.00308545)
(-0.0838047, -0.115695, -0.00372485)
(-0.0833258, -0.116011, -0.0040004)
(-0.0831496, -0.116123, -0.00410001)
(-0.0827725, -0.11634, -0.00430459)
(-0.0822341, -0.116637, -0.00459196)
(-0.0803281, -0.117623, -0.00558574)
(-0.0800732, -0.117741, -0.00571365)
(-0.0768434, -0.119055, -0.00727611)
(-0.0750371, -0.119727, -0.00812985)
(-0.0739661, -0.120102, -0.00862801)
(-0.0716385, -0.120835, -0.00968287)
(-0.0714436, -0.120889, -0.00976819)
(-0.0688764, -0.121607, -0.0108922)
(-0.068748, -0.12164, -0.0109469)
(-0.0666061, -0.122184, -0.0118581)
(-0.0654181, -0.122472, -0.012343)
(-0.0638467, -0.122853, -0.0129844)
(-0.0631252, -0.123026, -0.0132653)
(-0.0630951, -0.123033, -0.0132766)
(-0.0597617, -0.123829, -0.0145263)
(-0.058638, -0.124097, -0.0149252)
(-0.0564863, -0.1246, -0.0156485)
(-0.0555741, -0.124814, -0.0159551)
(-0.0547095, -0.125006, -0.0162317)
(-0.0541901, -0.125122, -0.0163979)
(-0.0531493, -0.125345, -0.0167096)
(-0.0516468, -0.12566, -0.0171384)
(-0.0509352, -0.125807, -0.0173361)
(-0.0508591, -0.125822, -0.0173557)
(-0.0494722, -0.126096, -0.0177132)
(-0.0494097, -0.126108, -0.0177279)
(-0.04779, -0.126404, -0.0180835)
(-0.0475037, -0.126457, -0.0181463)
(-0.0472669, -0.126497, -0.0181955)
(-0.0469188, -0.126556, -0.0182679)
(-0.0465449, -0.126613, -0.0183419)
(-0.0457205, -0.126723, -0.0184991)
(-0.0452527, -0.126786, -0.0185884)
(-0.0446001, -0.126858, -0.018711)
(-0.0440339, -0.12692, -0.0188173)
(-0.0439426, -0.126928, -0.0188345)
(-0.042739, -0.127026, -0.0190609)
(-0.0426464, -0.127031, -0.0190788)
(-0.0417852, -0.12707, -0.019246)
(-0.0417032, -0.127068, -0.0192635)
(-0.0394, -0.127005, -0.0197656)
(-0.0386992, -0.126974, -0.0199233)
(-0.0381815, -0.126939, -0.0200455)
(-0.035641, -0.126735, -0.0206549)
(-0.0337, -0.126579, -0.0211204)
(-0.0336951, -0.126578, -0.0211216)
(-0.0311509, -0.126358, -0.0217321)
(-0.0286182, -0.126157, -0.0223263)
(-0.0259398, -0.125982, -0.0229287)
(-0.023216, -0.125901, -0.0234714)
(-0.0231337, -0.125901, -0.0234864)
(-0.0226393, -0.125904, -0.0235697)
(-0.022079, -0.125908, -0.0236641)
(-0.0217376, -0.125913, -0.0237179)
(-0.0213944, -0.125921, -0.0237697)
(-0.0213943, -0.125921, -0.0237697)
(-0.020452, -0.125937, -0.0239116)
(-0.0198752, -0.125944, -0.0239994)
(-0.0189106, -0.125948, -0.0241504)
(-0.0177871, -0.125948, -0.0243314)
(-0.0171557, -0.125948, -0.024433)
(-0.0163369, -0.125945, -0.0245702)
(-0.0161777, -0.125945, -0.0245969)
(-0.0159487, -0.125944, -0.0246362)
(-0.015317, -0.125941, -0.0247445)
(-0.0153149, -0.125941, -0.0247449)
(-0.014091, -0.125943, -0.0249561)
(-0.0140872, -0.125943, -0.0249568)
(-0.0127227, -0.125954, -0.0251914)
(-0.0127187, -0.125954, -0.0251921)
(-0.0111301, -0.125977, -0.0254612)
(-0.0111259, -0.125977, -0.0254619)
(-0.00990392, -0.126, -0.0256639)
(-0.00990008, -0.126, -0.0256645)
(-0.00841631, -0.126031, -0.0258992)
</SamplePoints>
<SampleFrames Num="154">((-0.031636, 0.172173, -0.984559, -0.119380), (-0.854111, 0.506967, 0.116099, -0.018760), (0.519128, 0.844595, 0.131016, 0.044385), (0.000000, 0.000000, 0.000000, 1.000000)
((0.031713, 0.171709, -0.984637, -0.119126), (-0.853763, 0.516881, 0.062640, -0.019406), (0.519696, 0.838660, 0.162991, 0.044182), (0.000000, 0.000000, 0.000000, 1.000000)
((0.031713, 0.171709, -0.984637, -0.119126), (-0.853763, 0.516881, 0.062640, -0.019407), (0.519696, 0.838660, 0.162991, 0.044182), (0.000000, 0.000000, 0.000000, 1.000000)
((0.031713, 0.171709, -0.984637, -0.119125), (-0.853763, 0.516881, 0.062640, -0.019408), (0.519696, 0.838660, 0.162991, 0.044181), (0.000000, 0.000000, 0.000000, 1.000000)
((0.032253, 0.174042, -0.984210, -0.118593), (-0.853250, 0.517613, 0.063570, -0.020760), (0.520504, 0.837727, 0.165196, 0.043726), (0.000000, 0.000000, 0.000000, 1.000000)
((0.032443, 0.173833, -0.984241, -0.118195), (-0.852837, 0.518310, 0.063431, -0.021771), (0.521168, 0.837339, 0.165067, 0.043378), (0.000000, 0.000000, 0.000000, 1.000000)
((0.033097, 0.173325, -0.984308, -0.117730), (-0.852315, 0.519249, 0.062775, -0.022939), (0.521981, 0.836863, 0.164913, 0.042965), (0.000000, 0.000000, 0.000000, 1.000000)
((0.033866, 0.173045, -0.984332, -0.117522), (-0.853784, 0.516980, 0.061510, -0.023460), (0.519524, 0.838324, 0.165251, 0.042778), (0.000000, 0.000000, 0.000000, 1.000000)
((0.033752, 0.172816, -0.984376, -0.117120), (-0.851790, 0.520187, 0.062118, -0.024472), (0.522794, 0.836385, 0.164761, 0.042391), (0.000000, 0.000000, 0.000000, 1.000000)
((0.033631, 0.175351, -0.983931, -0.116621), (-0.849731, 0.523291, 0.064214, -0.025725), (0.526143, 0.833917, 0.166600, 0.041911), (0.000000, 0.000000, 0.000000, 1.000000)
((0.033754, 0.174989, -0.983992, -0.116176), (-0.847729, 0.526488, 0.064548, -0.026838), (0.529355, 0.831979, 0.166114, 0.041465), (0.000000, 0.000000, 0.000000, 1.000000)
((0.033850, 0.174886, -0.984007, -0.116003), (-0.847519, 0.526834, 0.064479, -0.027269), (0.529685, 0.831782, 0.166052, 0.041292), (0.000000, 0.000000, 0.000000, 1.000000)
((0.034048, 0.177186, -0.983588, -0.115190), (-0.845241, 0.530261, 0.066264, -0.029306), (0.533299, 0.829113, 0.167819, 0.040445), (0.000000, 0.000000, 0.000000, 1.000000)
((0.034048, 0.177186, -0.983588, -0.115183), (-0.845241, 0.530261, 0.066264, -0.029324), (0.533299, 0.829113, 0.167819, 0.040437), (0.000000, 0.000000, 0.000000, 1.000000)
((0.029160, 0.179739, -0.983282, -0.114636), (-0.837738, 0.541028, 0.074053, -0.030700), (0.545293, 0.821573, 0.166350, 0.039842), (0.000000, 0.000000, 0.000000, 1.000000)
((0.030706, 0.180233, -0.983145, -0.114290), (-0.832853, 0.548453, 0.074532, -0.031584), (0.552641, 0.816527, 0.166948, 0.039446), (0.000000, 0.000000, 0.000000, 1.000000)
((0.030706, 0.180233, -0.983145, -0.114280), (-0.832853, 0.548453, 0.074532, -0.031609), (0.552641, 0.816527, 0.166948, 0.039435), (0.000000, 0.000000, 0.000000, 1.000000)
((0.020850, 0.189587, -0.981642, -0.112872), (-0.801619, 0.589928, 0.096908, -0.035247), (0.597471, 0.784883, 0.164277, 0.037726), (0.000000, 0.000000, 0.000000, 1.000000)
((0.019299, 0.189665, -0.981659, -0.112710), (-0.795939, 0.597107, 0.099718, -0.035671), (0.605069, 0.779416, 0.162485, 0.037525), (0.000000, 0.000000, 0.000000, 1.000000)
((0.019692, 0.190402, -0.981509, -0.112431), (-0.786880, 0.608573, 0.102269, -0.036423), (0.616792, 0.770316, 0.161807, 0.037170), (0.000000, 0.000000, 0.000000, 1.000000)
((0.014019, 0.196368, -0.980430, -0.111670), (-0.771015, 0.626449, 0.114445, -0.038507), (0.636663, 0.754322, 0.160185, 0.036184), (0.000000, 0.000000, 0.000000, 1.000000)
((0.008751, 0.199322, -0.979895, -0.111191), (-0.754695, 0.644194, 0.124296, -0.039839), (0.656017, 0.738434, 0.156064, 0.035553), (0.000000, 0.000000, 0.000000, 1.000000)
((0.008154, 0.203001, -0.979145, -0.110980), (-0.745157, 0.654209, 0.129428, -0.040453), (0.666839, 0.728561, 0.156602, 0.035268), (0.000000, 0.000000, 0.000000, 1.000000)
((0.006604, 0.202888, -0.979180, -0.110639), (-0.738555, 0.661143, 0.132009, -0.041446), (0.674160, 0.722307, 0.154210, 0.034806), (0.000000, 0.000000, 0.000000, 1.000000)
((0.004295, 0.205581, -0.978631, -0.110301), (-0.732056, 0.667332, 0.136974, -0.042459), (0.681231, 0.715824, 0.153363, 0.034331), (0.000000, 0.000000, 0.000000, 1.000000)
((0.002067, 0.208400, -0.978041, -0.110123), (-0.727549, 0.671304, 0.141503, -0.042989), (0.686052, 0.711281, 0.153009, 0.034082), (0.000000, 0.000000, 0.000000, 1.000000)
((0.000874, 0.208335, -0.978057, -0.109995), (-0.723048, 0.675771, 0.143299, -0.043385), (0.690797, 0.707057, 0.151227, 0.033898), (0.000000, 0.000000, 0.000000, 1.000000)
((0.000793, 0.212019, -0.977265, -0.109685), (-0.710788, 0.687534, 0.148585, -0.044352), (0.703405, 0.694511, 0.151246, 0.033448), (0.000000, 0.000000, 0.000000, 1.000000)
((0.001351, 0.211919, -0.977286, -0.109466), (-0.708151, 0.690227, 0.148693, -0.045055), (0.706060, 0.691865, 0.151003, 0.033118), (0.000000, 0.000000, 0.000000, 1.000000)
((0.003558, 0.218086, -0.975923, -0.108536), (-0.694721, 0.702501, 0.154452, -0.048243), (0.719271, 0.677444, 0.154008, 0.031602), (0.000000, 0.000000, 0.000000, 1.000000)
((0.003901, 0.217820, -0.975981, -0.107996), (-0.691255, 0.705842, 0.154767, -0.050166), (0.722600, 0.674048, 0.153323, 0.030695), (0.000000, 0.000000, 0.000000, 1.000000)
((0.005125, 0.220385, -0.975399, -0.107694), (-0.688595, 0.708086, 0.156369, -0.051240), (0.725128, 0.670854, 0.155385, 0.030188), (0.000000, 0.000000, 0.000000, 1.000000)
((0.003247, 0.223919, -0.974602, -0.107118), (-0.686152, 0.709482, 0.160720, -0.053396), (0.727451, 0.668203, 0.155946, 0.029161), (0.000000, 0.000000, 0.000000, 1.000000)
((0.002781, 0.223605, -0.974676, -0.106524), (-0.684598, 0.710887, 0.161135, -0.055703), (0.728915, 0.666813, 0.155057, 0.028050), (0.000000, 0.000000, 0.000000, 1.000000)
((0.003454, 0.226209, -0.974073, -0.106198), (-0.684045, 0.711062, 0.162704, -0.056971), (0.729431, 0.665748, 0.157193, 0.027439), (0.000000, 0.000000, 0.000000, 1.000000)
((0.000592, 0.229665, -0.973270, -0.105545), (-0.683656, 0.710390, 0.167217, -0.059507), (0.729805, 0.665282, 0.157432, 0.026223), (0.000000, 0.000000, 0.000000, 1.000000)
((0.001245, 0.232291, -0.972646, -0.105270), (-0.683309, 0.710355, 0.168775, -0.060649), (0.730128, 0.664407, 0.159611, 0.025681), (0.000000, 0.000000, 0.000000, 1.000000)
((0.000289, 0.232119, -0.972687, -0.104939), (-0.684558, 0.709094, 0.169013, -0.062027), (0.728958, 0.665812, 0.159104, 0.025027), (0.000000, 0.000000, 0.000000, 1.000000)
((0.002723, 0.233066, -0.972457, -0.104610), (-0.684447, 0.709417, 0.168107, -0.063427), (0.729058, 0.665137, 0.161453, 0.024377), (0.000000, 0.000000, 0.000000, 1.000000)
((0.002427, 0.235785, -0.971802, -0.104435), (-0.686180, 0.707313, 0.169899, -0.064173), (0.727428, 0.666419, 0.163508, 0.024031), (0.000000, 0.000000, 0.000000, 1.000000)
((0.003700, 0.237974, -0.971265, -0.103634), (-0.687080, 0.706309, 0.170438, -0.067681), (0.726573, 0.666706, 0.166120, 0.022444), (0.000000, 0.000000, 0.000000, 1.000000)
((0.003813, 0.237888, -0.971285, -0.103501), (-0.686591, 0.706790, 0.170413, -0.068262), (0.727034, 0.666226, 0.166027, 0.022182), (0.000000, 0.000000, 0.000000, 1.000000)
((0.003460, 0.237784, -0.971312, -0.103441), (-0.684315, 0.708831, 0.171089, -0.068552), (0.729179, 0.664091, 0.165171, 0.022058), (0.000000, 0.000000, 0.000000, 1.000000)
((0.003589, 0.237738, -0.971323, -0.103394), (-0.684228, 0.708939, 0.170990, -0.068777), (0.729259, 0.663993, 0.165212, 0.021960), (0.000000, 0.000000, 0.000000, 1.000000)
((0.003839, 0.237627, -0.971349, -0.103248), (-0.683854, 0.709339, 0.170827, -0.069505), (0.729609, 0.663605, 0.165226, 0.021643), (0.000000, 0.000000, 0.000000, 1.000000)
((0.003705, 0.240321, -0.970686, -0.103001), (-0.685704, 0.707155, 0.172459, -0.070746), (0.727871, 0.664965, 0.167409, 0.021103), (0.000000, 0.000000, 0.000000, 1.000000)
((0.004006, 0.242673, -0.970100, -0.102631), (-0.685165, 0.707276, 0.174097, -0.072790), (0.728377, 0.663981, 0.169104, 0.020232), (0.000000, 0.000000, 0.000000, 1.000000)
((0.003403, 0.245066, -0.969500, -0.102214), (-0.682291, 0.709353, 0.176912, -0.075137), (0.731073, 0.660879, 0.169620, 0.019233), (0.000000, 0.000000, 0.000000, 1.000000)
((0.004169, 0.244776, -0.969571, -0.101937), (-0.681569, 0.710184, 0.176361, -0.076696), (0.731742, 0.660094, 0.169792, 0.018570), (0.000000, 0.000000, 0.000000, 1.000000)
((0.005730, 0.246855, -0.969036, -0.101241), (-0.682100, 0.709582, 0.176727, -0.080955), (0.731236, 0.659967, 0.172446, 0.016745), (0.000000, 0.000000, 0.000000, 1.000000)
((0.005641, 0.249326, -0.968403, -0.100932), (-0.681622, 0.709545, 0.178710, -0.082864), (0.731683, 0.659077, 0.173949, 0.015915), (0.000000, 0.000000, 0.000000, 1.000000)
((0.006388, 0.254180, -0.967136, -0.100268), (-0.682601, 0.707885, 0.181535, -0.087022), (0.730764, 0.659008, 0.178025, 0.014080), (0.000000, 0.000000, 0.000000, 1.000000)
((0.005592, 0.252605, -0.967553, -0.099887), (-0.682887, 0.707787, 0.180839, -0.089293), (0.730502, 0.659719, 0.176459, 0.013057), (0.000000, 0.000000, 0.000000, 1.000000)
((0.004461, 0.255200, -0.966878, -0.099760), (-0.680568, 0.709193, 0.184046, -0.090037), (0.732671, 0.657205, 0.176845, 0.012717), (0.000000, 0.000000, 0.000000, 1.000000)
((0.005643, 0.255029, -0.966917, -0.099621), (-0.682326, 0.707846, 0.182716, -0.090807), (0.731026, 0.658722, 0.178007, 0.012357), (0.000000, 0.000000, 0.000000, 1.000000)
((0.006152, 0.254831, -0.966966, -0.099465), (-0.681777, 0.708464, 0.182369, -0.091639), (0.731534, 0.658133, 0.178096, 0.011963), (0.000000, 0.000000, 0.000000, 1.000000)
((0.004192, 0.253666, -0.967283, -0.099334), (-0.682837, 0.707396, 0.182552, -0.092251), (0.730559, 0.659731, 0.176178, 0.011661), (0.000000, 0.000000, 0.000000, 1.000000)
((0.005504, 0.253465, -0.967329, -0.099012), (-0.684707, 0.705964, 0.181084, -0.093479), (0.728798, 0.661340, 0.177435, 0.011014), (0.000000, 0.000000, 0.000000, 1.000000)
((0.007121, 0.255542, -0.966772, -0.097751), (-0.685231, 0.705374, 0.181401, -0.097453), (0.728291, 0.661170, 0.180128, 0.008811), (0.000000, 0.000000, 0.000000, 1.000000)
((0.007121, 0.255542, -0.966772, -0.097681), (-0.685231, 0.705374, 0.181401, -0.097620), (0.728291, 0.661170, 0.180128, 0.008711), (0.000000, 0.000000, 0.000000, 1.000000)
((0.005581, 0.256454, -0.966540, -0.096153), (-0.683141, 0.706830, 0.183600, -0.101091), (0.730265, 0.659259, 0.179139, 0.006618), (0.000000, 0.000000, 0.000000, 1.000000)
((0.007025, 0.256185, -0.966602, -0.095601), (-0.684719, 0.705701, 0.182061, -0.102124), (0.728774, 0.660572, 0.180372, 0.005971), (0.000000, 0.000000, 0.000000, 1.000000)
((0.004865, 0.257565, -0.966249, -0.094748), (-0.685582, 0.704285, 0.184283, -0.103721), (0.727979, 0.661546, 0.180008, 0.004972), (0.000000, 0.000000, 0.000000, 1.000000)
((0.004313, 0.257491, -0.966271, -0.094451), (-0.683199, 0.706362, 0.185181, -0.104213), (0.730220, 0.659357, 0.178964, 0.004655), (0.000000, 0.000000, 0.000000, 1.000000)
((0.003921, 0.256058, -0.966654, -0.093465), (-0.686138, 0.703902, 0.183674, -0.105753), (0.727461, 0.662537, 0.178451, 0.003645), (0.000000, 0.000000, 0.000000, 1.000000)
((0.003956, 0.258236, -0.966074, -0.091880), (-0.683052, 0.706289, 0.185998, -0.108020), (0.730359, 0.659143, 0.179183, 0.002122), (0.000000, 0.000000, 0.000000, 1.000000)
((0.002749, 0.256803, -0.966460, -0.090765), (-0.683574, 0.705884, 0.185620, -0.109460), (0.729876, 0.660137, 0.177485, 0.001125), (0.000000, 0.000000, 0.000000, 1.000000)
((0.001551, 0.255393, -0.966836, -0.089975), (-0.684496, 0.705111, 0.185159, -0.110429), (0.729015, 0.661508, 0.175909, 0.000443), (0.000000, 0.000000, 0.000000, 1.000000)
((0.000300, 0.254194, -0.967153, -0.089513), (-0.685640, 0.704083, 0.184839, -0.110943), (0.727941, 0.663063, 0.174497, 0.000073), (0.000000, 0.000000, 0.000000, 1.000000)
((0.000300, 0.254194, -0.967153, -0.089379), (-0.685640, 0.704083, 0.184839, -0.111079), (0.727941, 0.663063, 0.174497, -0.000029), (0.000000, 0.000000, 0.000000, 1.000000)
((0.000300, 0.254194, -0.967153, -0.089234), (-0.685640, 0.704083, 0.184839, -0.111213), (0.727941, 0.663063, 0.174497, -0.000132), (0.000000, 0.000000, 0.000000, 1.000000)
((0.007253, 0.247418, -0.968882, -0.086754), (-0.678697, 0.712785, 0.176939, -0.113493), (0.734383, 0.656294, 0.173092, -0.001898), (0.000000, 0.000000, 0.000000, 1.000000)
((0.007253, 0.247418, -0.968882, -0.086607), (-0.678697, 0.712785, 0.176939, -0.113617), (0.734383, 0.656294, 0.173092, -0.001995), (0.000000, 0.000000, 0.000000, 1.000000)
((0.013247, 0.244566, -0.969542, -0.084875), (-0.671432, 0.720682, 0.172617, -0.114946), (0.740948, 0.648695, 0.173756, -0.003085), (0.000000, 0.000000, 0.000000, 1.000000)
((0.018507, 0.242947, -0.969863, -0.083805), (-0.661107, 0.730681, 0.170418, -0.115695), (0.750063, 0.638030, 0.174137, -0.003725), (0.000000, 0.000000, 0.000000, 1.000000)
((0.023496, 0.241430, -0.970134, -0.083326), (-0.652883, 0.738594, 0.167996, -0.116011), (0.757095, 0.629436, 0.174980, -0.004000), (0.000000, 0.000000, 0.000000, 1.000000)
((0.029463, 0.239822, -0.970370, -0.083150), (-0.642599, 0.748140, 0.165388, -0.116123), (0.765636, 0.618686, 0.176152, -0.004100), (0.000000, 0.000000, 0.000000, 1.000000)
((0.030842, 0.239585, -0.970385, -0.082773), (-0.637583, 0.752395, 0.165499, -0.116340), (0.769764, 0.613597, 0.175961, -0.004305), (0.000000, 0.000000, 0.000000, 1.000000)
((0.031331, 0.239415, -0.970412, -0.082234), (-0.635037, 0.754513, 0.165646, -0.116637), (0.771846, 0.611057, 0.175677, -0.004592), (0.000000, 0.000000, 0.000000, 1.000000)
((0.040627, 0.235457, -0.971035, -0.080328), (-0.615536, 0.771425, 0.161302, -0.117623), (0.787061, 0.591154, 0.176273, -0.005586), (0.000000, 0.000000, 0.000000, 1.000000)
((0.040627, 0.235457, -0.971035, -0.080073), (-0.615536, 0.771425, 0.161302, -0.117741), (0.787061, 0.591154, 0.176273, -0.005714), (0.000000, 0.000000, 0.000000, 1.000000)
((0.044357, 0.229772, -0.972233, -0.076843), (-0.596093, 0.787053, 0.158812, -0.119055), (0.801689, 0.572497, 0.171877, -0.007276), (0.000000, 0.000000, 0.000000, 1.000000)
((0.047279, 0.227709, -0.972581, -0.075037), (-0.589371, 0.792481, 0.156892, -0.119727), (0.806478, 0.565793, 0.171673, -0.008130), (0.000000, 0.000000, 0.000000, 1.000000)
((0.051409, 0.225567, -0.972870, -0.073966), (-0.580685, 0.799307, 0.154640, -0.120102), (0.812504, 0.556981, 0.172075, -0.008628), (0.000000, 0.000000, 0.000000, 1.000000)
((0.053158, 0.223509, -0.973251, -0.071638), (-0.576087, 0.802954, 0.152935, -0.120835), (0.815658, 0.552548, 0.171444, -0.009683), (0.000000, 0.000000, 0.000000, 1.000000)
((0.053158, 0.223509, -0.973251, -0.071444), (-0.576087, 0.802954, 0.152935, -0.120889), (0.815658, 0.552548, 0.171444, -0.009768), (0.000000, 0.000000, 0.000000, 1.000000)
((0.053924, 0.221547, -0.973658, -0.068876), (-0.573579, 0.805035, 0.151412, -0.121607), (0.817373, 0.550305, 0.170485, -0.010892), (0.000000, 0.000000, 0.000000, 1.000000)
((0.053924, 0.221547, -0.973658, -0.068748), (-0.573579, 0.805035, 0.151412, -0.121640), (0.817373, 0.550305, 0.170485, -0.010947), (0.000000, 0.000000, 0.000000, 1.000000)
((0.055089, 0.219409, -0.974076, -0.066606), (-0.569706, 0.808081, 0.149799, -0.122184), (0.820000, 0.546685, 0.169515, -0.011858), (0.000000, 0.000000, 0.000000, 1.000000)
((0.052573, 0.216618, -0.974840, -0.065418), (-0.569036, 0.808698, 0.149012, -0.122472), (0.820630, 0.546885, 0.165779, -0.012343), (0.000000, 0.000000, 0.000000, 1.000000)
((0.055147, 0.217617, -0.974475, -0.063847), (-0.569943, 0.808203, 0.148232, -0.122853), (0.819831, 0.547221, 0.168599, -0.012984), (0.000000, 0.000000, 0.000000, 1.000000)
((0.054611, 0.217517, -0.974528, -0.063125), (-0.569569, 0.808414, 0.148522, -0.123026), (0.820128, 0.546949, 0.168039, -0.013265), (0.000000, 0.000000, 0.000000, 1.000000)
((0.054611, 0.217517, -0.974528, -0.063095), (-0.569569, 0.808414, 0.148522, -0.123033), (0.820128, 0.546949, 0.168039, -0.013277), (0.000000, 0.000000, 0.000000, 1.000000)
((0.053090, 0.212818, -0.975648, -0.059762), (-0.567009, 0.810673, 0.145978, -0.123829), (0.821999, 0.545451, 0.163708, -0.014526), (0.000000, 0.000000, 0.000000, 1.000000)
((0.052282, 0.212677, -0.975723, -0.058638), (-0.566674, 0.810836, 0.146373, -0.124097), (0.822282, 0.545264, 0.162911, -0.014925), (0.000000, 0.000000, 0.000000, 1.000000)
((0.052610, 0.210925, -0.976085, -0.056486), (-0.567095, 0.810851, 0.144653, -0.124600), (0.821971, 0.545923, 0.162273, -0.015649), (0.000000, 0.000000, 0.000000, 1.000000)
((0.054015, 0.209363, -0.976345, -0.055574), (-0.568035, 0.810592, 0.142394, -0.124814), (0.821230, 0.546907, 0.162710, -0.015955), (0.000000, 0.000000, 0.000000, 1.000000)
((0.053342, 0.209246, -0.976407, -0.054709), (-0.567793, 0.810705, 0.142717, -0.125006), (0.821441, 0.546784, 0.162053, -0.016232), (0.000000, 0.000000, 0.000000, 1.000000)
((0.052940, 0.209171, -0.976445, -0.054190), (-0.567511, 0.810865, 0.142932, -0.125122), (0.821662, 0.546576, 0.161634, -0.016398), (0.000000, 0.000000, 0.000000, 1.000000)
((0.051476, 0.209191, -0.976519, -0.053149), (-0.569721, 0.809244, 0.143325, -0.125345), (0.820225, 0.548965, 0.160837, -0.016710), (0.000000, 0.000000, 0.000000, 1.000000)
((0.051058, 0.208837, -0.976617, -0.051647), (-0.566651, 0.811302, 0.143862, -0.125660), (0.822374, 0.546056, 0.159761, -0.017138), (0.000000, 0.000000, 0.000000, 1.000000)
((0.050381, 0.208730, -0.976675, -0.050935), (-0.566867, 0.811108, 0.144104, -0.125807), (0.822267, 0.546385, 0.159187, -0.017336), (0.000000, 0.000000, 0.000000, 1.000000)
((0.050381, 0.208730, -0.976675, -0.050859), (-0.566867, 0.811108, 0.144104, -0.125822), (0.822267, 0.546385, 0.159187, -0.017356), (0.000000, 0.000000, 0.000000, 1.000000)
((0.051252, 0.207070, -0.976983, -0.049472), (-0.567658, 0.810910, 0.142092, -0.126096), (0.821668, 0.547309, 0.159106, -0.017713), (0.000000, 0.000000, 0.000000, 1.000000)
((0.051252, 0.207070, -0.976983, -0.049410), (-0.567658, 0.810910, 0.142092, -0.126108), (0.821668, 0.547309, 0.159106, -0.017728), (0.000000, 0.000000, 0.000000, 1.000000)
((0.049906, 0.206832, -0.977103, -0.047790), (-0.567173, 0.811136, 0.142732, -0.126404), (0.822085, 0.547063, 0.157790, -0.018083), (0.000000, 0.000000, 0.000000, 1.000000)
((0.050904, 0.202575, -0.977943, -0.047504), (-0.565707, 0.812820, 0.138924, -0.126457), (0.823034, 0.546157, 0.155974, -0.018146), (0.000000, 0.000000, 0.000000, 1.000000)
((0.050770, 0.202551, -0.977955, -0.047267), (-0.565612, 0.812873, 0.138996, -0.126497), (0.823107, 0.546086, 0.155835, -0.018196), (0.000000, 0.000000, 0.000000, 1.000000)
((0.050635, 0.202526, -0.977967, -0.046919), (-0.565518, 0.812927, 0.139068, -0.126556), (0.823180, 0.546016, 0.155695, -0.018268), (0.000000, 0.000000, 0.000000, 1.000000)
((0.051638, 0.202156, -0.977991, -0.046545), (-0.560210, 0.816569, 0.139210, -0.126613), (0.826740, 0.540692, 0.155416, -0.018342), (0.000000, 0.000000, 0.000000, 1.000000)
((0.053939, 0.200448, -0.978218, -0.045720), (-0.558537, 0.818114, 0.136843, -0.126723), (0.827724, 0.538990, 0.156086, -0.018499), (0.000000, 0.000000, 0.000000, 1.000000)
((0.056989, 0.198579, -0.978427, -0.045253), (-0.554603, 0.821195, 0.134365, -0.126786), (0.830161, 0.534981, 0.156932, -0.018588), (0.000000, 0.000000, 0.000000, 1.000000)
((0.056934, 0.198301, -0.978486, -0.044600), (-0.552240, 0.822747, 0.134606, -0.126858), (0.831739, 0.532696, 0.156352, -0.018711), (0.000000, 0.000000, 0.000000, 1.000000)
((0.059684, 0.196366, -0.978712, -0.044034), (-0.548781, 0.825455, 0.132151, -0.126920), (0.833833, 0.529211, 0.157028, -0.018817), (0.000000, 0.000000, 0.000000, 1.000000)
((0.059684, 0.196366, -0.978712, -0.043943), (-0.548781, 0.825455, 0.132151, -0.126928), (0.833833, 0.529211, 0.157028, -0.018834), (0.000000, 0.000000, 0.000000, 1.000000)
((0.061879, 0.194311, -0.978986, -0.042739), (-0.544457, 0.828644, 0.130057, -0.127026), (0.836503, 0.524968, 0.157070, -0.019061), (0.000000, 0.000000, 0.000000, 1.000000)
((0.061879, 0.194311, -0.978986, -0.042646), (-0.544457, 0.828644, 0.130057, -0.127031), (0.836503, 0.524968, 0.157070, -0.019079), (0.000000, 0.000000, 0.000000, 1.000000)
((0.063354, 0.189536, -0.979828, -0.041785), (-0.537792, 0.833538, 0.126465, -0.127070), (0.840694, 0.518931, 0.154739, -0.019246), (0.000000, 0.000000, 0.000000, 1.000000)
((0.063354, 0.189536, -0.979828, -0.041703), (-0.537792, 0.833538, 0.126465, -0.127068), (0.840694, 0.518931, 0.154739, -0.019263), (0.000000, 0.000000, 0.000000, 1.000000)
((0.071852, 0.179044, -0.981214, -0.039400), (-0.524087, 0.843784, 0.115589, -0.127005), (0.848628, 0.505936, 0.154462, -0.019766), (0.000000, 0.000000, 0.000000, 1.000000)
((0.072008, 0.178765, -0.981253, -0.038699), (-0.521145, 0.845575, 0.115804, -0.126974), (0.850425, 0.503036, 0.154051, -0.019923), (0.000000, 0.000000, 0.000000, 1.000000)
((0.073742, 0.177149, -0.981418, -0.038182), (-0.522107, 0.845314, 0.113352, -0.126939), (0.849686, 0.504046, 0.154826, -0.020046), (0.000000, 0.000000, 0.000000, 1.000000)
((0.074816, 0.174851, -0.981748, -0.035641), (-0.517440, 0.848402, 0.111669, -0.126735), (0.852442, 0.499641, 0.153949, -0.020655), (0.000000, 0.000000, 0.000000, 1.000000)
((0.075593, 0.172815, -0.982049, -0.033700), (-0.515854, 0.849611, 0.109801, -0.126579), (0.853335, 0.498294, 0.153372, -0.021120), (0.000000, 0.000000, 0.000000, 1.000000)
((0.075593, 0.172815, -0.982049, -0.033695), (-0.515854, 0.849611, 0.109801, -0.126578), (0.853335, 0.498294, 0.153372, -0.021122), (0.000000, 0.000000, 0.000000, 1.000000)
((0.076897, 0.170534, -0.982347, -0.031151), (-0.511824, 0.852289, 0.107891, -0.126358), (0.855642, 0.494492, 0.152822, -0.021732), (0.000000, 0.000000, 0.000000, 1.000000)
((0.075535, 0.170077, -0.982532, -0.028618), (-0.508024, 0.854438, 0.108848, -0.126157), (0.858024, 0.490928, 0.150943, -0.022326), (0.000000, 0.000000, 0.000000, 1.000000)
((0.075597, 0.167959, -0.982891, -0.025940), (-0.507364, 0.855052, 0.107091, -0.125982), (0.858409, 0.490588, 0.149856, -0.022929), (0.000000, 0.000000, 0.000000, 1.000000)
((0.073290, 0.167704, -0.983109, -0.023216), (-0.506428, 0.855470, 0.108177, -0.125901), (0.859162, 0.489946, 0.147627, -0.023471), (0.000000, 0.000000, 0.000000, 1.000000)
((0.073290, 0.167704, -0.983109, -0.023134), (-0.506428, 0.855470, 0.108177, -0.125901), (0.859162, 0.489946, 0.147627, -0.023486), (0.000000, 0.000000, 0.000000, 1.000000)
((0.073020, 0.167672, -0.983135, -0.022639), (-0.505994, 0.855704, 0.108357, -0.125904), (0.859441, 0.489548, 0.147324, -0.023570), (0.000000, 0.000000, 0.000000, 1.000000)
((0.072748, 0.167643, -0.983160, -0.022079), (-0.506038, 0.855665, 0.108459, -0.125908), (0.859438, 0.489626, 0.147082, -0.023664), (0.000000, 0.000000, 0.000000, 1.000000)
((0.075254, 0.165775, -0.983288, -0.021738), (-0.504493, 0.856902, 0.105857, -0.125913), (0.860130, 0.488096, 0.148118, -0.023718), (0.000000, 0.000000, 0.000000, 1.000000)
((0.075119, 0.165759, -0.983301, -0.021394), (-0.504156, 0.857087, 0.105968, -0.125921), (0.860339, 0.487777, 0.147952, -0.023770), (0.000000, 0.000000, 0.000000, 1.000000)
((0.075119, 0.165759, -0.983301, -0.021394), (-0.504156, 0.857087, 0.105968, -0.125921), (0.860339, 0.487777, 0.147952, -0.023770), (0.000000, 0.000000, 0.000000, 1.000000)
((0.074168, 0.165657, -0.983391, -0.020452), (-0.503953, 0.857155, 0.106383, -0.125937), (0.860541, 0.487692, 0.147057, -0.023912), (0.000000, 0.000000, 0.000000, 1.000000)
((0.073897, 0.165627, -0.983416, -0.019875), (-0.503758, 0.857252, 0.106524, -0.125944), (0.860678, 0.487532, 0.146784, -0.023999), (0.000000, 0.000000, 0.000000, 1.000000)
((0.077175, 0.166411, -0.983032, -0.018911), (-0.504945, 0.856694, 0.105382, -0.125948), (0.859695, 0.488244, 0.150144, -0.024150), (0.000000, 0.000000, 0.000000, 1.000000)
((0.076361, 0.166322, -0.983110, -0.017787), (-0.504600, 0.856850, 0.105768, -0.125948), (0.859970, 0.488001, 0.149356, -0.024331), (0.000000, 0.000000, 0.000000, 1.000000)
((0.075817, 0.166263, -0.983162, -0.017156), (-0.504690, 0.856772, 0.105970, -0.125948), (0.859965, 0.488158, 0.148869, -0.024433), (0.000000, 0.000000, 0.000000, 1.000000)
((0.077531, 0.164594, -0.983310, -0.016337), (-0.505627, 0.856521, 0.103504, -0.125945), (0.859262, 0.489163, 0.149630, -0.024570), (0.000000, 0.000000, 0.000000, 1.000000)
((0.076878, 0.164821, -0.983323, -0.016178), (-0.508218, 0.854977, 0.103575, -0.125945), (0.857790, 0.491780, 0.149494, -0.024597), (0.000000, 0.000000, 0.000000, 1.000000)
((0.076606, 0.164790, -0.983349, -0.015949), (-0.508263, 0.854939, 0.103676, -0.125944), (0.857788, 0.491858, 0.149250, -0.024636), (0.000000, 0.000000, 0.000000, 1.000000)
((0.076862, 0.160383, -0.984058, -0.015317), (-0.506699, 0.856306, 0.099985, -0.125941), (0.858690, 0.490936, 0.147083, -0.024745), (0.000000, 0.000000, 0.000000, 1.000000)
((0.076862, 0.160383, -0.984058, -0.015315), (-0.506699, 0.856306, 0.099985, -0.125941), (0.858690, 0.490936, 0.147083, -0.024745), (0.000000, 0.000000, 0.000000, 1.000000)
((0.075176, 0.160782, -0.984123, -0.014091), (-0.511585, 0.853354, 0.100338, -0.125943), (0.855938, 0.495919, 0.146405, -0.024956), (0.000000, 0.000000, 0.000000, 1.000000)
((0.075176, 0.160782, -0.984123, -0.014087), (-0.511585, 0.853354, 0.100338, -0.125943), (0.855938, 0.495919, 0.146405, -0.024957), (0.000000, 0.000000, 0.000000, 1.000000)
((0.074363, 0.160685, -0.984200, -0.012723), (-0.511242, 0.853515, 0.100721, -0.125954), (0.856214, 0.495674, 0.145619, -0.025191), (0.000000, 0.000000, 0.000000, 1.000000)
((0.074363, 0.160685, -0.984200, -0.012719), (-0.511242, 0.853515, 0.100721, -0.125954), (0.856214, 0.495674, 0.145619, -0.025192), (0.000000, 0.000000, 0.000000, 1.000000)
((0.074141, 0.159380, -0.984429, -0.011130), (-0.517796, 0.849805, 0.098587, -0.125977), (0.852285, 0.502424, 0.145532, -0.025461), (0.000000, 0.000000, 0.000000, 1.000000)
((0.074141, 0.159380, -0.984429, -0.011126), (-0.517796, 0.849805, 0.098587, -0.125977), (0.852285, 0.502424, 0.145532, -0.025462), (0.000000, 0.000000, 0.000000, 1.000000)
((0.073044, 0.155385, -0.985150, -0.009904), (-0.520827, 0.848339, 0.095189, -0.126000), (0.850532, 0.506139, 0.142895, -0.025664), (0.000000, 0.000000, 0.000000, 1.000000)
((0.073044, 0.155385, -0.985150, -0.009900), (-0.520827, 0.848339, 0.095189, -0.126000), (0.850532, 0.506139, 0.142895, -0.025665), (0.000000, 0.000000, 0.000000, 1.000000)
((0.074260, 0.146261, -0.986455, -0.008416), (-0.532366, 0.842256, 0.084804, -0.126031), (0.843251, 0.518857, 0.140410, -0.025899), (0.000000, 0.000000, 0.000000, 1.000000)
</SampleFrames>
<SampleWeights Num="154">0.0139941
0.0134081
0.0134081
0.0134082
0.0340274
0.0366639
0.0432766
0.0500591
0.0531816
0.0667531
0.0768738
0.0759839
0.0927692
0.0927667
0.102561
0.0954568
0.0954522
0.1134
0.114187
0.115658
0.112581
0.112336
0.114866
0.116841
0.122131
0.114886
0.113247
0.107972
0.106346
0.101057
0.0896731
0.0906827
0.0803311
0.0687867
0.0666939
0.0632562
0.0632568
0.0532305
0.0374892
0.0296597
0.0389171
0.0339815
0.0424128
0.0434236
0.0423416
0.0390986
0.0523868
0.0633307
0.0688176
0.0778528
0.0859184
0.101669
0.122059
0.139232
0.145244
0.154988
0.162026
0.162565
0.151781
0.151635
0.177432
0.172695
0.170252
0.170058
0.174624
0.160076
0.159558
0.168169
0.175042
0.174904
0.174756
0.174811
0.174674
0.182617
0.19339
0.201598
0.223099
0.223132
0.221591
0.238197
0.23799
0.231044
0.222947
0.235072
0.225547
0.225436
0.197522
0.197469
0.209736
0.203403
0.185932
0.176851
0.176847
0.191914
0.180787
0.169241
0.160146
0.157421
0.150479
0.144985
0.143312
0.159494
0.159473
0.136112
0.136095
0.122035
0.125583
0.122665
0.116889
0.122471
0.114462
0.114297
0.117615
0.12005
0.120012
0.108047
0.108004
0.108687
0.108653
0.0839938
0.0707418
0.0690453
0.0346032
0.0285307
0.0285301
0.0442306
0.0154578
0.0340954
0.00705772
0.00521511
0.0100026
0.00775077
0.00907812
0.0103862
0.0103861
0.0146217
0.0138431
0.0165104
0.0228161
0.0169521
0.0193089
0.0222023
0.0212643
0.0155687
0.0155684
0.0227476
0.0227469
0.0222227
0.0222219
0.024155
0.0241545
0.03739
0.0373893
0.0516536
</SampleWeights>
</PointSplatMark>
