<PointSplatMark HeadPosAtStart="(0.232067, 1.94355, 2.55744)" BrushTip="0" BrushInterface="ForceTapeDraw" SuperSamplesPerWidth="20" Draw="0" Width="0.06" Pose="1" LayerIndex="0" Name="wingdetail" RoomToVirtualScaleAtStart="1.45521" RoomToVirtualFrameAtStart="((0.924160, -0.267618, 0.272595, 0.013530), (0.069327, 0.819239, 0.569246, -0.190649), (-0.375661, -0.507177, 0.775661, -0.011544), (0.000000, 0.000000, 0.000000, 1.000000))" ColorSwatch="0.302658"><SamplePoints Num="67">(-0.0160281, -0.159395, 0.132995)
(-0.016168, -0.159419, 0.133053)
(-0.0163768, -0.159455, 0.13314)
(-0.0170158, -0.159588, 0.13341)
(-0.0174695, -0.159683, 0.133602)
(-0.021001, -0.160679, 0.13508)
(-0.0229498, -0.161432, 0.13587)
(-0.0285653, -0.164683, 0.138022)
(-0.0292106, -0.165065, 0.138269)
(-0.0315701, -0.166629, 0.139145)
(-0.0329332, -0.167532, 0.139651)
(-0.0345801, -0.168655, 0.140265)
(-0.0358209, -0.169501, 0.140728)
(-0.0369196, -0.170246, 0.141127)
(-0.038577, -0.171369, 0.141729)
(-0.0405812, -0.172686, 0.142438)
(-0.0430475, -0.174306, 0.143311)
(-0.0452325, -0.175679, 0.144069)
(-0.0470417, -0.176816, 0.144697)
(-0.0478648, -0.177312, 0.144976)
(-0.0487961, -0.177874, 0.145292)
(-0.0493597, -0.178202, 0.145479)
(-0.049821, -0.178454, 0.145629)
(-0.0500325, -0.178544, 0.145694)
(-0.0503303, -0.178452, 0.145774)
(-0.0512522, -0.17814, 0.14602)
(-0.0523525, -0.177768, 0.146313)
(-0.0530424, -0.177514, 0.146497)
(-0.0537564, -0.177252, 0.146688)
(-0.0550029, -0.176761, 0.147023)
(-0.0558485, -0.176429, 0.147251)
(-0.0580767, -0.175501, 0.147846)
(-0.0594295, -0.174938, 0.148207)
(-0.0609238, -0.174282, 0.148611)
(-0.0630972, -0.173329, 0.149198)
(-0.0649902, -0.172467, 0.149712)
(-0.0668507, -0.17162, 0.150217)
(-0.0686175, -0.170801, 0.15069)
(-0.071395, -0.169515, 0.151433)
(-0.0744248, -0.168087, 0.152244)
(-0.0759098, -0.167387, 0.152642)
(-0.0841716, -0.163445, 0.154839)
(-0.0873209, -0.161927, 0.155677)
(-0.0904927, -0.160399, 0.156521)
(-0.0937299, -0.158831, 0.157378)
(-0.102554, -0.154549, 0.159701)
(-0.108581, -0.151587, 0.161305)
(-0.114055, -0.148879, 0.162772)
(-0.118634, -0.146628, 0.163999)
(-0.121499, -0.145219, 0.164766)
(-0.123375, -0.144296, 0.165272)
(-0.125532, -0.143235, 0.165853)
(-0.128279, -0.141901, 0.166586)
(-0.131363, -0.140403, 0.167408)
(-0.136194, -0.138081, 0.168704)
(-0.140996, -0.135826, 0.169985)
(-0.1436, -0.134602, 0.170679)
(-0.154142, -0.12979, 0.173493)
(-0.161876, -0.126391, 0.175563)
(-0.167564, -0.124022, 0.177088)
(-0.17177, -0.122269, 0.178217)
(-0.178417, -0.119654, 0.180038)
(-0.18153, -0.118531, 0.180893)
(-0.184524, -0.117452, 0.181714)
(-0.186522, -0.116815, 0.182261)
(-0.18939, -0.115901, 0.183045)
(-0.195921, -0.114086, 0.184844)
</SamplePoints>
<SampleFrames Num="67">((0.176445, 0.490350, 0.853477, -0.016028), (-0.981807, 0.149481, 0.117094, -0.159395), (-0.070162, -0.858610, 0.507805, 0.132995), (0.000000, 0.000000, 0.000000, 1.000000))
((0.176577, 0.488854, 0.854308, -0.016168), (-0.982029, 0.146251, 0.119288, -0.159419), (-0.066629, -0.860019, 0.505893, 0.133053), (0.000000, 0.000000, 0.000000, 1.000000))
((0.176537, 0.488950, 0.854261, -0.016377), (-0.982008, 0.146610, 0.119022, -0.159455), (-0.067048, -0.859903, 0.506035, 0.133140), (0.000000, 0.000000, 0.000000, 1.000000))
((0.177471, 0.490714, 0.853056, -0.017016), (-0.981915, 0.146364, 0.120084, -0.159588), (-0.065930, -0.858940, 0.507815, 0.133410), (0.000000, 0.000000, 0.000000, 1.000000))
((0.177743, 0.489452, 0.853724, -0.017470), (-0.982082, 0.143437, 0.122232, -0.159683), (-0.062629, -0.860153, 0.506177, 0.133602), (0.000000, 0.000000, 0.000000, 1.000000))
((0.174997, 0.489068, 0.854511, -0.021001), (-0.982945, 0.136616, 0.123109, -0.160679), (-0.056531, -0.861481, 0.504634, 0.135080), (0.000000, 0.000000, 0.000000, 1.000000))
((0.177883, 0.487689, 0.854703, -0.022950), (-0.982695, 0.133633, 0.128271, -0.161432), (-0.051660, -0.862729, 0.503020, 0.135870), (0.000000, 0.000000, 0.000000, 1.000000))
((0.177190, 0.484768, 0.856507, -0.028565), (-0.983116, 0.127570, 0.131180, -0.164683), (-0.045673, -0.865289, 0.499188, 0.138022), (0.000000, 0.000000, 0.000000, 1.000000))
((0.175859, 0.485556, 0.856335, -0.029211), (-0.983476, 0.124653, 0.131289, -0.165065), (-0.042997, -0.865273, 0.499454, 0.138269), (0.000000, 0.000000, 0.000000, 1.000000))
((0.176530, 0.485082, 0.856465, -0.031570), (-0.983449, 0.123007, 0.133034, -0.166629), (-0.040819, -0.865774, 0.498768, 0.139145), (0.000000, 0.000000, 0.000000, 1.000000))
((0.176824, 0.484146, 0.856934, -0.032933), (-0.983487, 0.121015, 0.134567, -0.167532), (-0.038552, -0.866578, 0.497550, 0.139651), (0.000000, 0.000000, 0.000000, 1.000000))
((0.177195, 0.483228, 0.857375, -0.034580), (-0.983514, 0.118882, 0.136261, -0.168655), (-0.036081, -0.867386, 0.496327, 0.140265), (0.000000, 0.000000, 0.000000, 1.000000))
((0.177939, 0.482483, 0.857641, -0.035821), (-0.983494, 0.116272, 0.138639, -0.169501), (-0.032829, -0.868154, 0.495208, 0.140728), (0.000000, 0.000000, 0.000000, 1.000000))
((0.176270, 0.482314, 0.858081, -0.036920), (-0.983819, 0.114730, 0.137611, -0.170246), (-0.032076, -0.868453, 0.494733, 0.141127), (0.000000, 0.000000, 0.000000, 1.000000))
((0.176963, 0.483245, 0.857414, -0.038577), (-0.983682, 0.115561, 0.137893, -0.171369), (-0.032448, -0.867825, 0.495810, 0.141729), (0.000000, 0.000000, 0.000000, 1.000000))
((0.176914, 0.481248, 0.858546, -0.040581), (-0.983710, 0.114722, 0.138399, -0.172686), (-0.031890, -0.869045, 0.493704, 0.142438), (0.000000, 0.000000, 0.000000, 1.000000))
((0.176076, 0.481442, 0.858610, -0.043047), (-0.983995, 0.110353, 0.139912, -0.174306), (-0.027391, -0.869503, 0.493167, 0.143311), (0.000000, 0.000000, 0.000000, 1.000000))
((0.174076, 0.481380, 0.859052, -0.045232), (-0.984326, 0.110127, 0.137750, -0.175679), (-0.028295, -0.869566, 0.493005, 0.144069), (0.000000, 0.000000, 0.000000, 1.000000))
((0.172374, 0.481279, 0.859452, -0.047042), (-0.984634, 0.108967, 0.136461, -0.176816), (-0.027976, -0.869768, 0.492667, 0.144697), (0.000000, 0.000000, 0.000000, 1.000000))
((0.172941, 0.481991, 0.858939, -0.047865), (-0.984531, 0.109484, 0.136791, -0.177312), (-0.028108, -0.869309, 0.493469, 0.144976), (0.000000, 0.000000, 0.000000, 1.000000))
((0.173348, 0.482570, 0.858532, -0.048796), (-0.984451, 0.110058, 0.136910, -0.177874), (-0.028419, -0.868915, 0.494144, 0.145292), (0.000000, 0.000000, 0.000000, 1.000000))
((0.169500, 0.482275, 0.859465, -0.049360), (-0.985202, 0.105430, 0.135137, -0.178202), (-0.025440, -0.869653, 0.493008, 0.145479), (0.000000, 0.000000, 0.000000, 1.000000))
((0.165626, 0.483133, 0.859739, -0.049821), (-0.985930, 0.101085, 0.133131, -0.178454), (-0.022587, -0.869692, 0.493078, 0.145629), (0.000000, 0.000000, 0.000000, 1.000000))
((0.154872, 0.489275, 0.858268, -0.050033), (-0.987738, 0.094027, 0.124632, -0.178544), (-0.019721, -0.867046, 0.497838, 0.145694), (0.000000, 0.000000, 0.000000, 1.000000))
((0.115692, 0.498027, 0.859409, -0.050330), (-0.993205, 0.047004, 0.106464, -0.178452), (0.012626, -0.865887, 0.500081, 0.145774), (0.000000, 0.000000, 0.000000, 1.000000))
((0.116240, 0.498579, 0.859015, -0.051252), (-0.993135, 0.046933, 0.107149, -0.178140), (0.013106, -0.865573, 0.500611, 0.146020), (0.000000, 0.000000, 0.000000, 1.000000))
((0.114352, 0.497813, 0.859713, -0.052352), (-0.993336, 0.044756, 0.106210, -0.177768), (0.014395, -0.866129, 0.499613, 0.146313), (0.000000, 0.000000, 0.000000, 1.000000))
((0.116247, 0.497842, 0.859442, -0.053042), (-0.993150, 0.047998, 0.106529, -0.177514), (0.011783, -0.865938, 0.500012, 0.146497), (0.000000, 0.000000, 0.000000, 1.000000))
((0.112629, 0.497484, 0.860130, -0.053756), (-0.993525, 0.043354, 0.105021, -0.177252), (0.014956, -0.866389, 0.499146, 0.146688), (0.000000, 0.000000, 0.000000, 1.000000))
((0.113288, 0.498268, 0.859590, -0.055003), (-0.993446, 0.043597, 0.105658, -0.176761), (0.015171, -0.865926, 0.499942, 0.147023), (0.000000, 0.000000, 0.000000, 1.000000))
((0.111246, 0.497355, 0.860385, -0.055848), (-0.993659, 0.041475, 0.104503, -0.176429), (0.016291, -0.866555, 0.498815, 0.147251), (0.000000, 0.000000, 0.000000, 1.000000))
((0.113179, 0.496395, 0.860687, -0.058077), (-0.993484, 0.044812, 0.104796, -0.175501), (0.013451, -0.866939, 0.498232, 0.147846), (0.000000, 0.000000, 0.000000, 1.000000))
((0.111458, 0.495883, 0.861207, -0.059429), (-0.993661, 0.042812, 0.103949, -0.174938), (0.014677, -0.867333, 0.497511, 0.148207), (0.000000, 0.000000, 0.000000, 1.000000))
((0.112142, 0.496774, 0.860604, -0.060924), (-0.993584, 0.043281, 0.104486, -0.174282), (0.014658, -0.866800, 0.498440, 0.148611), (0.000000, 0.000000, 0.000000, 1.000000))
((0.108427, 0.495372, 0.861888, -0.063097), (-0.993955, 0.039019, 0.102615, -0.173329), (0.017203, -0.867804, 0.496609, 0.149198), (0.000000, 0.000000, 0.000000, 1.000000))
((0.107036, 0.495063, 0.862239, -0.064990), (-0.994070, 0.036535, 0.102424, -0.172467), (0.019205, -0.868088, 0.496038, 0.149712), (0.000000, 0.000000, 0.000000, 1.000000))
((0.106983, 0.494254, 0.862709, -0.066851), (-0.994096, 0.037371, 0.101866, -0.171620), (0.018107, -0.868514, 0.495334, 0.150217), (0.000000, 0.000000, 0.000000, 1.000000))
((0.105400, 0.493886, 0.863115, -0.068618), (-0.994239, 0.035315, 0.101205, -0.170801), (0.019503, -0.868809, 0.494763, 0.150690), (0.000000, 0.000000, 0.000000, 1.000000))
((0.106495, 0.492546, 0.863746, -0.071395), (-0.994066, 0.033359, 0.103540, -0.169515), (0.022185, -0.869647, 0.493175, 0.151433), (0.000000, 0.000000, 0.000000, 1.000000))
((0.104596, 0.491103, 0.864799, -0.074425), (-0.994264, 0.032109, 0.102021, -0.168087), (0.022335, -0.870510, 0.491644, 0.152244), (0.000000, 0.000000, 0.000000, 1.000000))
((0.102583, 0.492216, 0.864407, -0.075910), (-0.994521, 0.033167, 0.099138, -0.167387), (0.020127, -0.869841, 0.492922, 0.152642), (0.000000, 0.000000, 0.000000, 1.000000))
((0.099937, 0.490687, 0.865586, -0.084172), (-0.994760, 0.030437, 0.097597, -0.163445), (0.021544, -0.870804, 0.491158, 0.154839), (0.000000, 0.000000, 0.000000, 1.000000))
((0.096564, 0.489830, 0.866454, -0.087321), (-0.995034, 0.026380, 0.095980, -0.161927), (0.024157, -0.871419, 0.489945, 0.155677), (0.000000, 0.000000, 0.000000, 1.000000))
((0.093387, 0.489140, 0.867191, -0.090493), (-0.995260, 0.022119, 0.094702, -0.160399), (0.027141, -0.871925, 0.488887, 0.156521), (0.000000, 0.000000, 0.000000, 1.000000))
((0.093911, 0.489199, 0.867101, -0.093730), (-0.995235, 0.023184, 0.094708, -0.158831), (0.026228, -0.871864, 0.489045, 0.157378), (0.000000, 0.000000, 0.000000, 1.000000))
((0.090534, 0.486232, 0.869127, -0.102554), (-0.995518, 0.020224, 0.092386, -0.154549), (0.027344, -0.873596, 0.485884, 0.159701), (0.000000, 0.000000, 0.000000, 1.000000))
((0.091997, 0.484969, 0.869679, -0.108581), (-0.995336, 0.019326, 0.094512, -0.151587), (0.029028, -0.874318, 0.484485, 0.161305), (0.000000, 0.000000, 0.000000, 1.000000))
((0.087292, 0.484346, 0.870511, -0.114055), (-0.995634, 0.013414, 0.092376, -0.148879), (0.033065, -0.874774, 0.483402, 0.162772), (0.000000, 0.000000, 0.000000, 1.000000))
((0.086076, 0.483948, 0.870853, -0.118634), (-0.995702, 0.011793, 0.091863, -0.146628), (0.034187, -0.875017, 0.482883, 0.163999), (0.000000, 0.000000, 0.000000, 1.000000))
((0.086759, 0.482212, 0.871748, -0.121499), (-0.995547, 0.009574, 0.093784, -0.145219), (0.036878, -0.876002, 0.480895, 0.164766), (0.000000, 0.000000, 0.000000, 1.000000))
((0.086741, 0.481765, 0.871997, -0.123375), (-0.995592, 0.010582, 0.093189, -0.144296), (0.035668, -0.876237, 0.480559, 0.165272), (0.000000, 0.000000, 0.000000, 1.000000))
((0.087187, 0.479741, 0.873068, -0.125532), (-0.995459, 0.008336, 0.094829, -0.143235), (0.038215, -0.877371, 0.478289, 0.165853), (0.000000, 0.000000, 0.000000, 1.000000))
((0.087498, 0.479812, 0.872998, -0.128279), (-0.995483, 0.009691, 0.094448, -0.141901), (0.036857, -0.877318, 0.478492, 0.166586), (0.000000, 0.000000, 0.000000, 1.000000))
((0.088379, 0.478358, 0.873706, -0.131363), (-0.995297, 0.007486, 0.096580, -0.140403), (0.039659, -0.878133, 0.476770, 0.167408), (0.000000, 0.000000, 0.000000, 1.000000))
((0.087089, 0.478169, 0.873939, -0.136194), (-0.995395, 0.006486, 0.095643, -0.138081), (0.040065, -0.878244, 0.476532, 0.168704), (0.000000, 0.000000, 0.000000, 1.000000))
((0.086166, 0.476266, 0.875069, -0.140996), (-0.995298, 0.002139, 0.096840, -0.135826), (0.044250, -0.879299, 0.474211, 0.169985), (0.000000, 0.000000, 0.000000, 1.000000))
((0.089258, 0.475772, 0.875028, -0.143600), (-0.994930, 0.001709, 0.100559, -0.134602), (0.046348, -0.879567, 0.473512, 0.170679), (0.000000, 0.000000, 0.000000, 1.000000))
((0.088114, 0.472475, 0.876928, -0.154142), (-0.994960, -0.000554, 0.100272, -0.129790), (0.047862, -0.881344, 0.470045, 0.173493), (0.000000, 0.000000, 0.000000, 1.000000))
((0.085980, 0.471127, 0.877865, -0.161876), (-0.994857, -0.006749, 0.101061, -0.126391), (0.053537, -0.882040, 0.468124, 0.175563), (0.000000, 0.000000, 0.000000, 1.000000))
((0.086721, 0.469396, 0.878719, -0.167564), (-0.994715, -0.007877, 0.102376, -0.124022), (0.054977, -0.882953, 0.466232, 0.177088), (0.000000, 0.000000, 0.000000, 1.000000))
((0.083558, 0.469080, 0.879194, -0.171770), (-0.994776, -0.012653, 0.101294, -0.122269), (0.058639, -0.883065, 0.465572, 0.178217), (0.000000, 0.000000, 0.000000, 1.000000))
((0.084392, 0.469662, 0.878803, -0.178417), (-0.994752, -0.011498, 0.101672, -0.119654), (0.057856, -0.882771, 0.466227, 0.180038), (0.000000, 0.000000, 0.000000, 1.000000))
((0.086467, 0.467783, 0.879604, -0.181530), (-0.994587, -0.010537, 0.103374, -0.118531), (0.057625, -0.883780, 0.464340, 0.180893), (0.000000, 0.000000, 0.000000, 1.000000))
((0.085081, 0.468057, 0.879593, -0.184524), (-0.994625, -0.012389, 0.102800, -0.117452), (0.059014, -0.883611, 0.464487, 0.181714), (0.000000, 0.000000, 0.000000, 1.000000))
((0.083353, 0.467869, 0.879858, -0.186522), (-0.994706, -0.014185, 0.101776, -0.116815), (0.060099, -0.883684, 0.464210, 0.182261), (0.000000, 0.000000, 0.000000, 1.000000))
((0.081958, 0.468143, 0.879844, -0.189390), (-0.994738, -0.016038, 0.101194, -0.115901), (0.061484, -0.883507, 0.464365, 0.183045), (0.000000, 0.000000, 0.000000, 1.000000))
((0.088331, 0.467382, 0.879632, -0.195921), (-0.994874, -0.002248, 0.101098, -0.114086), (0.049229, -0.884053, 0.464787, 0.184844), (0.000000, 0.000000, 0.000000, 1.000000))
</SampleFrames>
<SampleWeights Num="67">0.193863
0.203152
0.208932
0.227348
0.236526
0.249144
0.287643
0.247235
0.246401
0.257299
0.272081
0.28425
0.281107
0.268117
0.25779
0.267833
0.28646
0.294358
0.286888
0.28274
0.283408
0.292974
0.364028
0.363601
0.456544
0.450437
0.447373
0.445913
0.452089
0.45452
0.448262
0.438008
0.43085
0.429337
0.425258
0.420991
0.419602
0.417447
0.40291
0.389295
0.384276
0.36848
0.360369
0.352656
0.348145
0.3173
0.311779
0.305422
0.298244
0.293327
0.294732
0.294081
0.298333
0.296045
0.304334
0.299071
0.295618
0.265431
0.272531
0.273809
0.258022
0.238903
0.240151
0.24856
0.251891
0.259167
0.22822
</SampleWeights>
</PointSplatMark>
