<PointSplatMark HeadPosAtStart="(-0.83872, 2.30255, 1.70022)" BrushTip="0" BrushInterface="ForceTapeDraw" SuperSamplesPerWidth="20" Draw="0" Width="0.06" Pose="1" LayerIndex="0" Name="wing" RoomToVirtualScaleAtStart="1.45521" RoomToVirtualFrameAtStart="((0.798427, -0.553093, -0.237913, 0.286225), (0.497581, 0.383651, 0.777962, -0.222459), (-0.339010, -0.739527, 0.581526, 0.051107), (0.000000, 0.000000, 0.000000, 1.000000))" ColorSwatch="0.302658"><SamplePoints Num="178">(0.808774, -0.108341, 0.261399)
(0.808354, -0.108441, 0.261258)
(0.807502, -0.108647, 0.260963)
(0.806998, -0.108769, 0.260789)
(0.806714, -0.108838, 0.260689)
(0.806559, -0.108876, 0.260634)
(0.806219, -0.10896, 0.260513)
(0.80585, -0.109051, 0.26038)
(0.804411, -0.109412, 0.259855)
(0.803772, -0.109573, 0.259618)
(0.803129, -0.109735, 0.259379)
(0.799142, -0.110755, 0.257893)
(0.794545, -0.111949, 0.256172)
(0.790628, -0.112967, 0.254705)
(0.78698, -0.113942, 0.253323)
(0.783695, -0.114821, 0.252079)
(0.779555, -0.115945, 0.250499)
(0.775257, -0.117112, 0.248858)
(0.770721, -0.118368, 0.247105)
(0.769357, -0.118746, 0.246578)
(0.758511, -0.121827, 0.242336)
(0.753386, -0.123326, 0.240293)
(0.729842, -0.130416, 0.23062)
(0.723704, -0.132346, 0.228018)
(0.717745, -0.13422, 0.225493)
(0.710509, -0.136646, 0.222315)
(0.699903, -0.140504, 0.217451)
(0.685106, -0.146405, 0.210368)
(0.680424, -0.148419, 0.208053)
(0.676289, -0.150198, 0.206008)
(0.659797, -0.158071, 0.197462)
(0.655277, -0.160313, 0.195082)
(0.646973, -0.164489, 0.190721)
(0.64299, -0.166492, 0.18863)
(0.639149, -0.168424, 0.186637)
(0.635112, -0.170455, 0.184543)
(0.626276, -0.174919, 0.180028)
(0.621569, -0.177308, 0.177673)
(0.616536, -0.179863, 0.175155)
(0.60561, -0.185505, 0.169796)
(0.567464, -0.207463, 0.152036)
(0.557438, -0.213745, 0.147502)
(0.548463, -0.219637, 0.143504)
(0.53932, -0.225909, 0.139518)
(0.532604, -0.230708, 0.136653)
(0.523934, -0.237176, 0.133057)
(0.521707, -0.238907, 0.132168)
(0.516528, -0.242934, 0.130098)
(0.509516, -0.248556, 0.12741)
(0.506462, -0.251067, 0.126302)
(0.4993, -0.257053, 0.123858)
(0.495638, -0.260114, 0.122608)
(0.492366, -0.262881, 0.121565)
(0.486973, -0.267439, 0.119982)
(0.483979, -0.26997, 0.119103)
(0.481035, -0.272441, 0.118314)
(0.478161, -0.274853, 0.117543)
(0.475459, -0.277091, 0.116892)
(0.471141, -0.280593, 0.115966)
(0.46353, -0.286593, 0.114538)
(0.457915, -0.290916, 0.113624)
(0.456328, -0.292138, 0.113365)
(0.449592, -0.297243, 0.112411)
(0.445409, -0.300413, 0.111818)
(0.44144, -0.303392, 0.111336)
(0.435895, -0.307531, 0.110757)
(0.43178, -0.310602, 0.110328)
(0.42774, -0.31362, 0.109967)
(0.423567, -0.316739, 0.109595)
(0.408386, -0.327923, 0.108599)
(0.402922, -0.331848, 0.108329)
(0.397928, -0.335362, 0.108135)
(0.394776, -0.33758, 0.108012)
(0.391645, -0.339713, 0.107927)
(0.386595, -0.343152, 0.107789)
(0.381634, -0.34641, 0.107701)
(0.364351, -0.356675, 0.107838)
(0.361457, -0.358247, 0.107932)
(0.361457, -0.358247, 0.107932)
(0.356754, -0.360663, 0.108153)
(0.356519, -0.360784, 0.108164)
(0.352872, -0.362539, 0.108391)
(0.350875, -0.3635, 0.108515)
(0.349862, -0.363954, 0.108593)
(0.345729, -0.365684, 0.108961)
(0.3438, -0.366492, 0.109134)
(0.343152, -0.366742, 0.1092)
(0.342353, -0.367051, 0.109282)
(0.339619, -0.368026, 0.1096)
(0.33606, -0.369101, 0.110129)
(0.334925, -0.369416, 0.110321)
(0.334925, -0.369416, 0.110321)
(0.327618, -0.371306, 0.111708)
(0.322844, -0.372478, 0.112718)
(0.319047, -0.373375, 0.113616)
(0.319047, -0.373375, 0.113616)
(0.303088, -0.377, 0.117769)
(0.278769, -0.382491, 0.124965)
(0.258946, -0.386846, 0.131447)
(0.258946, -0.386846, 0.131447)
(0.251596, -0.388416, 0.133932)
(0.247156, -0.389365, 0.135432)
(0.230734, -0.392702, 0.141306)
(0.225847, -0.393677, 0.143131)
(0.21478, -0.39586, 0.147582)
(0.211821, -0.396445, 0.148792)
(0.207247, -0.397337, 0.150785)
(0.205818, -0.397616, 0.151408)
(0.199894, -0.398791, 0.154193)
(0.195257, -0.399755, 0.156575)
(0.192492, -0.40033, 0.157995)
(0.186379, -0.401673, 0.16146)
(0.183712, -0.402321, 0.163118)
(0.181467, -0.402866, 0.164514)
(0.178902, -0.40357, 0.166244)
(0.176488, -0.404233, 0.167872)
(0.173733, -0.405079, 0.169858)
(0.170799, -0.40598, 0.171973)
(0.168424, -0.406782, 0.173784)
(0.168407, -0.406788, 0.173797)
(0.159591, -0.409946, 0.18083)
(0.148107, -0.414173, 0.190358)
(0.144676, -0.415457, 0.193313)
(0.139302, -0.417467, 0.197941)
(0.135175, -0.419003, 0.201571)
(0.130625, -0.420696, 0.205573)
(0.126987, -0.422031, 0.208832)
(0.123401, -0.423347, 0.212044)
(0.120365, -0.424431, 0.214795)
(0.116997, -0.425633, 0.217846)
(0.114174, -0.426622, 0.220453)
(0.111714, -0.427484, 0.222726)
(0.109474, -0.428285, 0.224836)
(0.109474, -0.428285, 0.224836)
(0.106235, -0.429456, 0.227948)
(0.106235, -0.429456, 0.227948)
(0.0971385, -0.432757, 0.236832)
(0.0914835, -0.434841, 0.242436)
(0.0858402, -0.437008, 0.248184)
(0.0781603, -0.440152, 0.25635)
(0.0747305, -0.441564, 0.260011)
(0.0721665, -0.442636, 0.262776)
(0.0696005, -0.44371, 0.265543)
(0.0638309, -0.446103, 0.271806)
(0.0584064, -0.448356, 0.277785)
(0.0528993, -0.450634, 0.283895)
(0.0508592, -0.451478, 0.286156)
(0.0439649, -0.454332, 0.293807)
(0.0375683, -0.456995, 0.300959)
(0.0349371, -0.45807, 0.303903)
(0.0330629, -0.458836, 0.305999)
(0.0310757, -0.459638, 0.308221)
(0.0302377, -0.459977, 0.309157)
(0.0281569, -0.460824, 0.31149)
(0.02732, -0.461165, 0.312428)
(0.0261221, -0.461647, 0.313784)
(0.0243117, -0.462391, 0.315835)
(0.0243026, -0.462395, 0.315846)
(0.0223558, -0.463226, 0.318087)
(0.0204618, -0.464044, 0.320288)
(0.0204492, -0.46405, 0.320302)
(0.0183307, -0.464998, 0.322776)
(0.0183123, -0.465007, 0.322798)
(0.0164872, -0.465871, 0.324979)
(0.0164619, -0.465884, 0.325011)
(0.0125868, -0.467891, 0.329797)
(0.00911979, -0.469845, 0.334278)
(0.0079487, -0.470563, 0.335868)
(0.00665944, -0.471354, 0.337618)
(0.00230695, -0.474228, 0.343725)
(-0.00060972, -0.476269, 0.347947)
(-0.00454825, -0.479145, 0.35378)
(-0.00709529, -0.481101, 0.357658)
(-0.00848413, -0.482215, 0.359842)
(-0.0108434, -0.484207, 0.363735)
(-0.0113979, -0.484701, 0.364697)
(-0.0115728, -0.484856, 0.365)
(-0.0122199, -0.485482, 0.366202)
</SamplePoints>
<SampleFrames Num="178">((0.338084, 0.676241, 0.654521, 0.808774), (-0.932521, 0.146935, 0.329871, -0.108341), (0.126900, -0.721879, 0.680285, 0.261399), (0.000000, 0.000000, 0.000000, 1.000000))
((0.338504, 0.677378, 0.653126, 0.808354), (-0.932273, 0.147306, 0.330405, -0.108441), (0.127600, -0.720735, 0.681365, 0.261258), (0.000000, 0.000000, 0.000000, 1.000000))
((0.335932, 0.677274, 0.654560, 0.807502), (-0.933083, 0.144507, 0.329353, -0.108647), (0.128474, -0.721399, 0.680498, 0.260963), (0.000000, 0.000000, 0.000000, 1.000000))
((0.340493, 0.675758, 0.653770, 0.806998), (-0.931925, 0.150241, 0.330066, -0.108769), (0.124822, -0.721650, 0.680912, 0.260789), (0.000000, 0.000000, 0.000000, 1.000000))
((0.341709, 0.674186, 0.654758, 0.806714), (-0.931335, 0.149592, 0.332020, -0.108838), (0.125896, -0.723253, 0.679010, 0.260689), (0.000000, 0.000000, 0.000000, 1.000000))
((0.339672, 0.675789, 0.654165, 0.806559), (-0.931759, 0.146942, 0.332013, -0.108876), (0.128246, -0.722300, 0.679585, 0.260634), (0.000000, 0.000000, 0.000000, 1.000000))
((0.338977, 0.675862, 0.654450, 0.806219), (-0.931543, 0.143808, 0.333986, -0.108960), (0.131613, -0.722862, 0.678343, 0.260513), (0.000000, 0.000000, 0.000000, 1.000000))
((0.341609, 0.675479, 0.653476, 0.805850), (-0.930760, 0.146717, 0.334904, -0.109051), (0.130345, -0.722635, 0.678829, 0.260380), (0.000000, 0.000000, 0.000000, 1.000000))
((0.343650, 0.673838, 0.654100, 0.804411), (-0.930465, 0.150087, 0.334230, -0.109412), (0.127045, -0.723475, 0.678560, 0.259855), (0.000000, 0.000000, 0.000000, 1.000000))
((0.341535, 0.674891, 0.654123, 0.803772), (-0.931061, 0.147888, 0.333549, -0.109573), (0.128372, -0.722947, 0.678873, 0.259618), (0.000000, 0.000000, 0.000000, 1.000000))
((0.341164, 0.675072, 0.654129, 0.803129), (-0.930719, 0.145024, 0.335754, -0.109735), (0.131794, -0.723357, 0.677779, 0.259379), (0.000000, 0.000000, 0.000000, 1.000000))
((0.332840, 0.679292, 0.654049, 0.799142), (-0.932772, 0.135373, 0.334082, -0.110755), (0.138399, -0.721274, 0.678682, 0.257893), (0.000000, 0.000000, 0.000000, 1.000000))
((0.335087, 0.677988, 0.654255, 0.794545), (-0.932101, 0.137208, 0.335205, -0.111949), (0.137496, -0.722154, 0.677929, 0.256172), (0.000000, 0.000000, 0.000000, 1.000000))
((0.336025, 0.675508, 0.656336, 0.790628), (-0.931480, 0.135210, 0.337732, -0.112967), (0.139397, -0.724850, 0.674656, 0.254705), (0.000000, 0.000000, 0.000000, 1.000000))
((0.334628, 0.677261, 0.655242, 0.786980), (-0.931899, 0.134555, 0.336838, -0.113942), (0.139961, -0.723334, 0.676165, 0.253323), (0.000000, 0.000000, 0.000000, 1.000000))
((0.334277, 0.676882, 0.655813, 0.783695), (-0.931736, 0.132596, 0.338063, -0.114821), (0.141871, -0.724051, 0.674999, 0.252079), (0.000000, 0.000000, 0.000000, 1.000000))
((0.329945, 0.677736, 0.657122, 0.779555), (-0.933127, 0.128803, 0.335684, -0.115945), (0.142866, -0.723936, 0.674912, 0.250499), (0.000000, 0.000000, 0.000000, 1.000000))
((0.329758, 0.676800, 0.658180, 0.775257), (-0.933083, 0.127621, 0.336257, -0.117112), (0.143581, -0.725020, 0.673595, 0.248858), (0.000000, 0.000000, 0.000000, 1.000000))
((0.329895, 0.676500, 0.658420, 0.770721), (-0.932930, 0.127051, 0.336897, -0.118368), (0.144258, -0.725400, 0.673041, 0.247105), (0.000000, 0.000000, 0.000000, 1.000000))
((0.327896, 0.677533, 0.658357, 0.769357), (-0.933440, 0.125014, 0.336246, -0.118746), (0.145514, -0.724790, 0.673428, 0.246578), (0.000000, 0.000000, 0.000000, 1.000000))
((0.318869, 0.680127, 0.660114, 0.758511), (-0.935054, 0.111906, 0.336380, -0.121827), (0.154910, -0.724503, 0.671638, 0.242336), (0.000000, 0.000000, 0.000000, 1.000000))
((0.320716, 0.677516, 0.661901, 0.753386), (-0.934771, 0.113680, 0.336570, -0.123326), (0.152787, -0.726670, 0.669781, 0.240293), (0.000000, 0.000000, 0.000000, 1.000000))
((0.314915, 0.677884, 0.664306, 0.729842), (-0.935575, 0.103888, 0.337500, -0.130416), (0.159772, -0.727792, 0.666927, 0.230620), (0.000000, 0.000000, 0.000000, 1.000000))
((0.316584, 0.674857, 0.666590, 0.723704), (-0.934859, 0.102954, 0.339763, -0.132346), (0.160663, -0.730731, 0.663490, 0.228018), (0.000000, 0.000000, 0.000000, 1.000000))
((0.315038, 0.674985, 0.667193, 0.717745), (-0.935062, 0.100374, 0.339976, -0.134220), (0.162510, -0.730972, 0.662775, 0.225493), (0.000000, 0.000000, 0.000000, 1.000000))
((0.314902, 0.674126, 0.668125, 0.710509), (-0.934713, 0.098064, 0.341606, -0.136646), (0.164766, -0.732078, 0.660995, 0.222315), (0.000000, 0.000000, 0.000000, 1.000000))
((0.315410, 0.673509, 0.668507, 0.699903), (-0.934123, 0.096294, 0.343717, -0.140504), (0.167123, -0.732880, 0.659513, 0.217451), (0.000000, 0.000000, 0.000000, 1.000000))
((0.319477, 0.668610, 0.671487, 0.685106), (-0.932668, 0.096593, 0.347562, -0.146405), (0.167523, -0.737313, 0.654451, 0.210368), (0.000000, 0.000000, 0.000000, 1.000000))
((0.319626, 0.667596, 0.672425, 0.680424), (-0.932479, 0.095573, 0.348352, -0.148419), (0.168293, -0.738364, 0.653067, 0.208053), (0.000000, 0.000000, 0.000000, 1.000000))
((0.319836, 0.666804, 0.673110, 0.676289), (-0.932982, 0.097875, 0.346359, -0.150198), (0.165073, -0.738778, 0.653420, 0.206008), (0.000000, 0.000000, 0.000000, 1.000000))
((0.323806, 0.662001, 0.675947, 0.659797), (-0.931064, 0.095999, 0.351999, -0.158071), (0.168133, -0.743330, 0.647450, 0.197462), (0.000000, 0.000000, 0.000000, 1.000000))
((0.328507, 0.659749, 0.675881, 0.655277), (-0.929979, 0.100933, 0.353485, -0.160313), (0.164993, -0.744677, 0.646710, 0.195082), (0.000000, 0.000000, 0.000000, 1.000000))
((0.326598, 0.659838, 0.676718, 0.646973), (-0.929989, 0.096564, 0.354676, -0.164489), (0.168682, -0.745177, 0.645180, 0.190721), (0.000000, 0.000000, 0.000000, 1.000000))
((0.326403, 0.658537, 0.678078, 0.642990), (-0.930047, 0.095687, 0.354763, -0.166492), (0.168741, -0.746440, 0.643703, 0.188630), (0.000000, 0.000000, 0.000000, 1.000000))
((0.326350, 0.657387, 0.679219, 0.639149), (-0.929860, 0.094137, 0.355667, -0.168424), (0.169871, -0.747650, 0.641999, 0.186637), (0.000000, 0.000000, 0.000000, 1.000000))
((0.324803, 0.657646, 0.679710, 0.635112), (-0.930562, 0.093807, 0.353913, -0.170455), (0.168988, -0.747464, 0.642449, 0.184543), (0.000000, 0.000000, 0.000000, 1.000000))
((0.325036, 0.655690, 0.681485, 0.626276), (-0.929684, 0.089476, 0.357326, -0.174919), (0.173318, -0.749710, 0.638667, 0.180028), (0.000000, 0.000000, 0.000000, 1.000000))
((0.327721, 0.654395, 0.681444, 0.621569), (-0.929021, 0.092045, 0.358395, -0.177308), (0.171808, -0.750530, 0.638112, 0.177673), (0.000000, 0.000000, 0.000000, 1.000000))
((0.324513, 0.655750, 0.681677, 0.616536), (-0.929963, 0.089530, 0.356585, -0.179863), (0.172800, -0.749651, 0.638877, 0.175155), (0.000000, 0.000000, 0.000000, 1.000000))
((0.327181, 0.651298, 0.684663, 0.605610), (-0.929013, 0.089143, 0.359150, -0.185505), (0.172881, -0.753568, 0.634230, 0.169796), (0.000000, 0.000000, 0.000000, 1.000000))
((0.322999, 0.648069, 0.689694, 0.567464), (-0.928571, 0.076228, 0.363243, -0.207463), (0.182833, -0.757757, 0.626400, 0.152036), (0.000000, 0.000000, 0.000000, 1.000000))
((0.326272, 0.643643, 0.692293, 0.557438), (-0.927303, 0.075801, 0.366556, -0.213745), (0.183455, -0.761562, 0.621584, 0.147502), (0.000000, 0.000000, 0.000000, 1.000000))
((0.327658, 0.642599, 0.692609, 0.548463), (-0.925897, 0.072505, 0.370752, -0.219637), (0.188027, -0.762765, 0.618737, 0.143504), (0.000000, 0.000000, 0.000000, 1.000000))
((0.327285, 0.640970, 0.694293, 0.539320), (-0.926187, 0.072001, 0.370127, -0.225909), (0.187250, -0.764182, 0.617223, 0.139518), (0.000000, 0.000000, 0.000000, 1.000000))
((0.330310, 0.638892, 0.694775, 0.532604), (-0.924373, 0.070113, 0.374992, -0.230708), (0.190867, -0.766095, 0.613733, 0.136653), (0.000000, 0.000000, 0.000000, 1.000000))
((0.327825, 0.638578, 0.696239, 0.523934), (-0.924220, 0.064016, 0.376456, -0.237176), (0.195826, -0.766890, 0.611173, 0.133057), (0.000000, 0.000000, 0.000000, 1.000000))
((0.330430, 0.637433, 0.696057, 0.521707), (-0.923247, 0.065118, 0.378648, -0.238907), (0.196037, -0.767749, 0.610025, 0.132168), (0.000000, 0.000000, 0.000000, 1.000000))
((0.329406, 0.636931, 0.697001, 0.516528), (-0.922531, 0.059913, 0.381243, -0.242934), (0.201066, -0.768589, 0.607325, 0.130098), (0.000000, 0.000000, 0.000000, 1.000000))
((0.329066, 0.636528, 0.697530, 0.509516), (-0.921834, 0.056342, 0.383468, -0.248556), (0.204788, -0.769193, 0.605313, 0.127410), (0.000000, 0.000000, 0.000000, 1.000000))
((0.327775, 0.636626, 0.698048, 0.506462), (-0.922426, 0.055960, 0.382098, -0.251067), (0.204191, -0.769140, 0.605582, 0.126302), (0.000000, 0.000000, 0.000000, 1.000000))
((0.327753, 0.636361, 0.698300, 0.499300), (-0.921590, 0.052650, 0.384577, -0.257053), (0.207964, -0.769593, 0.603720, 0.123858), (0.000000, 0.000000, 0.000000, 1.000000))
((0.324411, 0.637026, 0.699253, 0.495638), (-0.921705, 0.046702, 0.385069, -0.260114), (0.212642, -0.769426, 0.602301, 0.122608), (0.000000, 0.000000, 0.000000, 1.000000))
((0.325133, 0.635794, 0.700039, 0.492366), (-0.921341, 0.046143, 0.386008, -0.262881), (0.213120, -0.770478, 0.600786, 0.121565), (0.000000, 0.000000, 0.000000, 1.000000))
((0.324372, 0.634599, 0.701475, 0.486973), (-0.921505, 0.044566, 0.385800, -0.267439), (0.213566, -0.771555, 0.599243, 0.119982), (0.000000, 0.000000, 0.000000, 1.000000))
((0.322799, 0.634126, 0.702627, 0.483979), (-0.921440, 0.040962, 0.386357, -0.269970), (0.216218, -0.772144, 0.597531, 0.119103), (0.000000, 0.000000, 0.000000, 1.000000))
((0.323596, 0.633816, 0.702541, 0.481035), (-0.920871, 0.040329, 0.387776, -0.272441), (0.217446, -0.772432, 0.596713, 0.118314), (0.000000, 0.000000, 0.000000, 1.000000))
((0.320252, 0.634611, 0.703354, 0.478161), (-0.921806, 0.037562, 0.385827, -0.274853), (0.218430, -0.771918, 0.597018, 0.117543), (0.000000, 0.000000, 0.000000, 1.000000))
((0.320854, 0.633318, 0.704245, 0.475459), (-0.921409, 0.036617, 0.386865, -0.277091), (0.219221, -0.773025, 0.595294, 0.116892), (0.000000, 0.000000, 0.000000, 1.000000))
((0.313987, 0.635190, 0.705653, 0.471141), (-0.922795, 0.029368, 0.384171, -0.280593), (0.223298, -0.771797, 0.595371, 0.115966), (0.000000, 0.000000, 0.000000, 1.000000))
((0.308065, 0.636438, 0.707137, 0.463530), (-0.922570, 0.018361, 0.385393, -0.286593), (0.232295, -0.771109, 0.592815, 0.114538), (0.000000, 0.000000, 0.000000, 1.000000))
((0.303949, 0.637640, 0.707835, 0.457915), (-0.923535, 0.014813, 0.383228, -0.290916), (0.233876, -0.770192, 0.593385, 0.113624), (0.000000, 0.000000, 0.000000, 1.000000))
((0.302365, 0.637633, 0.708519, 0.456328), (-0.923935, 0.013309, 0.382318, -0.292138), (0.234349, -0.770225, 0.593156, 0.113365), (0.000000, 0.000000, 0.000000, 1.000000))
((0.300661, 0.637600, 0.709274, 0.449592), (-0.923981, 0.010434, 0.382296, -0.297243), (0.236351, -0.770297, 0.592267, 0.112411), (0.000000, 0.000000, 0.000000, 1.000000))
((0.298059, 0.638328, 0.709717, 0.445409), (-0.923664, 0.005272, 0.383168, -0.300413), (0.240845, -0.769746, 0.591172, 0.111818), (0.000000, 0.000000, 0.000000, 1.000000))
((0.295157, 0.637977, 0.711244, 0.441440), (-0.923513, -0.000359, 0.383567, -0.303392), (0.244962, -0.770056, 0.589074, 0.111336), (0.000000, 0.000000, 0.000000, 1.000000))
((0.292946, 0.637275, 0.712786, 0.435895), (-0.924467, -0.001470, 0.381259, -0.307531), (0.244015, -0.770635, 0.588709, 0.110757), (0.000000, 0.000000, 0.000000, 1.000000))
((0.292401, 0.637204, 0.713073, 0.431780), (-0.923925, -0.004129, 0.382552, -0.310602), (0.246708, -0.770684, 0.587521, 0.110328), (0.000000, 0.000000, 0.000000, 1.000000))
((0.290067, 0.638328, 0.713021, 0.427740), (-0.924460, -0.005754, 0.381235, -0.313620), (0.247455, -0.769743, 0.588440, 0.109967), (0.000000, 0.000000, 0.000000, 1.000000))
((0.287330, 0.637837, 0.714567, 0.423567), (-0.924351, -0.010872, 0.381389, -0.316739), (0.251033, -0.770095, 0.586461, 0.109595), (0.000000, 0.000000, 0.000000, 1.000000))
((0.278918, 0.639216, 0.716665, 0.408386), (-0.925217, -0.021045, 0.378855, -0.327923), (0.257252, -0.768740, 0.585543, 0.108599), (0.000000, 0.000000, 0.000000, 1.000000))
((0.279214, 0.638341, 0.717328, 0.402922), (-0.924943, -0.021859, 0.379478, -0.331848), (0.257916, -0.769443, 0.584326, 0.108329), (0.000000, 0.000000, 0.000000, 1.000000))
((0.275086, 0.638549, 0.718737, 0.397928), (-0.925684, -0.026012, 0.377402, -0.335362), (0.259685, -0.769141, 0.583940, 0.108135), (0.000000, 0.000000, 0.000000, 1.000000))
((0.270453, 0.640647, 0.718628, 0.394776), (-0.925747, -0.031854, 0.376799, -0.337580), (0.264287, -0.767174, 0.584462, 0.108012), (0.000000, 0.000000, 0.000000, 1.000000))
((0.263407, 0.641890, 0.720134, 0.391645), (-0.926341, -0.040070, 0.374549, -0.339713), (0.269275, -0.765749, 0.584055, 0.107927), (0.000000, 0.000000, 0.000000, 1.000000))
((0.257729, 0.644719, 0.719662, 0.386595), (-0.926588, -0.046207, 0.373229, -0.343152), (0.273881, -0.763022, 0.585480, 0.107789), (0.000000, 0.000000, 0.000000, 1.000000))
((0.249399, 0.646744, 0.720779, 0.381634), (-0.927974, -0.053201, 0.368828, -0.346410), (0.276884, -0.760849, 0.586893, 0.107701), (0.000000, 0.000000, 0.000000, 1.000000))
((0.227873, 0.651896, 0.723260, 0.364351), (-0.928412, -0.078413, 0.363185, -0.356675), (0.293472, -0.754243, 0.587360, 0.107838), (0.000000, 0.000000, 0.000000, 1.000000))
((0.222863, 0.652372, 0.724392, 0.361457), (-0.928515, -0.084314, 0.361594, -0.358247), (0.296970, -0.753195, 0.586947, 0.107932), (0.000000, 0.000000, 0.000000, 1.000000))
((0.222863, 0.652372, 0.724392, 0.361457), (-0.928515, -0.084314, 0.361594, -0.358247), (0.296970, -0.753195, 0.586947, 0.107932), (0.000000, 0.000000, 0.000000, 1.000000))
((0.214496, 0.653544, 0.725859, 0.356754), (-0.928393, -0.094460, 0.359395, -0.360663), (0.303445, -0.750971, 0.586484, 0.108153), (0.000000, 0.000000, 0.000000, 1.000000))
((0.214599, 0.653609, 0.725770, 0.356519), (-0.928394, -0.094297, 0.359433, -0.360784), (0.303367, -0.750935, 0.586571, 0.108164), (0.000000, 0.000000, 0.000000, 1.000000))
((0.212006, 0.654969, 0.725307, 0.352872), (-0.928075, -0.097570, 0.359383, -0.362539), (0.306153, -0.749331, 0.587175, 0.108391), (0.000000, 0.000000, 0.000000, 1.000000))
((0.208744, 0.655739, 0.725557, 0.350875), (-0.927857, -0.101652, 0.358816, -0.363500), (0.309044, -0.748113, 0.587213, 0.108515), (0.000000, 0.000000, 0.000000, 1.000000))
((0.207275, 0.656692, 0.725116, 0.349862), (-0.927617, -0.103511, 0.358903, -0.363954), (0.310746, -0.747022, 0.587704, 0.108593), (0.000000, 0.000000, 0.000000, 1.000000))
((0.204870, 0.656511, 0.725963, 0.345729), (-0.926433, -0.109263, 0.360254, -0.365684), (0.315831, -0.746361, 0.585829, 0.108961), (0.000000, 0.000000, 0.000000, 1.000000))
((0.201310, 0.657544, 0.726023, 0.343800), (-0.925757, -0.114478, 0.360372, -0.366492), (0.320074, -0.744668, 0.585681, 0.109134), (0.000000, 0.000000, 0.000000, 1.000000))
((0.197444, 0.657951, 0.726716, 0.343152), (-0.925369, -0.119605, 0.359704, -0.366742), (0.323586, -0.743502, 0.585232, 0.109200), (0.000000, 0.000000, 0.000000, 1.000000))
((0.193709, 0.659451, 0.726362, 0.342353), (-0.924627, -0.124768, 0.359858, -0.367051), (0.327935, -0.741321, 0.585578, 0.109282), (0.000000, 0.000000, 0.000000, 1.000000))
((0.186689, 0.661686, 0.726167, 0.339619), (-0.923435, -0.134074, 0.359572, -0.368026), (0.335284, -0.737696, 0.585994, 0.109600), (0.000000, 0.000000, 0.000000, 1.000000))
((0.167286, 0.666830, 0.726191, 0.336060), (-0.917237, -0.164822, 0.362644, -0.369101), (0.361514, -0.726754, 0.584069, 0.110129), (0.000000, 0.000000, 0.000000, 1.000000))
((0.165739, 0.668198, 0.725288, 0.334925), (-0.916437, -0.167285, 0.363537, -0.369416), (0.364244, -0.724933, 0.584636, 0.110321), (0.000000, 0.000000, 0.000000, 1.000000))
((0.165739, 0.668198, 0.725288, 0.334925), (-0.916437, -0.167285, 0.363537, -0.369416), (0.364244, -0.724933, 0.584636, 0.110321), (0.000000, 0.000000, 0.000000, 1.000000))
((0.153420, 0.669681, 0.726629, 0.327618), (-0.912074, -0.186987, 0.364907, -0.371306), (0.380242, -0.718723, 0.582111, 0.111708), (0.000000, 0.000000, 0.000000, 1.000000))
((0.148654, 0.669868, 0.727447, 0.322844), (-0.911076, -0.193252, 0.364134, -0.372478), (0.384502, -0.716890, 0.581573, 0.112718), (0.000000, 0.000000, 0.000000, 1.000000))
((0.145668, 0.669581, 0.728315, 0.319047), (-0.908836, -0.200299, 0.365920, -0.373375), (0.390894, -0.715221, 0.579362, 0.113616), (0.000000, 0.000000, 0.000000, 1.000000))
((0.145668, 0.669581, 0.728315, 0.319047), (-0.908836, -0.200299, 0.365920, -0.373375), (0.390894, -0.715221, 0.579362, 0.113616), (0.000000, 0.000000, 0.000000, 1.000000))
((0.129781, 0.669436, 0.731446, 0.303088), (-0.904107, -0.222994, 0.364506, -0.377000), (0.407121, -0.708611, 0.576301, 0.117769), (0.000000, 0.000000, 0.000000, 1.000000))
((0.118219, 0.664761, 0.737643, 0.278769), (-0.898627, -0.244439, 0.364307, -0.382491), (0.422486, -0.705933, 0.568475, 0.124965), (0.000000, 0.000000, 0.000000, 1.000000))
((0.115006, 0.660976, 0.741542, 0.258946), (-0.896583, -0.252327, 0.363964, -0.386846), (0.427683, -0.706712, 0.563601, 0.131447), (0.000000, 0.000000, 0.000000, 1.000000))
((0.115006, 0.660976, 0.741542, 0.258946), (-0.896583, -0.252327, 0.363964, -0.386846), (0.427683, -0.706712, 0.563601, 0.131447), (0.000000, 0.000000, 0.000000, 1.000000))
((0.112901, 0.659516, 0.743164, 0.251596), (-0.895272, -0.256900, 0.363993, -0.388416), (0.430978, -0.706429, 0.561442, 0.133932), (0.000000, 0.000000, 0.000000, 1.000000))
((0.114242, 0.658481, 0.743876, 0.247156), (-0.894561, -0.257494, 0.365318, -0.389365), (0.432098, -0.707177, 0.559635, 0.135432), (0.000000, 0.000000, 0.000000, 1.000000))
((0.112137, 0.656540, 0.745909, 0.230734), (-0.892211, -0.263949, 0.366456, -0.392702), (0.437475, -0.706602, 0.556174, 0.141306), (0.000000, 0.000000, 0.000000, 1.000000))
((0.110907, 0.655959, 0.746604, 0.225847), (-0.892505, -0.264734, 0.365173, -0.393677), (0.437190, -0.706848, 0.556086, 0.143131), (0.000000, 0.000000, 0.000000, 1.000000))
((0.111313, 0.654335, 0.747967, 0.214780), (-0.890295, -0.268765, 0.367615, -0.395860), (0.441571, -0.706831, 0.552634, 0.147582), (0.000000, 0.000000, 0.000000, 1.000000))
((0.107720, 0.653991, 0.748794, 0.211821), (-0.889653, -0.272768, 0.366217, -0.396445), (0.443750, -0.705616, 0.552442, 0.148792), (0.000000, 0.000000, 0.000000, 1.000000))
((0.110668, 0.653046, 0.749189, 0.207247), (-0.889382, -0.271363, 0.367916, -0.397337), (0.443568, -0.707031, 0.550776, 0.150785), (0.000000, 0.000000, 0.000000, 1.000000))
((0.110947, 0.652627, 0.749512, 0.205818), (-0.889898, -0.270525, 0.367284, -0.397616), (0.442461, -0.707739, 0.550758, 0.151408), (0.000000, 0.000000, 0.000000, 1.000000))
((0.110477, 0.652941, 0.749308, 0.199894), (-0.888246, -0.273368, 0.369173, -0.398791), (0.445885, -0.706355, 0.549771, 0.154193), (0.000000, 0.000000, 0.000000, 1.000000))
((0.111566, 0.651112, 0.750737, 0.195257), (-0.885706, -0.277427, 0.372235, -0.399755), (0.450641, -0.706462, 0.545742, 0.156575), (0.000000, 0.000000, 0.000000, 1.000000))
((0.109751, 0.650456, 0.751573, 0.192492), (-0.885748, -0.279093, 0.370888, -0.400330), (0.451005, -0.706409, 0.545509, 0.157995), (0.000000, 0.000000, 0.000000, 1.000000))
((0.110827, 0.649710, 0.752060, 0.186379), (-0.885093, -0.279655, 0.372027, -0.401673), (0.452027, -0.706873, 0.544060, 0.161460), (0.000000, 0.000000, 0.000000, 1.000000))
((0.113369, 0.648738, 0.752520, 0.183712), (-0.884539, -0.279032, 0.373808, -0.402321), (0.452481, -0.708011, 0.542200, 0.163118), (0.000000, 0.000000, 0.000000, 1.000000))
((0.115900, 0.647754, 0.752982, 0.181467), (-0.883985, -0.278416, 0.375573, -0.402866), (0.452921, -0.709153, 0.540337, 0.164514), (0.000000, 0.000000, 0.000000, 1.000000))
((0.111905, 0.647371, 0.753915, 0.178902), (-0.883155, -0.283001, 0.374095, -0.403570), (0.455537, -0.707687, 0.540060, 0.166244), (0.000000, 0.000000, 0.000000, 1.000000))
((0.114418, 0.646383, 0.754385, 0.176488), (-0.882616, -0.282388, 0.375826, -0.404233), (0.455957, -0.708834, 0.538198, 0.167872), (0.000000, 0.000000, 0.000000, 1.000000))
((0.114941, 0.646936, 0.753832, 0.173733), (-0.882964, -0.281165, 0.375926, -0.405079), (0.455151, -0.708816, 0.538904, 0.169858), (0.000000, 0.000000, 0.000000, 1.000000))
((0.115223, 0.645210, 0.755267, 0.170799), (-0.882124, -0.283114, 0.376435, -0.405980), (0.456706, -0.709613, 0.536534, 0.171973), (0.000000, 0.000000, 0.000000, 1.000000))
((0.115665, 0.645568, 0.754893, 0.168424), (-0.882527, -0.281967, 0.376353, -0.406782), (0.455816, -0.709744, 0.537117, 0.173784), (0.000000, 0.000000, 0.000000, 1.000000))
((0.115665, 0.645568, 0.754893, 0.168407), (-0.882527, -0.281967, 0.376353, -0.406788), (0.455816, -0.709744, 0.537117, 0.173797), (0.000000, 0.000000, 0.000000, 1.000000))
((0.113547, 0.644824, 0.755850, 0.159591), (-0.879339, -0.288892, 0.378556, -0.409946), (0.462461, -0.707632, 0.534216, 0.180830), (0.000000, 0.000000, 0.000000, 1.000000))
((0.114972, 0.640337, 0.759440, 0.148107), (-0.877547, -0.292786, 0.379721, -0.414173), (0.465503, -0.710102, 0.528264, 0.190358), (0.000000, 0.000000, 0.000000, 1.000000))
((0.115307, 0.640093, 0.759595, 0.144676), (-0.878565, -0.291095, 0.378665, -0.415457), (0.463495, -0.711017, 0.528798, 0.193313), (0.000000, 0.000000, 0.000000, 1.000000))
((0.116421, 0.638962, 0.760377, 0.139302), (-0.875993, -0.294735, 0.381795, -0.417467), (0.468062, -0.710534, 0.525413, 0.197941), (0.000000, 0.000000, 0.000000, 1.000000))
((0.117306, 0.637960, 0.761082, 0.135175), (-0.875531, -0.295265, 0.382445, -0.419003), (0.468705, -0.711214, 0.523917, 0.201571), (0.000000, 0.000000, 0.000000, 1.000000))
((0.115810, 0.636225, 0.762762, 0.130625), (-0.874695, -0.298537, 0.381817, -0.420696), (0.470634, -0.711402, 0.521930, 0.205573), (0.000000, 0.000000, 0.000000, 1.000000))
((0.116132, 0.635099, 0.763651, 0.126987), (-0.873879, -0.300089, 0.382468, -0.422031), (0.472068, -0.711756, 0.520150, 0.208832), (0.000000, 0.000000, 0.000000, 1.000000))
((0.116432, 0.633965, 0.764547, 0.123401), (-0.873077, -0.301639, 0.383080, -0.423347), (0.473477, -0.712111, 0.518380, 0.212044), (0.000000, 0.000000, 0.000000, 1.000000))
((0.114783, 0.632640, 0.765892, 0.120365), (-0.871601, -0.305752, 0.383181, -0.424431), (0.476589, -0.711535, 0.516315, 0.214795), (0.000000, 0.000000, 0.000000, 1.000000))
((0.115438, 0.632596, 0.765831, 0.116997), (-0.870241, -0.307310, 0.385022, -0.425633), (0.478911, -0.710903, 0.515035, 0.217846), (0.000000, 0.000000, 0.000000, 1.000000))
((0.113639, 0.632263, 0.766374, 0.114174), (-0.870628, -0.308241, 0.383399, -0.426622), (0.478637, -0.710796, 0.515438, 0.220453), (0.000000, 0.000000, 0.000000, 1.000000))
((0.113895, 0.631645, 0.766846, 0.111714), (-0.869188, -0.310493, 0.384846, -0.427484), (0.481186, -0.710365, 0.513655, 0.222726), (0.000000, 0.000000, 0.000000, 1.000000))
((0.111704, 0.631062, 0.767648, 0.109474), (-0.869381, -0.312119, 0.383092, -0.428285), (0.481352, -0.710171, 0.513768, 0.224836), (0.000000, 0.000000, 0.000000, 1.000000))
((0.111704, 0.631062, 0.767648, 0.109474), (-0.869381, -0.312119, 0.383092, -0.428285), (0.481352, -0.710171, 0.513768, 0.224836), (0.000000, 0.000000, 0.000000, 1.000000))
((0.111787, 0.629919, 0.768574, 0.106235), (-0.868525, -0.313889, 0.383586, -0.429456), (0.482875, -0.710405, 0.512012, 0.227948), (0.000000, 0.000000, 0.000000, 1.000000))
((0.111787, 0.629919, 0.768574, 0.106235), (-0.868525, -0.313889, 0.383586, -0.429456), (0.482875, -0.710405, 0.512012, 0.227948), (0.000000, 0.000000, 0.000000, 1.000000))
((0.112642, 0.627735, 0.770234, 0.097138), (-0.865042, -0.319447, 0.386854, -0.432757), (0.488891, -0.709861, 0.507034, 0.236832), (0.000000, 0.000000, 0.000000, 1.000000))
((0.106962, 0.627535, 0.771206, 0.091484), (-0.861952, -0.328091, 0.386517, -0.434841), (0.495579, -0.706085, 0.505812, 0.242436), (0.000000, 0.000000, 0.000000, 1.000000))
((0.103263, 0.626842, 0.772273, 0.085840), (-0.859940, -0.333910, 0.386014, -0.437008), (0.499840, -0.703970, 0.504566, 0.248184), (0.000000, 0.000000, 0.000000, 1.000000))
((0.099152, 0.626180, 0.773348, 0.078160), (-0.855792, -0.342889, 0.387359, -0.440152), (0.507729, -0.700233, 0.501882, 0.256350), (0.000000, 0.000000, 0.000000, 1.000000))
((0.099501, 0.626438, 0.773094, 0.074730), (-0.854231, -0.344665, 0.389225, -0.441564), (0.510284, -0.699129, 0.500828, 0.260011), (0.000000, 0.000000, 0.000000, 1.000000))
((0.099639, 0.625760, 0.773625, 0.072166), (-0.852790, -0.346879, 0.390414, -0.442636), (0.512660, -0.698641, 0.499079, 0.262776), (0.000000, 0.000000, 0.000000, 1.000000))
((0.093434, 0.625258, 0.774805, 0.069600), (-0.851066, -0.353693, 0.388057, -0.443710), (0.516679, -0.695668, 0.499089, 0.265543), (0.000000, 0.000000, 0.000000, 1.000000))
((0.086136, 0.625931, 0.775107, 0.063831), (-0.843615, -0.368049, 0.390964, -0.446103), (0.529994, -0.687568, 0.496343, 0.271806), (0.000000, 0.000000, 0.000000, 1.000000))
((0.078049, 0.625914, 0.775977, 0.058406), (-0.838775, -0.379475, 0.390455, -0.448356), (0.538855, -0.681345, 0.495383, 0.277785), (0.000000, 0.000000, 0.000000, 1.000000))
((0.064288, 0.626389, 0.776855, 0.052899), (-0.830356, -0.398207, 0.389795, -0.450634), (0.553512, -0.670126, 0.494526, 0.283895), (0.000000, 0.000000, 0.000000, 1.000000))
((0.060512, 0.625744, 0.777678, 0.050859), (-0.826423, -0.405528, 0.390605, -0.451478), (0.559789, -0.666327, 0.492590, 0.286156), (0.000000, 0.000000, 0.000000, 1.000000))
((0.052464, 0.626079, 0.777993, 0.043965), (-0.818455, -0.419415, 0.392711, -0.454332), (0.572170, -0.657355, 0.490413, 0.293807), (0.000000, 0.000000, 0.000000, 1.000000))
((0.037456, 0.627010, 0.778110, 0.037568), (-0.804816, -0.442626, 0.395415, -0.456995), (0.592341, -0.641046, 0.488049, 0.300959), (0.000000, 0.000000, 0.000000, 1.000000))
((0.031576, 0.626717, 0.778607, 0.034937), (-0.798899, -0.452301, 0.396465, -0.458070), (0.600636, -0.634547, 0.486402, 0.303903), (0.000000, 0.000000, 0.000000, 1.000000))
((0.025332, 0.627152, 0.778485, 0.033063), (-0.795235, -0.459245, 0.395847, -0.458836), (0.605771, -0.629106, 0.487100, 0.305999), (0.000000, 0.000000, 0.000000, 1.000000))
((0.019185, 0.626528, 0.779163, 0.031076), (-0.788865, -0.469305, 0.396794, -0.459638), (0.614267, -0.622267, 0.485242, 0.308221), (0.000000, 0.000000, 0.000000, 1.000000))
((0.017246, 0.627333, 0.778560, 0.030238), (-0.787359, -0.471412, 0.397286, -0.459977), (0.616253, -0.619858, 0.485806, 0.309157), (0.000000, 0.000000, 0.000000, 1.000000))
((0.011825, 0.628079, 0.778060, 0.028157), (-0.780488, -0.480604, 0.399823, -0.460824), (0.625059, -0.611994, 0.484525, 0.311490), (0.000000, 0.000000, 0.000000, 1.000000))
((0.005842, 0.627133, 0.778890, 0.027320), (-0.776974, -0.487486, 0.398333, -0.461165), (0.629506, -0.607504, 0.484418, 0.312428), (0.000000, 0.000000, 0.000000, 1.000000))
((0.004401, 0.628407, 0.777872, 0.026122), (-0.768752, -0.495357, 0.404526, -0.461647), (0.639531, -0.599771, 0.480909, 0.313784), (0.000000, 0.000000, 0.000000, 1.000000))
((0.013352, 0.630144, 0.776364, 0.024312), (-0.757786, -0.500187, 0.419015, -0.462391), (0.652367, -0.593912, 0.470835, 0.315835), (0.000000, 0.000000, 0.000000, 1.000000))
((0.013352, 0.630144, 0.776364, 0.024303), (-0.757786, -0.500187, 0.419015, -0.462395), (0.652367, -0.593912, 0.470835, 0.315846), (0.000000, 0.000000, 0.000000, 1.000000))
((0.020041, 0.630242, 0.776140, 0.022356), (-0.753179, -0.501008, 0.426278, -0.463226), (0.657511, -0.593115, 0.464644, 0.318087), (0.000000, 0.000000, 0.000000, 1.000000))
((0.023780, 0.632077, 0.774540, 0.020462), (-0.746087, -0.504468, 0.434587, -0.464044), (0.665423, -0.588209, 0.459589, 0.320288), (0.000000, 0.000000, 0.000000, 1.000000))
((0.023780, 0.632077, 0.774540, 0.020449), (-0.746087, -0.504468, 0.434587, -0.464050), (0.665423, -0.588209, 0.459589, 0.320302), (0.000000, 0.000000, 0.000000, 1.000000))
((0.029672, 0.634760, 0.772139, 0.018331), (-0.740265, -0.505117, 0.443694, -0.464998), (0.671660, -0.584753, 0.454903, 0.322776), (0.000000, 0.000000, 0.000000, 1.000000))
((0.029672, 0.634760, 0.772139, 0.018312), (-0.740265, -0.505117, 0.443694, -0.465007), (0.671660, -0.584753, 0.454903, 0.322798), (0.000000, 0.000000, 0.000000, 1.000000))
((0.027797, 0.635668, 0.771462, 0.016487), (-0.738796, -0.506806, 0.444217, -0.465871), (0.673356, -0.582301, 0.455541, 0.324979), (0.000000, 0.000000, 0.000000, 1.000000))
((0.027797, 0.635668, 0.771462, 0.016462), (-0.738796, -0.506806, 0.444217, -0.465884), (0.673356, -0.582301, 0.455541, 0.325011), (0.000000, 0.000000, 0.000000, 1.000000))
((0.023086, 0.637036, 0.770488, 0.012587), (-0.736963, -0.509928, 0.443688, -0.467891), (0.675539, -0.578064, 0.457700, 0.329797), (0.000000, 0.000000, 0.000000, 1.000000))
((0.015215, 0.639953, 0.768263, 0.009120), (-0.740567, -0.509034, 0.438685, -0.469845), (0.671810, -0.575625, 0.466183, 0.334278), (0.000000, 0.000000, 0.000000, 1.000000))
((0.015108, 0.641019, 0.767377, 0.007949), (-0.740769, -0.508304, 0.439190, -0.470563), (0.671590, -0.575084, 0.467167, 0.335868), (0.000000, 0.000000, 0.000000, 1.000000))
((0.014904, 0.639469, 0.768673, 0.006659), (-0.739044, -0.510765, 0.439241, -0.471354), (0.673492, -0.574629, 0.464983, 0.337618), (0.000000, 0.000000, 0.000000, 1.000000))
((0.006548, 0.640120, 0.768247, 0.002307), (-0.741164, -0.512634, 0.433454, -0.474228), (0.671292, -0.572236, 0.471077, 0.343725), (0.000000, 0.000000, 0.000000, 1.000000))
((0.001568, 0.642019, 0.766687, -0.000610), (-0.744842, -0.510815, 0.429277, -0.476269), (0.667239, -0.571734, 0.477402, 0.347947), (0.000000, 0.000000, 0.000000, 1.000000))
((0.006196, 0.642981, 0.765857, -0.004548), (-0.746995, -0.506186, 0.431016, -0.479145), (0.664801, -0.574762, 0.477167, 0.353780), (0.000000, 0.000000, 0.000000, 1.000000))
((0.014311, 0.644372, 0.764578, -0.007095), (-0.750487, -0.498361, 0.434057, -0.481101), (0.660730, -0.580018, 0.476461, 0.357658), (0.000000, 0.000000, 0.000000, 1.000000))
((0.016369, 0.645481, 0.763601, -0.008484), (-0.752127, -0.495257, 0.434770, -0.482215), (0.658814, -0.581442, 0.477377, 0.359842), (0.000000, 0.000000, 0.000000, 1.000000))
((0.018651, 0.645232, 0.763759, -0.010843), (-0.752254, -0.494138, 0.435823, -0.484207), (0.658609, -0.582669, 0.476162, 0.363735), (0.000000, 0.000000, 0.000000, 1.000000))
((0.021904, 0.645638, 0.763329, -0.011398), (-0.758542, -0.486629, 0.433366, -0.484701), (0.651256, -0.588510, 0.479084, 0.364697), (0.000000, 0.000000, 0.000000, 1.000000))
((0.022116, 0.647353, 0.761869, -0.011573), (-0.757623, -0.486372, 0.435258, -0.484856), (0.652317, -0.586836, 0.479693, 0.365000), (0.000000, 0.000000, 0.000000, 1.000000))
((0.020305, 0.647843, 0.761503, -0.012220), (-0.756342, -0.488169, 0.435474, -0.485482), (0.653861, -0.584799, 0.480079, 0.366202), (0.000000, 0.000000, 0.000000, 1.000000))
</SampleFrames>
<SampleWeights Num="178">0.0227096
0.043343
0.0295404
0.03941
0.0476544
0.0602865
0.0801894
0.0820047
0.0757479
0.0801662
0.0932404
0.114313
0.118084
0.133563
0.153601
0.158397
0.158254
0.159319
0.181376
0.19061
0.223132
0.211842
0.263274
0.250816
0.259165
0.30251
0.307332
0.312247
0.306065
0.304357
0.324128
0.313939
0.351612
0.356816
0.350409
0.344823
0.356149
0.366343
0.354797
0.343564
0.401181
0.368325
0.394968
0.342031
0.360332
0.340729
0.331456
0.337657
0.333237
0.322328
0.318851
0.322123
0.309049
0.291718
0.303911
0.316963
0.326829
0.322737
0.32567
0.35402
0.33683
0.329389
0.329263
0.339447
0.331987
0.302439
0.30238
0.316197
0.315906
0.288539
0.281654
0.256991
0.250062
0.262637
0.290279
0.264079
0.266134
0.272139
0.272139
0.269496
0.269808
0.265725
0.265567
0.273985
0.270927
0.2507
0.246417
0.25006
0.253897
0.196838
0.181811
0.181811
0.148807
0.129748
0.124805
0.124806
0.128992
0.151095
0.121309
0.121309
0.132276
0.13619
0.13751
0.111757
0.114101
0.116589
0.109899
0.108221
0.117919
0.133578
0.118117
0.104151
0.10491
0.10066
0.0898316
0.0876199
0.0780859
0.067113
0.0628917
0.0628896
0.0706108
0.0516217
0.0400865
0.0495527
0.0593598
0.0671509
0.0604695
0.0583826
0.0614073
0.0732985
0.075703
0.0756657
0.0776581
0.0776581
0.076331
0.0763311
0.0761032
0.0701015
0.0678765
0.044354
0.0399597
0.0287128
0.0248977
0.0367365
0.0211627
0.0363372
0.0404797
0.0534355
0.0644859
0.066424
0.0541434
0.0457352
0.0478813
0.0627107
0.0663795
0.0531114
0.0876712
0.0876707
0.0720244
0.0679402
0.067939
0.0701958
0.0701924
0.0623302
0.0623227
0.0930511
0.0883924
0.0986377
0.109407
0.12294
0.121891
0.157747
0.158791
0.164336
0.174258
0.160962
0.163775
0.169745
</SampleWeights>
</PointSplatMark>
