<PointSplatMark HeadPosAtStart="(0.66878, -0.0760006, 2.75625)" BrushTip="0" BrushInterface="ForceTapeDraw" SuperSamplesPerWidth="20" Draw="0" Width="0.06" Pose="1" LayerIndex="0" Name="wing" RoomToVirtualScaleAtStart="1.45521" RoomToVirtualFrameAtStart="((0.892383, 0.400239, 0.208476, 0.045635), (-0.314573, 0.882928, -0.348543, 0.361780), (-0.323570, 0.245453, 0.913814, -0.294914), (0.000000, 0.000000, 0.000000, 1.000000))" ColorSwatch="0.302658"><SamplePoints Num="148">(0.630084, 0.585916, 0.0456479)
(0.629001, 0.585778, 0.04481)
(0.62772, 0.585614, 0.0438187)
(0.626934, 0.585514, 0.0432146)
(0.626637, 0.585476, 0.0429863)
(0.626489, 0.585457, 0.0428726)
(0.624045, 0.58514, 0.0409984)
(0.620845, 0.58471, 0.0385281)
(0.616328, 0.584086, 0.0350335)
(0.613932, 0.583755, 0.0331803)
(0.611502, 0.583409, 0.0312989)
(0.60877, 0.58302, 0.0291829)
(0.605621, 0.582562, 0.0267461)
(0.601954, 0.582029, 0.0239086)
(0.598935, 0.581582, 0.0215843)
(0.596937, 0.581287, 0.020046)
(0.595058, 0.581009, 0.0186081)
(0.592901, 0.580689, 0.0169564)
(0.590924, 0.580404, 0.0154537)
(0.589126, 0.580144, 0.0140867)
(0.587819, 0.579966, 0.0131054)
(0.586262, 0.579753, 0.0119364)
(0.584043, 0.57947, 0.0102904)
(0.582923, 0.579328, 0.00945941)
(0.579268, 0.578905, 0.00679592)
(0.577867, 0.578744, 0.00577545)
(0.577055, 0.578658, 0.00518958)
(0.575735, 0.578519, 0.00423703)
(0.574531, 0.578405, 0.00338055)
(0.573872, 0.578343, 0.00291247)
(0.572967, 0.578271, 0.00227915)
(0.571505, 0.578155, 0.00125565)
(0.568919, 0.577981, -0.000527016)
(0.566073, 0.577789, -0.00248988)
(0.563701, 0.577666, -0.00409275)
(0.561851, 0.57757, -0.00534315)
(0.560286, 0.577511, -0.00638487)
(0.55855, 0.577445, -0.00754047)
(0.55686, 0.577398, -0.00865375)
(0.556827, 0.577398, -0.00867534)
(0.552913, 0.57731, -0.011247)
(0.551372, 0.577284, -0.0122497)
(0.55071, 0.577273, -0.0126803)
(0.550283, 0.577267, -0.012958)
(0.549091, 0.577252, -0.0137335)
(0.548012, 0.577243, -0.0144321)
(0.547081, 0.577236, -0.0150349)
(0.544244, 0.577231, -0.0168688)
(0.54111, 0.577257, -0.0188895)
(0.539739, 0.577269, -0.019773)
(0.539097, 0.577283, -0.0201814)
(0.538568, 0.577295, -0.0205172)
(0.536591, 0.577381, -0.0217572)
(0.532315, 0.577685, -0.0244006)
(0.528965, 0.578064, -0.0263928)
(0.526427, 0.578485, -0.0278227)
(0.522759, 0.579328, -0.0297432)
(0.519824, 0.580003, -0.0312791)
(0.514825, 0.581501, -0.0336686)
(0.511936, 0.582568, -0.0349205)
(0.510079, 0.583253, -0.035725)
(0.508461, 0.583953, -0.0363572)
(0.504872, 0.585504, -0.0377593)
(0.495732, 0.590257, -0.0408008)
(0.490977, 0.592767, -0.042355)
(0.487467, 0.594732, -0.0434401)
(0.485066, 0.596076, -0.0441825)
(0.483114, 0.597211, -0.044757)
(0.480485, 0.598741, -0.0455308)
(0.477358, 0.600611, -0.0464199)
(0.475988, 0.601431, -0.0468097)
(0.472977, 0.60327, -0.0476191)
(0.470838, 0.604577, -0.0481944)
(0.468727, 0.605889, -0.0487307)
(0.467298, 0.606777, -0.049094)
(0.465135, 0.608159, -0.0496157)
(0.462791, 0.609656, -0.0501813)
(0.46035, 0.611273, -0.050736)
(0.455529, 0.614626, -0.0517238)
(0.452934, 0.61643, -0.0522553)
(0.450458, 0.618252, -0.0527138)
(0.448816, 0.619461, -0.0530181)
(0.446635, 0.621173, -0.0533622)
(0.44485, 0.622575, -0.0536439)
(0.441913, 0.625039, -0.0540108)
(0.439192, 0.627323, -0.0543508)
(0.43682, 0.629445, -0.0545758)
(0.435181, 0.630913, -0.0547314)
(0.43279, 0.633188, -0.0548808)
(0.430768, 0.635112, -0.0550072)
(0.426037, 0.639871, -0.0551253)
(0.424335, 0.641676, -0.0551027)
(0.423449, 0.642616, -0.055091)
(0.423123, 0.642979, -0.0550727)
(0.419638, 0.646859, -0.0548773)
(0.417533, 0.649303, -0.0546533)
(0.415794, 0.651321, -0.0544682)
(0.413953, 0.653533, -0.054194)
(0.412398, 0.655401, -0.0539624)
(0.4108, 0.657371, -0.0536668)
(0.4086, 0.660086, -0.0532568)
(0.406073, 0.663257, -0.0527165)
(0.404829, 0.664837, -0.0524197)
(0.403702, 0.666268, -0.0521508)
(0.402875, 0.667324, -0.0519385)
(0.401758, 0.668754, -0.0516516)
(0.401028, 0.669693, -0.0514534)
(0.40094, 0.669806, -0.0514295)
(0.400139, 0.670848, -0.0511922)
(0.399482, 0.671705, -0.0509941)
(0.39876, 0.672653, -0.0507685)
(0.398415, 0.673111, -0.0506586)
(0.398236, 0.67335, -0.0506015)
(0.397766, 0.673984, -0.0504487)
(0.397186, 0.674766, -0.0502602)
(0.396618, 0.675549, -0.0500767)
(0.396124, 0.67623, -0.0499171)
(0.395633, 0.676924, -0.0497617)
(0.395109, 0.677665, -0.0495959)
(0.394421, 0.678676, -0.0493825)
(0.393791, 0.679602, -0.0491871)
(0.393014, 0.680819, -0.0489448)
(0.392738, 0.681252, -0.0488588)
(0.391308, 0.683704, -0.0483857)
(0.390707, 0.684854, -0.0481574)
(0.390344, 0.685546, -0.0480199)
(0.389797, 0.686722, -0.0477805)
(0.38937, 0.687641, -0.0475934)
(0.38864, 0.689416, -0.0472256)
(0.388015, 0.690936, -0.0469107)
(0.387407, 0.692602, -0.0465672)
(0.386787, 0.694302, -0.0462169)
(0.38598, 0.696794, -0.0457039)
(0.385135, 0.699403, -0.0451668)
(0.384298, 0.702321, -0.0445561)
(0.383438, 0.705318, -0.0439288)
(0.382676, 0.708309, -0.0432903)
(0.381583, 0.71315, -0.0422158)
(0.381092, 0.715321, -0.0417338)
(0.380587, 0.717908, -0.0411152)
(0.380154, 0.720125, -0.0405849)
(0.379699, 0.722828, -0.0398996)
(0.379324, 0.725051, -0.0393363)
(0.379003, 0.727241, -0.0387455)
(0.378745, 0.729005, -0.0382698)
(0.37853, 0.730632, -0.0378061)
(0.378314, 0.732269, -0.0373396)
(0.378133, 0.733683, -0.0369102)
</SamplePoints>
<SampleFrames Num="148">((-0.324843, 0.884169, 0.335742, 0.630084), (0.034313, 0.365778, -0.930069, 0.585916), (-0.945145, -0.290606, -0.149159, 0.045648), (0.000000, 0.000000, 0.000000, 1.000000))
((0.326239, 0.852056, 0.409352, 0.629001), (0.032115, 0.422805, -0.905651, 0.585778), (-0.944742, 0.308605, 0.110572, 0.044810), (0.000000, 0.000000, 0.000000, 1.000000))
((0.328650, 0.849817, 0.412068, 0.627720), (0.030995, 0.426364, -0.904021, 0.585614), (-0.943943, 0.309878, 0.113784, 0.043819), (0.000000, 0.000000, 0.000000, 1.000000))
((0.325050, 0.851770, 0.410889, 0.626934), (0.029479, 0.425145, -0.904645, 0.585514), (-0.945237, 0.306168, 0.113084, 0.043215), (0.000000, 0.000000, 0.000000, 1.000000))
((0.322168, 0.853703, 0.409145, 0.626637), (0.031026, 0.422435, -0.905862, 0.585476), (-0.946174, 0.304534, 0.109608, 0.042986), (0.000000, 0.000000, 0.000000, 1.000000))
((0.322116, 0.853784, 0.409016, 0.626489), (0.031227, 0.422227, -0.905952, 0.585457), (-0.946185, 0.304594, 0.109345, 0.042873), (0.000000, 0.000000, 0.000000, 1.000000))
((0.325316, 0.852443, 0.409281, 0.624045), (0.026508, 0.424433, -0.905071, 0.585140), (-0.945234, 0.305283, 0.115478, 0.040998), (0.000000, 0.000000, 0.000000, 1.000000))
((0.326619, 0.850990, 0.411261, 0.620845), (0.024408, 0.427385, -0.903740, 0.584710), (-0.944841, 0.305217, 0.118821, 0.038528), (0.000000, 0.000000, 0.000000, 1.000000))
((0.328970, 0.848709, 0.414092, 0.616328), (0.018669, 0.432568, -0.901408, 0.584086), (-0.944156, 0.304267, 0.126457, 0.035034), (0.000000, 0.000000, 0.000000, 1.000000))
((0.329782, 0.848418, 0.414042, 0.613932), (0.016704, 0.433264, -0.901112, 0.583755), (-0.943909, 0.304087, 0.128711, 0.033180), (0.000000, 0.000000, 0.000000, 1.000000))
((0.331584, 0.846991, 0.415522, 0.611502), (0.017123, 0.434964, -0.900285, 0.583409), (-0.943270, 0.305635, 0.129724, 0.031299), (0.000000, 0.000000, 0.000000, 1.000000))
((0.330006, 0.847281, 0.416187, 0.608770), (0.015055, 0.436106, -0.899769, 0.583020), (-0.943859, 0.303195, 0.131162, 0.029183), (0.000000, 0.000000, 0.000000, 1.000000))
((0.336239, 0.843620, 0.418627, 0.605621), (0.011891, 0.440669, -0.897591, 0.582562), (-0.941702, 0.306783, 0.138139, 0.026746), (0.000000, 0.000000, 0.000000, 1.000000))
((0.336908, 0.841711, 0.421920, 0.601954), (0.008208, 0.445475, -0.895257, 0.582029), (-0.941502, 0.305082, 0.143175, 0.023909), (0.000000, 0.000000, 0.000000, 1.000000))
((0.334886, 0.842531, 0.421892, 0.598935), (0.006443, 0.445687, -0.895166, 0.581582), (-0.942237, 0.302497, 0.143826, 0.021584), (0.000000, 0.000000, 0.000000, 1.000000))
((0.335971, 0.841977, 0.422136, 0.596937), (0.003979, 0.446915, -0.894568, 0.581287), (-0.941864, 0.302228, 0.146800, 0.020046), (0.000000, 0.000000, 0.000000, 1.000000))
((0.337207, 0.841317, 0.422465, 0.595058), (0.001580, 0.448241, -0.893911, 0.581009), (-0.941429, 0.302101, 0.149821, 0.018608), (0.000000, 0.000000, 0.000000, 1.000000))
((0.336421, 0.840465, 0.424781, 0.592901), (0.000894, 0.450788, -0.892631, 0.580689), (-0.941711, 0.300680, 0.150903, 0.016956), (0.000000, 0.000000, 0.000000, 1.000000))
((0.337395, 0.839984, 0.424960, 0.590924), (-0.001803, 0.452006, -0.892013, 0.580404), (-0.941361, 0.300195, 0.154019, 0.015454), (0.000000, 0.000000, 0.000000, 1.000000))
((0.331069, 0.842801, 0.424358, 0.589126), (-0.000873, 0.449993, -0.893032, 0.580144), (-0.943606, 0.295285, 0.149714, 0.014087), (0.000000, 0.000000, 0.000000, 1.000000))
((0.329572, 0.843863, 0.423413, 0.587819), (-0.002972, 0.449394, -0.893329, 0.579966), (-0.944126, 0.293158, 0.150615, 0.013105), (0.000000, 0.000000, 0.000000, 1.000000))
((0.331746, 0.841897, 0.425621, 0.586262), (-0.003769, 0.452351, -0.891832, 0.579753), (-0.943361, 0.294258, 0.153239, 0.011936), (0.000000, 0.000000, 0.000000, 1.000000))
((0.335816, 0.839410, 0.427338, 0.584043), (-0.007032, 0.455906, -0.890000, 0.579470), (-0.941901, 0.295871, 0.159003, 0.010290), (0.000000, 0.000000, 0.000000, 1.000000))
((0.334818, 0.840099, 0.426767, 0.582923), (-0.009146, 0.455784, -0.890044, 0.579328), (-0.942238, 0.294100, 0.160288, 0.009459), (0.000000, 0.000000, 0.000000, 1.000000))
((0.330102, 0.842115, 0.426468, 0.579268), (-0.010430, 0.455020, -0.890420, 0.578905), (-0.943888, 0.289481, 0.158986, 0.006796), (0.000000, 0.000000, 0.000000, 1.000000))
((0.332197, 0.840123, 0.428764, 0.577867), (-0.011698, 0.458214, -0.888765, 0.578744), (-0.943137, 0.290229, 0.162045, 0.005775), (0.000000, 0.000000, 0.000000, 1.000000))
((0.334259, 0.839001, 0.429357, 0.577055), (-0.011999, 0.459312, -0.888194, 0.578658), (-0.942405, 0.291735, 0.163596, 0.005190), (0.000000, 0.000000, 0.000000, 1.000000))
((0.336291, 0.836925, 0.431816, 0.575735), (-0.013736, 0.462831, -0.886340, 0.578519), (-0.941658, 0.292137, 0.167142, 0.004237), (0.000000, 0.000000, 0.000000, 1.000000))
((0.335670, 0.836734, 0.432669, 0.574531), (-0.014075, 0.463723, -0.885868, 0.578405), (-0.941875, 0.291269, 0.167435, 0.003381), (0.000000, 0.000000, 0.000000, 1.000000))
((0.337877, 0.835468, 0.433397, 0.573872), (-0.014326, 0.464989, -0.885200, 0.578343), (-0.941081, 0.292880, 0.169078, 0.002912), (0.000000, 0.000000, 0.000000, 1.000000))
((0.340232, 0.834067, 0.434251, 0.572967), (-0.014522, 0.466407, -0.884451, 0.578271), (-0.940229, 0.294612, 0.170799, 0.002279), (0.000000, 0.000000, 0.000000, 1.000000))
((0.342300, 0.831996, 0.436593, 0.571505), (-0.015825, 0.469702, -0.882683, 0.578155), (-0.939458, 0.295233, 0.173945, 0.001256), (0.000000, 0.000000, 0.000000, 1.000000))
((0.343245, 0.830765, 0.438192, 0.568919), (-0.019456, 0.472725, -0.880995, 0.577981), (-0.939044, 0.293872, 0.178424, -0.000527), (0.000000, 0.000000, 0.000000, 1.000000))
((0.342022, 0.830489, 0.439669, 0.566073), (-0.019728, 0.474129, -0.880234, 0.577789), (-0.939485, 0.292386, 0.178546, -0.002490), (0.000000, 0.000000, 0.000000, 1.000000))
((0.342758, 0.830398, 0.439268, 0.563701), (-0.022188, 0.474619, -0.879912, 0.577666), (-0.939162, 0.291850, 0.181104, -0.004093), (0.000000, 0.000000, 0.000000, 1.000000))
((0.344702, 0.828506, 0.441315, 0.561851), (-0.023111, 0.477475, -0.878341, 0.577570), (-0.938428, 0.292567, 0.183734, -0.005343), (0.000000, 0.000000, 0.000000, 1.000000))
((0.343855, 0.828575, 0.441845, 0.560286), (-0.023341, 0.477933, -0.878086, 0.577511), (-0.938733, 0.291621, 0.183679, -0.006385), (0.000000, 0.000000, 0.000000, 1.000000))
((0.345687, 0.826714, 0.443897, 0.558550), (-0.024535, 0.480863, -0.876453, 0.577445), (-0.938029, 0.292087, 0.186511, -0.007540), (0.000000, 0.000000, 0.000000, 1.000000))
((0.344173, 0.828084, 0.442517, 0.556860), (-0.026513, 0.479695, -0.877035, 0.577398), (-0.938532, 0.290119, 0.187053, -0.008654), (0.000000, 0.000000, 0.000000, 1.000000))
((0.344173, 0.828084, 0.442517, 0.556827), (-0.026513, 0.479695, -0.877035, 0.577398), (-0.938532, 0.290119, 0.187053, -0.008675), (0.000000, 0.000000, 0.000000, 1.000000))
((0.347823, 0.824510, 0.446321, 0.552913), (-0.028256, 0.485048, -0.874031, 0.577310), (-0.937134, 0.291397, 0.192008, -0.011247), (0.000000, 0.000000, 0.000000, 1.000000))
((0.347208, 0.824448, 0.446914, 0.551372), (-0.028202, 0.485526, -0.873767, 0.577284), (-0.937364, 0.290775, 0.191830, -0.012250), (0.000000, 0.000000, 0.000000, 1.000000))
((0.348802, 0.824318, 0.445911, 0.550710), (-0.030358, 0.485480, -0.873721, 0.577273), (-0.936705, 0.291219, 0.194361, -0.012680), (0.000000, 0.000000, 0.000000, 1.000000))
((0.348662, 0.824586, 0.445526, 0.550283), (-0.029752, 0.484853, -0.874089, 0.577267), (-0.936776, 0.291507, 0.193583, -0.012958), (0.000000, 0.000000, 0.000000, 1.000000))
((0.354123, 0.819958, 0.449740, 0.549091), (-0.029070, 0.490322, -0.871056, 0.577252), (-0.934747, 0.295387, 0.197471, -0.013733), (0.000000, 0.000000, 0.000000, 1.000000))
((0.350972, 0.821649, 0.449123, 0.548012), (-0.028673, 0.488839, -0.871902, 0.577243), (-0.935947, 0.293136, 0.195128, -0.014432), (0.000000, 0.000000, 0.000000, 1.000000))
((0.350388, 0.821367, 0.450093, 0.547081), (-0.029493, 0.489996, -0.871226, 0.577236), (-0.936140, 0.291992, 0.195913, -0.015035), (0.000000, 0.000000, 0.000000, 1.000000))
((0.354380, 0.819157, 0.450995, 0.544244), (-0.029053, 0.491708, -0.870276, 0.577231), (-0.934650, 0.295305, 0.198050, -0.016869), (0.000000, 0.000000, 0.000000, 1.000000))
((0.352187, 0.820560, 0.450162, 0.541110), (-0.031406, 0.491069, -0.870554, 0.577257), (-0.935403, 0.292460, 0.198719, -0.018889), (0.000000, 0.000000, 0.000000, 1.000000))
((0.348632, 0.822695, 0.449032, 0.539739), (-0.030720, 0.488863, -0.871820, 0.577269), (-0.936756, 0.290150, 0.195706, -0.019773), (0.000000, 0.000000, 0.000000, 1.000000))
((0.351072, 0.821927, 0.448535, 0.539097), (-0.030049, 0.488669, -0.871952, 0.577283), (-0.935866, 0.292640, 0.196256, -0.020181), (0.000000, 0.000000, 0.000000, 1.000000))
((0.354034, 0.819039, 0.451482, 0.538568), (-0.028611, 0.492007, -0.870121, 0.577295), (-0.934795, 0.295135, 0.197621, -0.020517), (0.000000, 0.000000, 0.000000, 1.000000))
((0.355780, 0.818160, 0.451702, 0.536591), (-0.028367, 0.492557, -0.869818, 0.577381), (-0.934139, 0.296650, 0.198451, -0.021757), (0.000000, 0.000000, 0.000000, 1.000000))
((0.350905, 0.821136, 0.450112, 0.532315), (-0.026823, 0.489294, -0.871706, 0.577685), (-0.936027, 0.293813, 0.193721, -0.024401), (0.000000, 0.000000, 0.000000, 1.000000))
((0.346560, 0.824265, 0.447753, 0.528965), (-0.024893, 0.485248, -0.874022, 0.578064), (-0.937697, 0.291756, 0.188686, -0.026393), (0.000000, 0.000000, 0.000000, 1.000000))
((0.342555, 0.827756, 0.444383, 0.526427), (-0.022422, 0.480069, -0.876944, 0.578485), (-0.939230, 0.290438, 0.183010, -0.027823), (0.000000, 0.000000, 0.000000, 1.000000))
((0.337750, 0.830998, 0.442004, 0.522759), (-0.023567, 0.476919, -0.878631, 0.579328), (-0.940941, 0.286341, 0.180663, -0.029743), (0.000000, 0.000000, 0.000000, 1.000000))
((0.333654, 0.832844, 0.441640, 0.519824), (-0.022831, 0.475488, -0.879426, 0.580003), (-0.942419, 0.283341, 0.177663, -0.031279), (0.000000, 0.000000, 0.000000, 1.000000))
((0.331465, 0.832715, 0.443527, 0.514825), (-0.023994, 0.477392, -0.878363, 0.581501), (-0.943162, 0.280505, 0.178219, -0.033669), (0.000000, 0.000000, 0.000000, 1.000000))
((0.327411, 0.835165, 0.441930, 0.511936), (-0.022831, 0.474565, -0.879924, 0.582568), (-0.944606, 0.278007, 0.174446, -0.034921), (0.000000, 0.000000, 0.000000, 1.000000))
((0.323545, 0.837239, 0.440851, 0.510079), (-0.022474, 0.472579, -0.881002, 0.583253), (-0.945946, 0.275136, 0.171717, -0.035725), (0.000000, 0.000000, 0.000000, 1.000000))
((0.325691, 0.835971, 0.441676, 0.508461), (-0.023217, 0.474077, -0.880177, 0.583953), (-0.945191, 0.276411, 0.173812, -0.036357), (0.000000, 0.000000, 0.000000, 1.000000))
((0.323822, 0.837155, 0.440807, 0.504872), (-0.022345, 0.472549, -0.881021, 0.585504), (-0.945854, 0.275444, 0.171728, -0.037759), (0.000000, 0.000000, 0.000000, 1.000000))
((0.318838, 0.838850, 0.441217, 0.495732), (-0.023252, 0.472295, -0.881134, 0.590257), (-0.947524, 0.270680, 0.170090, -0.040801), (0.000000, 0.000000, 0.000000, 1.000000))
((0.318996, 0.837942, 0.442826, 0.490977), (-0.024954, 0.474501, -0.879901, 0.592767), (-0.947428, 0.269635, 0.172274, -0.042355), (0.000000, 0.000000, 0.000000, 1.000000))
((0.316894, 0.838189, 0.443866, 0.487467), (-0.026836, 0.475722, -0.879186, 0.594732), (-0.948081, 0.266697, 0.173247, -0.043440), (0.000000, 0.000000, 0.000000, 1.000000))
((0.316150, 0.838120, 0.444527, 0.485066), (-0.024502, 0.475617, -0.879311, 0.596076), (-0.948393, 0.267102, 0.170902, -0.044183), (0.000000, 0.000000, 0.000000, 1.000000))
((0.314997, 0.839079, 0.443534, 0.483114), (-0.024482, 0.474353, -0.879994, 0.597211), (-0.948777, 0.266337, 0.169962, -0.044757), (0.000000, 0.000000, 0.000000, 1.000000))
((0.313898, 0.839311, 0.443875, 0.480485), (-0.022059, 0.473825, -0.880343, 0.598741), (-0.949200, 0.266547, 0.167247, -0.045531), (0.000000, 0.000000, 0.000000, 1.000000))
((0.315080, 0.838238, 0.445063, 0.477358), (-0.023208, 0.475614, -0.879348, 0.600611), (-0.948781, 0.266736, 0.169310, -0.046420), (0.000000, 0.000000, 0.000000, 1.000000))
((0.314319, 0.838196, 0.445681, 0.475988), (-0.023740, 0.476268, -0.878980, 0.601431), (-0.949021, 0.265699, 0.169599, -0.046810), (0.000000, 0.000000, 0.000000, 1.000000))
((0.312586, 0.838315, 0.446674, 0.472977), (-0.024672, 0.477245, -0.878424, 0.603270), (-0.949569, 0.263563, 0.169863, -0.047619), (0.000000, 0.000000, 0.000000, 1.000000))
((0.311413, 0.838669, 0.446830, 0.470838), (-0.024924, 0.477258, -0.878410, 0.604577), (-0.949948, 0.262411, 0.169527, -0.048194), (0.000000, 0.000000, 0.000000, 1.000000))
((0.310954, 0.838337, 0.447770, 0.468727), (-0.022532, 0.477496, -0.878345, 0.605889), (-0.950158, 0.263036, 0.167369, -0.048731), (0.000000, 0.000000, 0.000000, 1.000000))
((0.310111, 0.839917, 0.445388, 0.467298), (-0.020809, 0.474368, -0.880081, 0.606777), (-0.950473, 0.263654, 0.164585, -0.049094), (0.000000, 0.000000, 0.000000, 1.000000))
((0.312294, 0.837833, 0.447781, 0.465135), (-0.019889, 0.477018, -0.878668, 0.608159), (-0.949777, 0.265497, 0.165634, -0.049616), (0.000000, 0.000000, 0.000000, 1.000000))
((0.310865, 0.838323, 0.447859, 0.462791), (-0.020472, 0.477001, -0.878664, 0.609656), (-0.950234, 0.263978, 0.165445, -0.050181), (0.000000, 0.000000, 0.000000, 1.000000))
((0.309650, 0.839477, 0.446536, 0.460350), (-0.019595, 0.475151, -0.879686, 0.611273), (-0.950649, 0.263645, 0.163580, -0.050736), (0.000000, 0.000000, 0.000000, 1.000000))
((0.310392, 0.837874, 0.449026, 0.455529), (-0.019295, 0.477812, -0.878250, 0.614626), (-0.950413, 0.263938, 0.164476, -0.051724), (0.000000, 0.000000, 0.000000, 1.000000))
((0.311463, 0.837581, 0.448830, 0.452934), (-0.019810, 0.477945, -0.878166, 0.616430), (-0.950052, 0.264625, 0.165455, -0.052255), (0.000000, 0.000000, 0.000000, 1.000000))
((0.310077, 0.837994, 0.449018, 0.450458), (-0.020616, 0.478113, -0.878056, 0.618252), (-0.950488, 0.263008, 0.165528, -0.052714), (0.000000, 0.000000, 0.000000, 1.000000))
((0.309450, 0.837752, 0.449902, 0.448816), (-0.018319, 0.478289, -0.878011, 0.619461), (-0.950739, 0.263459, 0.163353, -0.053018), (0.000000, 0.000000, 0.000000, 1.000000))
((0.311197, 0.837661, 0.448865, 0.446635), (-0.017839, 0.477383, -0.878514, 0.621173), (-0.950178, 0.265384, 0.163503, -0.053362), (0.000000, 0.000000, 0.000000, 1.000000))
((0.310127, 0.838703, 0.447658, 0.444850), (-0.016907, 0.475666, -0.879464, 0.622575), (-0.950545, 0.265177, 0.161697, -0.053644), (0.000000, 0.000000, 0.000000, 1.000000))
((0.308534, 0.839299, 0.447643, 0.441913), (-0.017579, 0.475552, -0.879512, 0.625039), (-0.951051, 0.263490, 0.161478, -0.054011), (0.000000, 0.000000, 0.000000, 1.000000))
((0.307471, 0.838577, 0.449723, 0.439192), (-0.016651, 0.477287, -0.878590, 0.627323), (-0.951412, 0.262653, 0.160715, -0.054351), (0.000000, 0.000000, 0.000000, 1.000000))
((0.306049, 0.839781, 0.448443, 0.436820), (-0.016288, 0.475596, -0.879513, 0.629445), (-0.951876, 0.261870, 0.159234, -0.054576), (0.000000, 0.000000, 0.000000, 1.000000))
((0.305105, 0.841371, 0.446101, 0.435181), (-0.014767, 0.472560, -0.881175, 0.630913), (-0.952204, 0.262263, 0.156605, -0.054731), (0.000000, 0.000000, 0.000000, 1.000000))
((0.307435, 0.839908, 0.447256, 0.432790), (-0.012861, 0.473644, -0.880622, 0.633188), (-0.951482, 0.264982, 0.156417, -0.054881), (0.000000, 0.000000, 0.000000, 1.000000))
((0.305912, 0.841136, 0.445991, 0.430768), (-0.012755, 0.472027, -0.881492, 0.635112), (-0.951974, 0.263970, 0.155128, -0.055007), (0.000000, 0.000000, 0.000000, 1.000000))
((0.301123, 0.842982, 0.445765, 0.426037), (-0.010079, 0.470249, -0.882476, 0.639871), (-0.953532, 0.261241, 0.150099, -0.055125), (0.000000, 0.000000, 0.000000, 1.000000))
((0.300092, 0.843906, 0.444710, 0.424335), (-0.009353, 0.468777, -0.883267, 0.641676), (-0.953864, 0.260902, 0.148569, -0.055103), (0.000000, 0.000000, 0.000000, 1.000000))
((0.302180, 0.842705, 0.445573, 0.423449), (-0.010611, 0.470369, -0.882406, 0.642616), (-0.953192, 0.261917, 0.151078, -0.055091), (0.000000, 0.000000, 0.000000, 1.000000))
((0.302180, 0.842705, 0.445573, 0.423123), (-0.010611, 0.470369, -0.882406, 0.642979), (-0.953192, 0.261917, 0.151078, -0.055073), (0.000000, 0.000000, 0.000000, 1.000000))
((0.301271, 0.842484, 0.446605, 0.419638), (-0.005783, 0.469972, -0.882662, 0.646859), (-0.953521, 0.263338, 0.146461, -0.054877), (0.000000, 0.000000, 0.000000, 1.000000))
((0.302583, 0.841940, 0.446745, 0.417533), (-0.006667, 0.470575, -0.882335, 0.649303), (-0.953100, 0.264001, 0.148001, -0.054653), (0.000000, 0.000000, 0.000000, 1.000000))
((0.303992, 0.841360, 0.446881, 0.415794), (-0.007292, 0.471122, -0.882038, 0.651321), (-0.952647, 0.264874, 0.149352, -0.054468), (0.000000, 0.000000, 0.000000, 1.000000))
((0.306190, 0.839188, 0.449456, 0.413953), (-0.006673, 0.474013, -0.880493, 0.653533), (-0.951947, 0.266599, 0.150738, -0.054194), (0.000000, 0.000000, 0.000000, 1.000000))
((0.307768, 0.839231, 0.448297, 0.412398), (-0.006201, 0.472926, -0.881080, 0.655401), (-0.951441, 0.268388, 0.150756, -0.053962), (0.000000, 0.000000, 0.000000, 1.000000))
((0.307177, 0.838760, 0.449582, 0.410800), (-0.004797, 0.473782, -0.880629, 0.657371), (-0.951640, 0.268352, 0.149558, -0.053667), (0.000000, 0.000000, 0.000000, 1.000000))
((0.305661, 0.839860, 0.448560, 0.408600), (-0.005350, 0.472615, -0.881253, 0.660086), (-0.952125, 0.266965, 0.148953, -0.053257), (0.000000, 0.000000, 0.000000, 1.000000))
((0.307152, 0.839029, 0.449097, 0.406073), (-0.003501, 0.472902, -0.881108, 0.663257), (-0.951654, 0.269062, 0.148190, -0.052716), (0.000000, 0.000000, 0.000000, 1.000000))
((0.308816, 0.838159, 0.449580, 0.404829), (-0.004476, 0.473959, -0.880535, 0.664837), (-0.951111, 0.269911, 0.150118, -0.052420), (0.000000, 0.000000, 0.000000, 1.000000))
((0.311360, 0.835638, 0.452508, 0.403702), (-0.003967, 0.477317, -0.878722, 0.666268), (-0.950284, 0.271804, 0.151932, -0.052151), (0.000000, 0.000000, 0.000000, 1.000000))
((0.310905, 0.835976, 0.452198, 0.402875), (-0.004131, 0.476961, -0.878915, 0.667324), (-0.950432, 0.271391, 0.151743, -0.051939), (0.000000, 0.000000, 0.000000, 1.000000))
((0.310092, 0.836615, 0.451573, 0.401758), (-0.004205, 0.476189, -0.879333, 0.668754), (-0.950697, 0.270775, 0.151180, -0.051652), (0.000000, 0.000000, 0.000000, 1.000000))
((0.312223, 0.835265, 0.452603, 0.401028), (-0.005676, 0.478051, -0.878314, 0.669693), (-0.949992, 0.271661, 0.153999, -0.051453), (0.000000, 0.000000, 0.000000, 1.000000))
((0.312127, 0.835299, 0.452607, 0.400940), (-0.005932, 0.478112, -0.878279, 0.669806), (-0.950022, 0.271450, 0.154187, -0.051429), (0.000000, 0.000000, 0.000000, 1.000000))
((0.312138, 0.834367, 0.454314, 0.400139), (-0.004331, 0.479452, -0.877558, 0.670848), (-0.950027, 0.271951, 0.153269, -0.051192), (0.000000, 0.000000, 0.000000, 1.000000))
((0.314364, 0.833874, 0.453685, 0.399482), (-0.003805, 0.479017, -0.877797, 0.671705), (-0.949295, 0.274222, 0.153759, -0.050994), (0.000000, 0.000000, 0.000000, 1.000000))
((0.316093, 0.832149, 0.455646, 0.398760), (-0.005616, 0.481903, -0.876206, 0.672653), (-0.948712, 0.274404, 0.157000, -0.050769), (0.000000, 0.000000, 0.000000, 1.000000))
((0.315942, 0.832264, 0.455540, 0.398415), (-0.005670, 0.481781, -0.876273, 0.673111), (-0.948762, 0.274268, 0.156934, -0.050659), (0.000000, 0.000000, 0.000000, 1.000000))
((0.318733, 0.831240, 0.455466, 0.398236), (-0.005374, 0.482105, -0.876097, 0.673350), (-0.947829, 0.276793, 0.158130, -0.050602), (0.000000, 0.000000, 0.000000, 1.000000))
((0.318375, 0.831553, 0.455145, 0.397766), (-0.005281, 0.481677, -0.876333, 0.673984), (-0.947950, 0.276599, 0.157745, -0.050449), (0.000000, 0.000000, 0.000000, 1.000000))
((0.317961, 0.831946, 0.454717, 0.397186), (-0.004987, 0.481067, -0.876669, 0.674766), (-0.948091, 0.276479, 0.157110, -0.050260), (0.000000, 0.000000, 0.000000, 1.000000))
((0.320181, 0.830509, 0.455784, 0.396618), (-0.006199, 0.482938, -0.875632, 0.675549), (-0.947336, 0.277536, 0.159776, -0.050077), (0.000000, 0.000000, 0.000000, 1.000000))
((0.317205, 0.832522, 0.454189, 0.396124), (-0.005260, 0.480459, -0.877001, 0.676230), (-0.948342, 0.275800, 0.156783, -0.049917), (0.000000, 0.000000, 0.000000, 1.000000))
((0.317054, 0.832637, 0.454084, 0.395633), (-0.005314, 0.480338, -0.877067, 0.676924), (-0.948393, 0.275665, 0.156718, -0.049762), (0.000000, 0.000000, 0.000000, 1.000000))
((0.319278, 0.832120, 0.453473, 0.395109), (-0.004772, 0.479924, -0.877297, 0.677665), (-0.947649, 0.277938, 0.157200, -0.049596), (0.000000, 0.000000, 0.000000, 1.000000))
((0.318674, 0.832583, 0.453049, 0.394421), (-0.004990, 0.479435, -0.877563, 0.678676), (-0.947851, 0.277396, 0.156938, -0.049382), (0.000000, 0.000000, 0.000000, 1.000000))
((0.318070, 0.833044, 0.452625, 0.393791), (-0.005208, 0.478947, -0.877828, 0.679602), (-0.948053, 0.276854, 0.156677, -0.049187), (0.000000, 0.000000, 0.000000, 1.000000))
((0.317767, 0.833274, 0.452414, 0.393014), (-0.005317, 0.478704, -0.877960, 0.680819), (-0.948154, 0.276581, 0.156547, -0.048945), (0.000000, 0.000000, 0.000000, 1.000000))
((0.314787, 0.835258, 0.450836, 0.392738), (-0.004384, 0.476258, -0.879295, 0.681252), (-0.949152, 0.274814, 0.153582, -0.048859), (0.000000, 0.000000, 0.000000, 1.000000))
((0.316404, 0.835214, 0.449785, 0.391308), (-0.004058, 0.475332, -0.879797, 0.683704), (-0.948616, 0.276546, 0.153786, -0.048386), (0.000000, 0.000000, 0.000000, 1.000000))
((0.316763, 0.833980, 0.451816, 0.390707), (-0.002553, 0.477094, -0.878849, 0.684854), (-0.948501, 0.277233, 0.153255, -0.048157), (0.000000, 0.000000, 0.000000, 1.000000))
((0.313060, 0.837482, 0.447903, 0.390344), (-0.003038, 0.472490, -0.881331, 0.685546), (-0.949729, 0.274549, 0.150462, -0.048020), (0.000000, 0.000000, 0.000000, 1.000000))
((0.315583, 0.836769, 0.447465, 0.389797), (-0.002383, 0.472260, -0.881456, 0.686722), (-0.948895, 0.277106, 0.151031, -0.047780), (0.000000, 0.000000, 0.000000, 1.000000))
((0.312387, 0.838910, 0.445695, 0.389370), (-0.001314, 0.469556, -0.882902, 0.687641), (-0.949954, 0.275221, 0.147786, -0.047593), (0.000000, 0.000000, 0.000000, 1.000000))
((0.314453, 0.838543, 0.444932, 0.388640), (-0.000822, 0.468948, -0.883225, 0.689416), (-0.949273, 0.277367, 0.148151, -0.047226), (0.000000, 0.000000, 0.000000, 1.000000))
((0.311101, 0.840777, 0.443069, 0.388015), (0.000188, 0.466149, -0.884706, 0.690936), (-0.950377, 0.275316, 0.144861, -0.046911), (0.000000, 0.000000, 0.000000, 1.000000))
((0.310720, 0.841976, 0.441056, 0.387407), (0.002015, 0.463440, -0.886126, 0.692602), (-0.950499, 0.276226, 0.142303, -0.046567), (0.000000, 0.000000, 0.000000, 1.000000))
((0.310624, 0.841113, 0.442767, 0.386787), (0.003387, 0.464826, -0.885395, 0.694302), (-0.950527, 0.276525, 0.141537, -0.046217), (0.000000, 0.000000, 0.000000, 1.000000))
((0.312474, 0.840953, 0.441768, 0.385980), (0.004028, 0.463877, -0.885890, 0.696794), (-0.949918, 0.278597, 0.141562, -0.045704), (0.000000, 0.000000, 0.000000, 1.000000))
((0.311527, 0.841569, 0.441262, 0.385135), (0.003241, 0.463426, -0.886129, 0.699403), (-0.950232, 0.277483, 0.141642, -0.045167), (0.000000, 0.000000, 0.000000, 1.000000))
((0.308159, 0.844548, 0.437923, 0.384298), (0.005324, 0.458786, -0.888531, 0.702321), (-0.951320, 0.276140, 0.136883, -0.044556), (0.000000, 0.000000, 0.000000, 1.000000))
((0.305297, 0.846216, 0.436707, 0.383438), (0.009019, 0.456012, -0.889928, 0.705318), (-0.952214, 0.275631, 0.131587, -0.043929), (0.000000, 0.000000, 0.000000, 1.000000))
((0.304500, 0.846704, 0.436317, 0.382676), (0.008284, 0.455698, -0.890096, 0.708309), (-0.952476, 0.274649, 0.131746, -0.043290), (0.000000, 0.000000, 0.000000, 1.000000))
((0.306001, 0.845874, 0.436876, 0.381583), (0.010015, 0.456003, -0.889922, 0.713150), (-0.951979, 0.276693, 0.131066, -0.042216), (0.000000, 0.000000, 0.000000, 1.000000))
((0.302491, 0.848946, 0.433347, 0.381092), (0.012499, 0.451074, -0.892399, 0.715321), (-0.953070, 0.275359, 0.125835, -0.041734), (0.000000, 0.000000, 0.000000, 1.000000))
((0.304194, 0.848826, 0.432390, 0.380587), (0.012428, 0.450325, -0.892778, 0.717908), (-0.952529, 0.276951, 0.126437, -0.041115), (0.000000, 0.000000, 0.000000, 1.000000))
((0.308783, 0.846130, 0.434416, 0.380154), (0.013533, 0.452781, -0.891519, 0.720125), (-0.951036, 0.281165, 0.128361, -0.040585), (0.000000, 0.000000, 0.000000, 1.000000))
((0.312961, 0.843642, 0.436261, 0.379699), (0.011062, 0.456066, -0.889877, 0.722828), (-0.949701, 0.283323, 0.133399, -0.039900), (0.000000, 0.000000, 0.000000, 1.000000))
((0.317176, 0.842012, 0.436366, 0.379324), (0.010611, 0.456944, -0.889432, 0.725051), (-0.948307, 0.286737, 0.135997, -0.039336), (0.000000, 0.000000, 0.000000, 1.000000))
((0.319460, 0.839655, 0.439233, 0.379003), (0.010878, 0.460241, -0.887727, 0.727241), (-0.947537, 0.288372, 0.137895, -0.038746), (0.000000, 0.000000, 0.000000, 1.000000))
((0.326349, 0.836172, 0.440808, 0.378745), (0.009432, 0.463437, -0.886080, 0.729005), (-0.945202, 0.293329, 0.143355, -0.038270), (0.000000, 0.000000, 0.000000, 1.000000))
((0.330747, 0.833313, 0.442941, 0.378530), (0.007289, 0.467086, -0.884182, 0.730632), (-0.943691, 0.295669, 0.148413, -0.037806), (0.000000, 0.000000, 0.000000, 1.000000))
((0.337674, 0.829534, 0.444803, 0.378314), (0.005678, 0.470756, -0.882245, 0.732269), (-0.941246, 0.300437, 0.154252, -0.037340), (0.000000, 0.000000, 0.000000, 1.000000))
((0.345013, 0.825271, 0.447095, 0.378133), (0.007444, 0.473923, -0.880535, 0.733683), (-0.938568, 0.307124, 0.157366, -0.036910), (0.000000, 0.000000, 0.000000, 1.000000))
</SampleFrames>
<SampleWeights Num="148">0.010345
0.0165288
0.0172374
0.0212425
0.0253762
0.0274788
0.0506109
0.0769951
0.0832637
0.0789597
0.0835863
0.0898177
0.10042
0.0976163
0.0975127
0.103963
0.108142
0.116426
0.118347
0.115832
0.125944
0.132587
0.142545
0.151396
0.160191
0.160848
0.163914
0.16905
0.186157
0.203411
0.215159
0.222588
0.222184
0.219817
0.221168
0.226405
0.224776
0.226662
0.228456
0.228454
0.245599
0.252201
0.261051
0.271406
0.277227
0.284583
0.292016
0.319026
0.31527
0.315076
0.317492
0.327506
0.333183
0.339708
0.339513
0.348972
0.335644
0.318731
0.292068
0.282148
0.287791
0.288685
0.293668
0.282154
0.27968
0.281763
0.29586
0.309584
0.323305
0.321904
0.326816
0.324135
0.332554
0.349711
0.370431
0.379523
0.381724
0.396202
0.423191
0.422533
0.404516
0.403381
0.419229
0.432411
0.43258
0.424637
0.428664
0.447018
0.459012
0.46212
0.478151
0.47239
0.466781
0.466647
0.486457
0.477148
0.467238
0.466105
0.466786
0.463109
0.45286
0.461126
0.451043
0.450842
0.458985
0.450669
0.444369
0.450666
0.445267
0.443289
0.426909
0.430778
0.442844
0.440712
0.436512
0.438076
0.444003
0.451221
0.447328
0.431929
0.42384
0.418762
0.423995
0.41153
0.405703
0.404587
0.407888
0.403526
0.393086
0.391871
0.395946
0.388535
0.375662
0.368414
0.372474
0.386289
0.381489
0.359987
0.356157
0.338002
0.305819
0.280195
0.268302
0.256041
0.246128
0.250567
0.24799
0.237389
</SampleWeights>
</PointSplatMark>
