<PointSplatMark HeadPosAtStart="(2.32521, 1.51856, 1.80473)" BrushTip="0" BrushInterface="ForceTapeDraw" SuperSamplesPerWidth="20" Draw="0" Width="0.06" Pose="1" LayerIndex="0" Name="wing" RoomToVirtualScaleAtStart="1.45521" RoomToVirtualFrameAtStart="((0.576778, -0.078170, 0.813152, -0.093753), (-0.229432, 0.939844, 0.253088, 0.095188), (-0.784021, -0.332539, 0.524147, 0.007029), (0.000000, 0.000000, 0.000000, 1.000000))" ColorSwatch="0.302658"><SamplePoints Num="97">(0.387304, 0.736079, -0.032124)
(0.386051, 0.735211, -0.0320106)
(0.385708, 0.73497, -0.0319941)
(0.38509, 0.734535, -0.0319643)
(0.385084, 0.734531, -0.031964)
(0.383687, 0.733564, -0.0319159)
(0.383663, 0.733547, -0.0319154)
(0.379841, 0.730941, -0.0318372)
(0.377768, 0.729553, -0.0318153)
(0.372925, 0.726388, -0.0318106)
(0.370183, 0.724621, -0.0318201)
(0.365285, 0.72156, -0.0318679)
(0.360923, 0.71895, -0.0319254)
(0.357877, 0.717199, -0.031966)
(0.355093, 0.715608, -0.0320032)
(0.353254, 0.714609, -0.0320262)
(0.35098, 0.713375, -0.0320545)
(0.350859, 0.713312, -0.0320558)
(0.343275, 0.709411, -0.0321305)
(0.343275, 0.709411, -0.0321305)
(0.337011, 0.706351, -0.0321712)
(0.334753, 0.705289, -0.0321864)
(0.32821, 0.702264, -0.0322254)
(0.325241, 0.700918, -0.0322405)
(0.322924, 0.699897, -0.0322569)
(0.322497, 0.699709, -0.0322599)
(0.316563, 0.697141, -0.0323375)
(0.31334, 0.695746, -0.0323796)
(0.309879, 0.694263, -0.0324451)
(0.306477, 0.692809, -0.0325138)
(0.304076, 0.691784, -0.0325858)
(0.300311, 0.690177, -0.0326986)
(0.300274, 0.690161, -0.0327002)
(0.289677, 0.685621, -0.0331378)
(0.289644, 0.685606, -0.0331396)
(0.281417, 0.682041, -0.0335911)
(0.278414, 0.680721, -0.0338042)
(0.276551, 0.679902, -0.0339365)
(0.275261, 0.679332, -0.0340483)
(0.272656, 0.67818, -0.0342743)
(0.271284, 0.677574, -0.0343953)
(0.265765, 0.675143, -0.034957)
(0.265599, 0.675071, -0.0349759)
(0.260299, 0.672771, -0.0355792)
(0.256982, 0.671365, -0.0359882)
(0.254209, 0.670191, -0.0363299)
(0.254016, 0.670111, -0.0363546)
(0.249717, 0.668348, -0.0369027)
(0.248215, 0.667735, -0.0370945)
(0.245744, 0.666759, -0.0374118)
(0.241337, 0.665031, -0.0379763)
(0.239277, 0.664257, -0.0382369)
(0.23626, 0.66313, -0.0386167)
(0.233425, 0.662133, -0.0389578)
(0.228363, 0.660361, -0.0395643)
(0.224635, 0.659154, -0.0399821)
(0.220897, 0.65795, -0.0403979)
(0.217369, 0.656899, -0.0407586)
(0.212257, 0.655437, -0.0412539)
(0.206948, 0.65404, -0.0417095)
(0.20469, 0.653446, -0.0419034)
(0.204562, 0.653414, -0.0419136)
(0.197626, 0.651675, -0.0424631)
(0.194626, 0.650951, -0.0426833)
(0.194575, 0.650939, -0.0426869)
(0.185337, 0.648766, -0.0433317)
(0.185273, 0.648752, -0.0433361)
(0.179764, 0.647487, -0.0437143)
(0.179577, 0.647445, -0.043727)
(0.174627, 0.646349, -0.0440599)
(0.174158, 0.646247, -0.0440914)
(0.167636, 0.644863, -0.0445262)
(0.164538, 0.644235, -0.0447309)
(0.162178, 0.643757, -0.0448869)
(0.159588, 0.643256, -0.0450517)
(0.155351, 0.642474, -0.045311)
(0.15327, 0.64209, -0.0454384)
(0.149214, 0.641391, -0.0456647)
(0.148876, 0.641334, -0.0456831)
(0.143724, 0.640506, -0.0459428)
(0.143632, 0.640492, -0.0459469)
(0.138143, 0.639682, -0.0461863)
(0.138143, 0.639682, -0.0461862)
(0.133237, 0.639028, -0.0463575)
(0.129459, 0.638579, -0.0464543)
(0.123277, 0.637893, -0.0465791)
(0.121002, 0.637678, -0.0465962)
(0.11777, 0.637373, -0.0466203)
(0.114736, 0.63711, -0.0466201)
(0.112255, 0.636896, -0.0466157)
(0.110381, 0.636739, -0.0466027)
(0.102984, 0.636061, -0.0465011)
(0.101136, 0.635875, -0.0464741)
(0.0980395, 0.635564, -0.0464288)
(0.0927237, 0.63499, -0.046344)
(0.0863275, 0.63423, -0.0462371)
(0.0793074, 0.633232, -0.0461152)
</SamplePoints>
<SampleFrames Num="97">((-0.570915, 0.472082, 0.671710, 0.387304), (-0.351303, 0.599003, -0.719570, 0.736079), (-0.742053, -0.646787, -0.176136, -0.032124), (0.000000, 0.000000, 0.000000, 1.000000))
((0.569665, 0.197778, 0.797725, 0.386051), (-0.353264, 0.935302, 0.020383, 0.735211), (-0.742083, -0.293419, 0.602676, -0.032011), (0.000000, 0.000000, 0.000000, 1.000000))
((0.571050, 0.195355, 0.797332, 0.385708), (-0.354806, 0.934602, 0.025125, 0.734970), (-0.740280, -0.297246, 0.603018, -0.031994), (0.000000, 0.000000, 0.000000, 1.000000))
((0.570994, 0.195791, 0.797265, 0.385090), (-0.354124, 0.934890, 0.024031, 0.734535), (-0.740650, -0.296052, 0.603151, -0.031964), (0.000000, 0.000000, 0.000000, 1.000000))
((0.570994, 0.195791, 0.797265, 0.385084), (-0.354124, 0.934890, 0.024031, 0.734531), (-0.740650, -0.296052, 0.603151, -0.031964), (0.000000, 0.000000, 0.000000, 1.000000))
((0.571440, 0.194803, 0.797188, 0.383687), (-0.353361, 0.935159, 0.024778, 0.733564), (-0.740670, -0.295854, 0.603223, -0.031916), (0.000000, 0.000000, 0.000000, 1.000000))
((0.571440, 0.194803, 0.797188, 0.383663), (-0.353361, 0.935159, 0.024778, 0.733547), (-0.740670, -0.295854, 0.603223, -0.031915), (0.000000, 0.000000, 0.000000, 1.000000))
((0.570776, 0.193480, 0.797985, 0.379841), (-0.359392, 0.932674, 0.030927, 0.730941), (-0.738276, -0.304442, 0.601883, -0.031837), (0.000000, 0.000000, 0.000000, 1.000000))
((0.569706, 0.194391, 0.798528, 0.377768), (-0.357133, 0.933648, 0.027511, 0.729553), (-0.740196, -0.300854, 0.601329, -0.031815), (0.000000, 0.000000, 0.000000, 1.000000))
((0.571547, 0.190025, 0.798263, 0.372925), (-0.365062, 0.930125, 0.039965, 0.726388), (-0.734890, -0.314258, 0.600981, -0.031811), (0.000000, 0.000000, 0.000000, 1.000000))
((0.571956, 0.188520, 0.798327, 0.370183), (-0.364192, 0.930412, 0.041212, 0.724621), (-0.735004, -0.314316, 0.600812, -0.031820), (0.000000, 0.000000, 0.000000, 1.000000))
((0.573077, 0.186837, 0.797919, 0.365285), (-0.365975, 0.929527, 0.045195, 0.721560), (-0.733243, -0.317918, 0.601068, -0.031868), (0.000000, 0.000000, 0.000000, 1.000000))
((0.575392, 0.182554, 0.797244, 0.360923), (-0.370340, 0.927269, 0.054956, 0.718950), (-0.729227, -0.326873, 0.601150, -0.031925), (0.000000, 0.000000, 0.000000, 1.000000))
((0.574721, 0.182898, 0.797649, 0.357877), (-0.372538, 0.926325, 0.056018, 0.717199), (-0.728637, -0.329349, 0.600514, -0.031966), (0.000000, 0.000000, 0.000000, 1.000000))
((0.574160, 0.183008, 0.798028, 0.355093), (-0.374887, 0.925284, 0.057530, 0.715608), (-0.727874, -0.332202, 0.599868, -0.032003), (0.000000, 0.000000, 0.000000, 1.000000))
((0.573989, 0.184104, 0.797899, 0.353254), (-0.373197, 0.926134, 0.054776, 0.714609), (-0.728876, -0.329215, 0.600298, -0.032026), (0.000000, 0.000000, 0.000000, 1.000000))
((0.575139, 0.182843, 0.797361, 0.350980), (-0.373207, 0.926004, 0.056853, 0.713375), (-0.727964, -0.330279, 0.600819, -0.032055), (0.000000, 0.000000, 0.000000, 1.000000))
((0.575139, 0.182843, 0.797361, 0.350859), (-0.373207, 0.926004, 0.056853, 0.713312), (-0.727964, -0.330279, 0.600819, -0.032056), (0.000000, 0.000000, 0.000000, 1.000000))
((0.573846, 0.182944, 0.798268, 0.343275), (-0.377472, 0.924103, 0.059569, 0.709411), (-0.726784, -0.335508, 0.599349, -0.032130), (0.000000, 0.000000, 0.000000, 1.000000))
((0.573846, 0.182944, 0.798268, 0.343275), (-0.377472, 0.924103, 0.059569, 0.709411), (-0.726784, -0.335508, 0.599349, -0.032130), (0.000000, 0.000000, 0.000000, 1.000000))
((0.573652, 0.183030, 0.798388, 0.337011), (-0.377590, 0.924062, 0.059463, 0.706351), (-0.726876, -0.335575, 0.599200, -0.032171), (0.000000, 0.000000, 0.000000, 1.000000))
((0.575123, 0.181411, 0.797699, 0.334753), (-0.377373, 0.923987, 0.061946, 0.705289), (-0.725826, -0.336656, 0.599866, -0.032186), (0.000000, 0.000000, 0.000000, 1.000000))
((0.572873, 0.183807, 0.798769, 0.328210), (-0.376861, 0.924480, 0.057548, 0.702264), (-0.727868, -0.333993, 0.598880, -0.032225), (0.000000, 0.000000, 0.000000, 1.000000))
((0.570672, 0.186849, 0.799638, 0.325241), (-0.377384, 0.924522, 0.053295, 0.700918), (-0.729325, -0.332185, 0.598112, -0.032241), (0.000000, 0.000000, 0.000000, 1.000000))
((0.570514, 0.186839, 0.799753, 0.322924), (-0.376634, 0.924867, 0.052608, 0.699897), (-0.729836, -0.331228, 0.598020, -0.032257), (0.000000, 0.000000, 0.000000, 1.000000))
((0.571855, 0.184561, 0.799324, 0.322497), (-0.378166, 0.923968, 0.057207, 0.699709), (-0.727992, -0.334991, 0.598171, -0.032260), (0.000000, 0.000000, 0.000000, 1.000000))
((0.569670, 0.187531, 0.800193, 0.316563), (-0.377571, 0.924512, 0.052133, 0.697141), (-0.730011, -0.331828, 0.597473, -0.032337), (0.000000, 0.000000, 0.000000, 1.000000))
((0.568849, 0.187994, 0.800668, 0.313340), (-0.380131, 0.923398, 0.053260, 0.695746), (-0.729322, -0.334656, 0.596737, -0.032380), (0.000000, 0.000000, 0.000000, 1.000000))
((0.568678, 0.188527, 0.800664, 0.309879), (-0.378366, 0.924244, 0.051112, 0.694263), (-0.730372, -0.332011, 0.596930, -0.032445), (0.000000, 0.000000, 0.000000, 1.000000))
((0.566467, 0.191692, 0.801479, 0.306477), (-0.378710, 0.924342, 0.046586, 0.692809), (-0.731911, -0.329917, 0.596205, -0.032514), (0.000000, 0.000000, 0.000000, 1.000000))
((0.567549, 0.189378, 0.801264, 0.304076), (-0.379875, 0.923643, 0.050770, 0.691784), (-0.730467, -0.333195, 0.596153, -0.032586), (0.000000, 0.000000, 0.000000, 1.000000))
((0.565235, 0.192867, 0.802067, 0.300311), (-0.379889, 0.923910, 0.045551, 0.690177), (-0.732252, -0.330444, 0.595494, -0.032699), (0.000000, 0.000000, 0.000000, 1.000000))
((0.565235, 0.192867, 0.802067, 0.300274), (-0.379889, 0.923910, 0.045551, 0.690161), (-0.732252, -0.330444, 0.595494, -0.032700), (0.000000, 0.000000, 0.000000, 1.000000))
((0.560830, 0.198579, 0.803764, 0.289677), (-0.379395, 0.924522, 0.036311, 0.685621), (-0.735887, -0.325308, 0.593840, -0.033138), (0.000000, 0.000000, 0.000000, 1.000000))
((0.560830, 0.198579, 0.803764, 0.289644), (-0.379395, 0.924522, 0.036311, 0.685606), (-0.735887, -0.325308, 0.593840, -0.033140), (0.000000, 0.000000, 0.000000, 1.000000))
((0.559753, 0.198215, 0.804604, 0.281417), (-0.380796, 0.923906, 0.037310, 0.682041), (-0.735983, -0.327275, 0.592638, -0.033591), (0.000000, 0.000000, 0.000000, 1.000000))
((0.556143, 0.202504, 0.806038, 0.278414), (-0.380716, 0.924189, 0.030495, 0.680721), (-0.738756, -0.323831, 0.591078, -0.033804), (0.000000, 0.000000, 0.000000, 1.000000))
((0.556091, 0.203405, 0.805847, 0.276551), (-0.379183, 0.924892, 0.028210, 0.679902), (-0.739583, -0.321251, 0.591452, -0.033936), (0.000000, 0.000000, 0.000000, 1.000000))
((0.557666, 0.201111, 0.805334, 0.275261), (-0.380195, 0.924337, 0.032443, 0.679332), (-0.737875, -0.324277, 0.591933, -0.034048), (0.000000, 0.000000, 0.000000, 1.000000))
((0.557406, 0.201332, 0.805459, 0.272656), (-0.379334, 0.924728, 0.031368, 0.678180), (-0.738515, -0.323023, 0.591821, -0.034274), (0.000000, 0.000000, 0.000000, 1.000000))
((0.557274, 0.200829, 0.805676, 0.271284), (-0.379485, 0.924644, 0.032000, 0.677574), (-0.738537, -0.323575, 0.591492, -0.034395), (0.000000, 0.000000, 0.000000, 1.000000))
((0.554961, 0.203951, 0.806488, 0.265765), (-0.379094, 0.924966, 0.026950, 0.675143), (-0.740477, -0.320691, 0.590636, -0.034957), (0.000000, 0.000000, 0.000000, 1.000000))
((0.554961, 0.203951, 0.806488, 0.265599), (-0.379094, 0.924966, 0.026950, 0.675071), (-0.740477, -0.320691, 0.590636, -0.034976), (0.000000, 0.000000, 0.000000, 1.000000))
((0.556190, 0.202832, 0.805923, 0.260299), (-0.377732, 0.925499, 0.027757, 0.672771), (-0.740251, -0.319861, 0.591369, -0.035579), (0.000000, 0.000000, 0.000000, 1.000000))
((0.555378, 0.203280, 0.806370, 0.256982), (-0.380464, 0.924340, 0.029021, 0.671365), (-0.739461, -0.322912, 0.590699, -0.035988), (0.000000, 0.000000, 0.000000, 1.000000))
((0.555130, 0.203671, 0.806442, 0.254209), (-0.379276, 0.924875, 0.027501, 0.670191), (-0.740257, -0.321131, 0.590673, -0.036330), (0.000000, 0.000000, 0.000000, 1.000000))
((0.555130, 0.203671, 0.806442, 0.254016), (-0.379276, 0.924875, 0.027501, 0.670111), (-0.740257, -0.321131, 0.590673, -0.036355), (0.000000, 0.000000, 0.000000, 1.000000))
((0.556487, 0.202966, 0.805684, 0.249717), (-0.377922, 0.925417, 0.027902, 0.668348), (-0.739930, -0.320013, 0.591688, -0.036903), (0.000000, 0.000000, 0.000000, 1.000000))
((0.554165, 0.205358, 0.806678, 0.248215), (-0.380141, 0.924569, 0.025776, 0.667735), (-0.740536, -0.320936, 0.590429, -0.037094), (0.000000, 0.000000, 0.000000, 1.000000))
((0.555337, 0.204265, 0.806149, 0.245744), (-0.380017, 0.924570, 0.027514, 0.666759), (-0.739721, -0.321630, 0.591072, -0.037412), (0.000000, 0.000000, 0.000000, 1.000000))
((0.557714, 0.200913, 0.805350, 0.241337), (-0.378153, 0.925222, 0.031057, 0.665031), (-0.738888, -0.321867, 0.591985, -0.037976), (0.000000, 0.000000, 0.000000, 1.000000))
((0.557483, 0.201957, 0.805249, 0.239277), (-0.376812, 0.925846, 0.028669, 0.664257), (-0.739747, -0.319410, 0.592243, -0.038237), (0.000000, 0.000000, 0.000000, 1.000000))
((0.556998, 0.203135, 0.805288, 0.236260), (-0.378469, 0.925178, 0.028400, 0.663130), (-0.739266, -0.320596, 0.592203, -0.038617), (0.000000, 0.000000, 0.000000, 1.000000))
((0.558322, 0.201811, 0.804704, 0.233425), (-0.378307, 0.925179, 0.030453, 0.662133), (-0.738350, -0.321428, 0.592894, -0.038958), (0.000000, 0.000000, 0.000000, 1.000000))
((0.555620, 0.205018, 0.805763, 0.228363), (-0.379037, 0.925016, 0.026007, 0.660361), (-0.740012, -0.319864, 0.591667, -0.039564), (0.000000, 0.000000, 0.000000, 1.000000))
((0.556555, 0.203464, 0.805512, 0.224635), (-0.379279, 0.924845, 0.028451, 0.659154), (-0.739185, -0.321348, 0.591896, -0.039982), (0.000000, 0.000000, 0.000000, 1.000000))
((0.557453, 0.201870, 0.805292, 0.220897), (-0.379704, 0.924586, 0.031071, 0.657950), (-0.738290, -0.323093, 0.592064, -0.040398), (0.000000, 0.000000, 0.000000, 1.000000))
((0.555213, 0.205047, 0.806036, 0.217369), (-0.380365, 0.924447, 0.026834, 0.656899), (-0.739636, -0.321486, 0.591258, -0.040759), (0.000000, 0.000000, 0.000000, 1.000000))
((0.555965, 0.204206, 0.805731, 0.212257), (-0.379783, 0.924661, 0.027708, 0.655437), (-0.739370, -0.321408, 0.591633, -0.041254), (0.000000, 0.000000, 0.000000, 1.000000))
((0.553199, 0.207532, 0.806785, 0.206948), (-0.380532, 0.924479, 0.023117, 0.654040), (-0.741057, -0.319796, 0.590393, -0.041710), (0.000000, 0.000000, 0.000000, 1.000000))
((0.554648, 0.205965, 0.806191, 0.204690), (-0.380526, 0.924415, 0.025627, 0.653446), (-0.739977, -0.320991, 0.591100, -0.041903), (0.000000, 0.000000, 0.000000, 1.000000))
((0.554648, 0.205965, 0.806191, 0.204562), (-0.380526, 0.924415, 0.025627, 0.653414), (-0.739977, -0.320991, 0.591100, -0.041914), (0.000000, 0.000000, 0.000000, 1.000000))
((0.554852, 0.204881, 0.806327, 0.197626), (-0.383486, 0.923080, 0.029339, 0.651675), (-0.738293, -0.325494, 0.590742, -0.042463), (0.000000, 0.000000, 0.000000, 1.000000))
((0.554327, 0.205570, 0.806513, 0.194626), (-0.382559, 0.923520, 0.027544, 0.650951), (-0.739169, -0.323807, 0.590575, -0.042683), (0.000000, 0.000000, 0.000000, 1.000000))
((0.554327, 0.205570, 0.806513, 0.194575), (-0.382559, 0.923520, 0.027544, 0.650939), (-0.739169, -0.323807, 0.590575, -0.042687), (0.000000, 0.000000, 0.000000, 1.000000))
((0.553834, 0.206201, 0.806690, 0.185337), (-0.384252, 0.922806, 0.027927, 0.648766), (-0.738660, -0.325439, 0.590314, -0.043332), (0.000000, 0.000000, 0.000000, 1.000000))
((0.553834, 0.206201, 0.806690, 0.185273), (-0.384252, 0.922806, 0.027927, 0.648752), (-0.738660, -0.325439, 0.590314, -0.043336), (0.000000, 0.000000, 0.000000, 1.000000))
((0.552445, 0.207578, 0.807289, 0.179764), (-0.383334, 0.923273, 0.024923, 0.647487), (-0.740175, -0.323230, 0.589629, -0.043714), (0.000000, 0.000000, 0.000000, 1.000000))
((0.553913, 0.205070, 0.806924, 0.179577), (-0.385044, 0.922414, 0.029893, 0.647445), (-0.738188, -0.327260, 0.589898, -0.043727), (0.000000, 0.000000, 0.000000, 1.000000))
((0.553018, 0.206628, 0.807141, 0.174627), (-0.383503, 0.923161, 0.026431, 0.646349), (-0.739660, -0.324158, 0.589767, -0.044060), (0.000000, 0.000000, 0.000000, 1.000000))
((0.552897, 0.206883, 0.807158, 0.174158), (-0.383349, 0.923239, 0.025955, 0.646247), (-0.739830, -0.323774, 0.589764, -0.044091), (0.000000, 0.000000, 0.000000, 1.000000))
((0.551348, 0.208576, 0.807782, 0.167636), (-0.385005, 0.922588, 0.024564, 0.644863), (-0.740126, -0.324543, 0.588969, -0.044526), (0.000000, 0.000000, 0.000000, 1.000000))
((0.552207, 0.206782, 0.807656, 0.164538), (-0.386001, 0.922078, 0.027837, 0.644235), (-0.738966, -0.327128, 0.588996, -0.044731), (0.000000, 0.000000, 0.000000, 1.000000))
((0.552042, 0.207931, 0.807474, 0.162178), (-0.384302, 0.922866, 0.025088, 0.643757), (-0.739974, -0.324164, 0.589369, -0.044887), (0.000000, 0.000000, 0.000000, 1.000000))
((0.551397, 0.208597, 0.807743, 0.159588), (-0.383769, 0.923128, 0.023581, 0.643256), (-0.740731, -0.322989, 0.589063, -0.045052), (0.000000, 0.000000, 0.000000, 1.000000))
((0.551952, 0.208196, 0.807467, 0.155351), (-0.386745, 0.921800, 0.026688, 0.642474), (-0.738767, -0.327015, 0.589308, -0.045311), (0.000000, 0.000000, 0.000000, 1.000000))
((0.551392, 0.208568, 0.807754, 0.153270), (-0.386548, 0.921908, 0.025824, 0.642090), (-0.739288, -0.326475, 0.588954, -0.045438), (0.000000, 0.000000, 0.000000, 1.000000))
((0.549220, 0.213110, 0.808048, 0.149214), (-0.385726, 0.922420, 0.018899, 0.641391), (-0.741332, -0.322065, 0.588814, -0.045665), (0.000000, 0.000000, 0.000000, 1.000000))
((0.550522, 0.210728, 0.807787, 0.148876), (-0.387627, 0.921510, 0.023780, 0.641334), (-0.739372, -0.326211, 0.588995, -0.045683), (0.000000, 0.000000, 0.000000, 1.000000))
((0.550616, 0.210440, 0.807797, 0.143724), (-0.387875, 0.921390, 0.024354, 0.640506), (-0.739171, -0.326734, 0.588957, -0.045943), (0.000000, 0.000000, 0.000000, 1.000000))
((0.550616, 0.210440, 0.807797, 0.143632), (-0.387875, 0.921390, 0.024354, 0.640492), (-0.739171, -0.326734, 0.588957, -0.045947), (0.000000, 0.000000, 0.000000, 1.000000))
((0.547827, 0.215390, 0.808389, 0.138143), (-0.384193, 0.923141, 0.014394, 0.639682), (-0.743156, -0.318463, 0.588473, -0.046186), (0.000000, 0.000000, 0.000000, 1.000000))
((0.547827, 0.215390, 0.808389, 0.138143), (-0.384193, 0.923141, 0.014394, 0.639682), (-0.743156, -0.318463, 0.588473, -0.046186), (0.000000, 0.000000, 0.000000, 1.000000))
((0.548684, 0.215112, 0.807882, 0.133237), (-0.383398, 0.923469, 0.014500, 0.639028), (-0.742935, -0.317696, 0.589166, -0.046357), (0.000000, 0.000000, 0.000000, 1.000000))
((0.547130, 0.216154, 0.808657, 0.129459), (-0.383607, 0.923409, 0.012718, 0.638579), (-0.743972, -0.317165, 0.588143, -0.046454), (0.000000, 0.000000, 0.000000, 1.000000))
((0.547414, 0.216752, 0.808305, 0.123277), (-0.382725, 0.923791, 0.011476, 0.637893), (-0.744218, -0.315640, 0.588652, -0.046579), (0.000000, 0.000000, 0.000000, 1.000000))
((0.546666, 0.217371, 0.808644, 0.121002), (-0.382572, 0.923868, 0.010285, 0.637678), (-0.744845, -0.314987, 0.588208, -0.046596), (0.000000, 0.000000, 0.000000, 1.000000))
((0.547005, 0.216177, 0.808736, 0.117770), (-0.383848, 0.923307, 0.012821, 0.637373), (-0.743940, -0.317445, 0.588033, -0.046620), (0.000000, 0.000000, 0.000000, 1.000000))
((0.545850, 0.217531, 0.809153, 0.114736), (-0.383418, 0.923517, 0.010375, 0.637110), (-0.745009, -0.315907, 0.587507, -0.046620), (0.000000, 0.000000, 0.000000, 1.000000))
((0.545321, 0.219005, 0.809112, 0.112255), (-0.382109, 0.924088, 0.007406, 0.636896), (-0.746068, -0.313208, 0.587608, -0.046616), (0.000000, 0.000000, 0.000000, 1.000000))
((0.544830, 0.220049, 0.809159, 0.110381), (-0.381487, 0.924358, 0.005489, 0.636739), (-0.746745, -0.311675, 0.587564, -0.046603), (0.000000, 0.000000, 0.000000, 1.000000))
((0.540108, 0.225354, 0.810863, 0.102984), (-0.385981, 0.922506, 0.000717, 0.636061), (-0.747865, -0.313365, 0.585235, -0.046501), (0.000000, 0.000000, 0.000000, 1.000000))
((0.542839, 0.221286, 0.810160, 0.101136), (-0.388225, 0.921526, 0.008422, 0.635875), (-0.744719, -0.319096, 0.586149, -0.046474), (0.000000, 0.000000, 0.000000, 1.000000))
((0.543022, 0.219159, 0.810615, 0.098040), (-0.390678, 0.920438, 0.012861, 0.635564), (-0.743302, -0.323673, 0.585438, -0.046429), (0.000000, 0.000000, 0.000000, 1.000000))
((0.540905, 0.220137, 0.811764, 0.092724), (-0.394434, 0.918823, 0.013655, 0.634990), (-0.742861, -0.327573, 0.583826, -0.046344), (0.000000, 0.000000, 0.000000, 1.000000))
((0.540958, 0.217312, 0.812490, 0.086328), (-0.401542, 0.915565, 0.022467, 0.634230), (-0.739005, -0.338403, 0.582542, -0.046237), (0.000000, 0.000000, 0.000000, 1.000000))
((0.545642, 0.205973, 0.812312, 0.079307), (-0.416414, 0.907826, 0.049520, 0.633232), (-0.727238, -0.365278, 0.581118, -0.046115), (0.000000, 0.000000, 0.000000, 1.000000))
</SampleFrames>
<SampleWeights Num="97">0.0170661
0.0158758
0.0223133
0.0339555
0.033955
0.0613502
0.0613465
0.0679409
0.0699757
0.0922001
0.0980925
0.104464
0.104382
0.112362
0.128054
0.147213
0.159106
0.159075
0.176209
0.176209
0.187283
0.186727
0.183086
0.192775
0.203857
0.202847
0.242346
0.253204
0.260964
0.268842
0.274608
0.271971
0.27197
0.288014
0.288013
0.292621
0.303138
0.327418
0.339739
0.357127
0.36397
0.381838
0.381815
0.392098
0.400013
0.40879
0.408762
0.424683
0.425069
0.428106
0.427665
0.432562
0.447212
0.448681
0.441042
0.428821
0.432047
0.426617
0.426893
0.415315
0.414703
0.414692
0.393186
0.382239
0.382237
0.368036
0.368033
0.366432
0.370728
0.385391
0.38595
0.370155
0.358585
0.347161
0.33806
0.336433
0.335707
0.331063
0.326862
0.32183
0.321823
0.324805
0.324805
0.32971
0.312466
0.329089
0.320212
0.294594
0.283993
0.290272
0.295518
0.255601
0.239889
0.217367
0.191384
0.16637
0.118697
</SampleWeights>
</PointSplatMark>
