<PointSplatMark HeadPosAtStart="(-1.50338, 2.28845, 1.7394)" BrushTip="0" BrushInterface="ForceTapeDraw" SuperSamplesPerWidth="20" Draw="0" Width="0.06" Pose="1" LayerIndex="0" Name="wingdetail" RoomToVirtualScaleAtStart="1.45521" RoomToVirtualFrameAtStart="((0.821775, -0.435965, -0.366905, 0.195608), (0.552429, 0.451736, 0.700540, -0.080777), (-0.139667, -0.778376, 0.612065, 0.018285), (0.000000, 0.000000, 0.000000, 1.000000))" ColorSwatch="0.302658"><SamplePoints Num="31">(0.631785, 0.465374, 0.0204553)
(0.628945, 0.463636, 0.0188326)
(0.627207, 0.462577, 0.0178407)
(0.620597, 0.458553, 0.0140706)
(0.616899, 0.456308, 0.0119647)
(0.61326, 0.454111, 0.00989855)
(0.609247, 0.451694, 0.00762328)
(0.605168, 0.449257, 0.00532892)
(0.600544, 0.44651, 0.00274183)
(0.595638, 0.443608, 1.84805e-005)
(0.590574, 0.440621, -0.00277726)
(0.578068, 0.43321, -0.00962234)
(0.573022, 0.430167, -0.0123517)
(0.567302, 0.426717, -0.0154457)
(0.559535, 0.422032, -0.0196465)
(0.548852, 0.415425, -0.0253882)
(0.541905, 0.410991, -0.0290956)
(0.528454, 0.402404, -0.0362734)
(0.520324, 0.397041, -0.0405666)
(0.512916, 0.392151, -0.044478)
(0.502843, 0.385281, -0.0497239)
(0.502726, 0.385199, -0.049784)
(0.489288, 0.375764, -0.056677)
(0.481445, 0.370067, -0.0606345)
(0.47485, 0.365277, -0.063962)
(0.468754, 0.360668, -0.0669845)
(0.46396, 0.357043, -0.0693613)
(0.461638, 0.355279, -0.0705116)
(0.456441, 0.351124, -0.0730481)
(0.45255, 0.348006, -0.0749464)
(0.452414, 0.347882, -0.0750099)
</SamplePoints>
<SampleFrames Num="31">((0.691978, 0.562004, 0.453120, 0.631785), (-0.707630, 0.652295, 0.271608, 0.465374), (-0.142923, -0.508588, 0.849065, 0.020455), (0.000000, 0.000000, 0.000000, 1.000000))
((0.689775, 0.564168, 0.453790, 0.628945), (-0.709617, 0.651194, 0.269053, 0.463636), (-0.143714, -0.507603, 0.849521, 0.018833), (0.000000, 0.000000, 0.000000, 1.000000))
((0.687746, 0.564874, 0.455985, 0.627207), (-0.711523, 0.649117, 0.269040, 0.462577), (-0.144014, -0.509475, 0.848348, 0.017841), (0.000000, 0.000000, 0.000000, 1.000000))
((0.681560, 0.572206, 0.456132, 0.620597), (-0.719139, 0.639039, 0.272891, 0.458553), (-0.135336, -0.514013, 0.847039, 0.014071), (0.000000, 0.000000, 0.000000, 1.000000))
((0.681109, 0.572529, 0.456400, 0.616899), (-0.719880, 0.637431, 0.274691, 0.456308), (-0.133655, -0.515648, 0.846312, 0.011965), (0.000000, 0.000000, 0.000000, 1.000000))
((0.677913, 0.576435, 0.456241, 0.613260), (-0.723108, 0.634692, 0.272544, 0.454111), (-0.132469, -0.514673, 0.847091, 0.009899), (0.000000, 0.000000, 0.000000, 1.000000))
((0.674226, 0.578970, 0.458491, 0.609247), (-0.726510, 0.631493, 0.270925, 0.451694), (-0.132676, -0.515763, 0.846396, 0.007623), (0.000000, 0.000000, 0.000000, 1.000000))
((0.667704, 0.585797, 0.459362, 0.605168), (-0.733381, 0.623532, 0.270850, 0.449257), (-0.127764, -0.517735, 0.845947, 0.005329), (0.000000, 0.000000, 0.000000, 1.000000))
((0.666583, 0.586964, 0.459499, 0.600544), (-0.735306, 0.619001, 0.275977, 0.446510), (-0.122442, -0.521834, 0.844214, 0.002742), (0.000000, 0.000000, 0.000000, 1.000000))
((0.667634, 0.587419, 0.457388, 0.595638), (-0.735060, 0.617580, 0.279789, 0.443608), (-0.118121, -0.523004, 0.844106, 0.000018), (0.000000, 0.000000, 0.000000, 1.000000))
((0.666457, 0.587706, 0.458733, 0.590574), (-0.736036, 0.616615, 0.279352, 0.440621), (-0.118685, -0.523820, 0.843520, -0.002777), (0.000000, 0.000000, 0.000000, 1.000000))
((0.657305, 0.593509, 0.464432, 0.578068), (-0.744872, 0.605291, 0.280692, 0.433210), (-0.114523, -0.530443, 0.839949, -0.009622), (0.000000, 0.000000, 0.000000, 1.000000))
((0.658329, 0.592761, 0.463936, 0.573022), (-0.744580, 0.603260, 0.285793, 0.430167), (-0.110467, -0.533584, 0.838502, -0.012352), (0.000000, 0.000000, 0.000000, 1.000000))
((0.658216, 0.594167, 0.462295, 0.567302), (-0.745623, 0.599284, 0.291384, 0.426717), (-0.103915, -0.536492, 0.837483, -0.015446), (0.000000, 0.000000, 0.000000, 1.000000))
((0.657227, 0.596664, 0.460483, 0.559535), (-0.746887, 0.597517, 0.291776, 0.422032), (-0.101054, -0.535692, 0.838345, -0.019646), (0.000000, 0.000000, 0.000000, 1.000000))
((0.651626, 0.599360, 0.464921, 0.548852), (-0.751903, 0.591284, 0.291592, 0.415425), (-0.100132, -0.539584, 0.835956, -0.025388), (0.000000, 0.000000, 0.000000, 1.000000))
((0.651195, 0.598773, 0.466279, 0.541905), (-0.752804, 0.587437, 0.296992, 0.410991), (-0.096079, -0.544416, 0.833294, -0.029096), (0.000000, 0.000000, 0.000000, 1.000000))
((0.650711, 0.601403, 0.463563, 0.528454), (-0.754445, 0.581173, 0.305042, 0.402404), (-0.085957, -0.548227, 0.831901, -0.036273), (0.000000, 0.000000, 0.000000, 1.000000))
((0.646486, 0.605153, 0.464592, 0.520324), (-0.758768, 0.573488, 0.308841, 0.397041), (-0.079542, -0.552179, 0.829922, -0.040567), (0.000000, 0.000000, 0.000000, 1.000000))
((0.643493, 0.608302, 0.464635, 0.512916), (-0.761732, 0.568670, 0.310449, 0.392151), (-0.075377, -0.553699, 0.829298, -0.044478), (0.000000, 0.000000, 0.000000, 1.000000))
((0.646945, 0.606135, 0.462669, 0.502843), (-0.759206, 0.568654, 0.316605, 0.385281), (-0.071194, -0.556087, 0.828069, -0.049724), (0.000000, 0.000000, 0.000000, 1.000000))
((0.646945, 0.606135, 0.462669, 0.502726), (-0.759206, 0.568654, 0.316605, 0.385199), (-0.071194, -0.556087, 0.828069, -0.049784), (0.000000, 0.000000, 0.000000, 1.000000))
((0.646185, 0.604513, 0.465841, 0.489288), (-0.759957, 0.565721, 0.320039, 0.375764), (-0.070068, -0.560824, 0.824965, -0.056677), (0.000000, 0.000000, 0.000000, 1.000000))
((0.644919, 0.606360, 0.465195, 0.481445), (-0.761601, 0.560549, 0.325190, 0.370067), (-0.063582, -0.564014, 0.823314, -0.060635), (0.000000, 0.000000, 0.000000, 1.000000))
((0.647585, 0.604637, 0.463732, 0.474850), (-0.759728, 0.559213, 0.331804, 0.365277), (-0.058704, -0.567181, 0.821498, -0.063962), (0.000000, 0.000000, 0.000000, 1.000000))
((0.651650, 0.599970, 0.464099, 0.468754), (-0.755955, 0.563969, 0.332371, 0.360668), (-0.062325, -0.567428, 0.821061, -0.066984), (0.000000, 0.000000, 0.000000, 1.000000))
((0.653901, 0.595654, 0.466486, 0.463960), (-0.753347, 0.569554, 0.328750, 0.357043), (-0.069868, -0.566396, 0.821166, -0.069361), (0.000000, 0.000000, 0.000000, 1.000000))
((0.656391, 0.591142, 0.468723, 0.461638), (-0.750816, 0.572536, 0.329360, 0.355279), (-0.073662, -0.568114, 0.819646, -0.070512), (0.000000, 0.000000, 0.000000, 1.000000))
((0.669215, 0.575191, 0.470433, 0.456441), (-0.737844, 0.589327, 0.329060, 0.351124), (-0.087966, -0.567318, 0.818787, -0.073048), (0.000000, 0.000000, 0.000000, 1.000000))
((0.679684, 0.561745, 0.471670, 0.452550), (-0.726757, 0.602763, 0.329395, 0.348006), (-0.099270, -0.566674, 0.817940, -0.074946), (0.000000, 0.000000, 0.000000, 1.000000))
((0.679684, 0.561745, 0.471670, 0.452414), (-0.726757, 0.602763, 0.329395, 0.347882), (-0.099270, -0.566674, 0.817940, -0.075010), (0.000000, 0.000000, 0.000000, 1.000000))
</SampleFrames>
<SampleWeights Num="31">0.0458836
0.0824793
0.0763049
0.0693992
0.0601518
0.0596986
0.0594303
0.0764758
0.111419
0.127446
0.138661
0.179751
0.208726
0.243133
0.274222
0.275464
0.28629
0.345696
0.389318
0.439488
0.44956
0.449546
0.411077
0.440449
0.466021
0.409637
0.333836
0.30046
0.20741
0.149932
0.149866
</SampleWeights>
</PointSplatMark>
