<PointSplatMark HeadPosAtStart="(0.227178, 1.45563, 2.73453)" BrushTip="0" BrushInterface="ForceTapeDraw" SuperSamplesPerWidth="20" Draw="0" Width="0.06" Pose="1" LayerIndex="0" Name="wingdetail" RoomToVirtualScaleAtStart="1.45521" RoomToVirtualFrameAtStart="((0.815284, -0.548073, 0.186890, 0.108643), (0.433307, 0.791524, 0.430970, -0.184401), (-0.384131, -0.270382, 0.882801, -0.180636), (0.000000, 0.000000, 0.000000, 1.000000))" ColorSwatch="0.302658"><SamplePoints Num="76">(0.262671, 0.0776797, -0.0112544)
(0.262547, 0.077765, -0.0111728)
(0.262529, 0.0777777, -0.0111605)
(0.261363, 0.0785578, -0.0103851)
(0.260567, 0.0790823, -0.00985228)
(0.259166, 0.079997, -0.00891185)
(0.256542, 0.0816555, -0.00715661)
(0.253738, 0.0833861, -0.0052905)
(0.251403, 0.0848126, -0.00373402)
(0.250497, 0.085363, -0.00312935)
(0.24921, 0.0861449, -0.00227044)
(0.248446, 0.0866083, -0.00176073)
(0.246601, 0.0877265, -0.000520272)
(0.243255, 0.0897556, 0.00173475)
(0.24172, 0.0906863, 0.00276907)
(0.239564, 0.0919977, 0.00422934)
(0.235797, 0.0942868, 0.00678976)
(0.228426, 0.0987207, 0.0118152)
(0.228411, 0.0987294, 0.0118253)
(0.224433, 0.10106, 0.0145379)
(0.223321, 0.1017, 0.0152993)
(0.22142, 0.102794, 0.0166002)
(0.216078, 0.10582, 0.0202661)
(0.216075, 0.105822, 0.0202684)
(0.212182, 0.107989, 0.0229432)
(0.210469, 0.108924, 0.0241216)
(0.210469, 0.108924, 0.0241216)
(0.207451, 0.110547, 0.0262061)
(0.206085, 0.111281, 0.0271493)
(0.205418, 0.111634, 0.0276128)
(0.202495, 0.113175, 0.0296438)
(0.20022, 0.114351, 0.0312249)
(0.196733, 0.116118, 0.03366)
(0.189723, 0.11953, 0.0386061)
(0.182885, 0.122642, 0.0436925)
(0.181094, 0.123417, 0.0450346)
(0.178672, 0.124434, 0.0468441)
(0.177319, 0.124996, 0.0478534)
(0.177318, 0.124996, 0.0478541)
(0.174231, 0.126224, 0.0501591)
(0.173009, 0.126685, 0.0510703)
(0.168601, 0.128251, 0.0543302)
(0.165205, 0.129308, 0.0567866)
(0.164897, 0.129389, 0.0570024)
(0.158129, 0.130922, 0.0616147)
(0.155964, 0.13131, 0.0630422)
(0.155047, 0.131448, 0.0636347)
(0.151946, 0.131747, 0.0655705)
(0.149068, 0.132025, 0.0673678)
(0.146609, 0.13215, 0.0688664)
(0.146082, 0.132176, 0.0691875)
(0.14594, 0.132178, 0.0692723)
(0.13954, 0.132237, 0.0730974)
(0.139442, 0.132234, 0.0731554)
(0.132471, 0.132055, 0.0772668)
(0.13244, 0.132053, 0.0772853)
(0.125257, 0.131649, 0.0815013)
(0.122361, 0.131411, 0.0832015)
(0.119665, 0.131189, 0.0847841)
(0.119665, 0.131189, 0.0847841)
(0.114118, 0.130564, 0.088044)
(0.111911, 0.130258, 0.0893428)
(0.109684, 0.12993, 0.0906528)
(0.10617, 0.129308, 0.092708)
(0.104324, 0.128911, 0.0937718)
(0.101761, 0.128282, 0.0952334)
(0.100713, 0.128006, 0.095827)
(0.0994918, 0.127662, 0.0965155)
(0.0984287, 0.127326, 0.0971088)
(0.0972455, 0.126905, 0.0977599)
(0.0952186, 0.126121, 0.098863)
(0.0951816, 0.126103, 0.0988828)
(0.0950986, 0.126056, 0.0989264)
(0.0858316, 0.120746, 0.103791)
(0.0791346, 0.115949, 0.107281)
(0.0743356, 0.111704, 0.109799)
</SamplePoints>
<SampleFrames Num="76">((0.000164, 0.310654, 0.950523, 0.262671), (-0.933071, 0.341943, -0.111594, 0.077680), (-0.359692, -0.886887, 0.289918, -0.011254), (0.000000, 0.000000, 0.000000, 1.000000))
((0.000715, 0.310763, 0.950487, 0.262547), (-0.934105, 0.339529, -0.110307, 0.077765), (-0.356997, -0.887776, 0.290528, -0.011173), (0.000000, 0.000000, 0.000000, 1.000000))
((0.000812, 0.310653, 0.950523, 0.262529), (-0.934141, 0.339481, -0.110152, 0.077778), (-0.356904, -0.887833, 0.290469, -0.011161), (0.000000, 0.000000, 0.000000, 1.000000))
((0.000208, 0.311246, 0.950329, 0.261363), (-0.934024, 0.339528, -0.110996, 0.078558), (-0.357210, -0.887607, 0.290782, -0.010385), (0.000000, 0.000000, 0.000000, 1.000000))
((0.000205, 0.308593, 0.951194, 0.260567), (-0.933932, 0.340064, -0.110125, 0.079082), (-0.357451, -0.888328, 0.288275, -0.009852), (0.000000, 0.000000, 0.000000, 1.000000))
((0.001570, 0.309014, 0.951056, 0.259166), (-0.934721, 0.338441, -0.108422, 0.079997), (-0.355380, -0.888801, 0.289374, -0.008912), (0.000000, 0.000000, 0.000000, 1.000000))
((0.000122, 0.307262, 0.951625, 0.256542), (-0.934563, 0.338622, -0.109215, 0.081655), (-0.355799, -0.889340, 0.287197, -0.007157), (0.000000, 0.000000, 0.000000, 1.000000))
((0.002203, 0.305388, 0.952225, 0.253738), (-0.932369, 0.344860, -0.108443, 0.083386), (-0.361502, -0.887586, 0.285494, -0.005291), (0.000000, 0.000000, 0.000000, 1.000000))
((0.000123, 0.306591, 0.951841, 0.251403), (-0.933775, 0.340663, -0.109608, 0.084813), (-0.357862, -0.888792, 0.286329, -0.003734), (0.000000, 0.000000, 0.000000, 1.000000))
((0.001465, 0.304013, 0.952667, 0.250497), (-0.932725, 0.343934, -0.108321, 0.085363), (-0.360586, -0.888417, 0.284064, -0.003129), (0.000000, 0.000000, 0.000000, 1.000000))
((0.002616, 0.304240, 0.952592, 0.249210), (-0.930553, 0.349532, -0.109078, 0.086145), (-0.366147, -0.886152, 0.284026, -0.002270), (0.000000, 0.000000, 0.000000, 1.000000))
((0.003051, 0.304542, 0.952494, 0.248446), (-0.930603, 0.349496, -0.108764, 0.086608), (-0.366016, -0.886062, 0.284474, -0.001761), (0.000000, 0.000000, 0.000000, 1.000000))
((0.003363, 0.302808, 0.953046, 0.246601), (-0.931369, 0.347920, -0.107257, 0.087726), (-0.364062, -0.887276, 0.283196, -0.000520), (0.000000, 0.000000, 0.000000, 1.000000))
((0.003608, 0.301183, 0.953560, 0.243255), (-0.929997, 0.351495, -0.107501, 0.089756), (-0.367549, -0.886420, 0.281367, 0.001735), (0.000000, 0.000000, 0.000000, 1.000000))
((0.004742, 0.298942, 0.954259, 0.241720), (-0.930128, 0.351736, -0.105567, 0.090686), (-0.367206, -0.887082, 0.279722, 0.002769), (0.000000, 0.000000, 0.000000, 1.000000))
((0.005053, 0.297209, 0.954799, 0.239564), (-0.930895, 0.350148, -0.104067, 0.091998), (-0.365251, -0.888292, 0.278440, 0.004229), (0.000000, 0.000000, 0.000000, 1.000000))
((0.005670, 0.292902, 0.956126, 0.235797), (-0.929560, 0.354010, -0.102936, 0.094287), (-0.368628, -0.888192, 0.274277, 0.006790), (0.000000, 0.000000, 0.000000, 1.000000))
((0.006179, 0.287577, 0.957738, 0.228426), (-0.928985, 0.356090, -0.100929, 0.098721), (-0.370066, -0.889100, 0.269355, 0.011815), (0.000000, 0.000000, 0.000000, 1.000000))
((0.006179, 0.287577, 0.957738, 0.228411), (-0.928985, 0.356090, -0.100929, 0.098729), (-0.370066, -0.889100, 0.269355, 0.011825), (0.000000, 0.000000, 0.000000, 1.000000))
((0.004373, 0.286490, 0.958073, 0.224433), (-0.928473, 0.356974, -0.102507, 0.101060), (-0.371374, -0.889097, 0.267559, 0.014538), (0.000000, 0.000000, 0.000000, 1.000000))
((0.006161, 0.287014, 0.957907, 0.223321), (-0.927549, 0.359577, -0.101773, 0.101700), (-0.373651, -0.887878, 0.268435, 0.015299), (0.000000, 0.000000, 0.000000, 1.000000))
((0.005740, 0.284938, 0.958529, 0.221420), (-0.927251, 0.360399, -0.101582, 0.102794), (-0.374397, -0.888213, 0.266278, 0.016600), (0.000000, 0.000000, 0.000000, 1.000000))
((0.004698, 0.281776, 0.959469, 0.216078), (-0.926572, 0.362080, -0.101799, 0.105820), (-0.376089, -0.888538, 0.262787, 0.020266), (0.000000, 0.000000, 0.000000, 1.000000))
((0.004698, 0.281776, 0.959469, 0.216075), (-0.926572, 0.362080, -0.101799, 0.105822), (-0.376089, -0.888538, 0.262787, 0.020268), (0.000000, 0.000000, 0.000000, 1.000000))
((0.004261, 0.280930, 0.959719, 0.212182), (-0.926111, 0.363147, -0.102189, 0.107989), (-0.377227, -0.888371, 0.261720, 0.022943), (0.000000, 0.000000, 0.000000, 1.000000))
((0.004763, 0.278854, 0.960322, 0.210469), (-0.924813, 0.366535, -0.101846, 0.108924), (-0.380391, -0.887633, 0.259634, 0.024122), (0.000000, 0.000000, 0.000000, 1.000000))
((0.004763, 0.278854, 0.960322, 0.210469), (-0.924813, 0.366535, -0.101846, 0.108924), (-0.380391, -0.887633, 0.259634, 0.024122), (0.000000, 0.000000, 0.000000, 1.000000))
((0.003629, 0.277530, 0.960710, 0.207451), (-0.924359, 0.367453, -0.102658, 0.110547), (-0.381506, -0.887669, 0.257871, 0.026206), (0.000000, 0.000000, 0.000000, 1.000000))
((0.001903, 0.278231, 0.960512, 0.206085), (-0.925146, 0.365109, -0.103928, 0.111281), (-0.379608, -0.888416, 0.258099, 0.027149), (0.000000, 0.000000, 0.000000, 1.000000))
((0.002553, 0.278689, 0.960378, 0.205418), (-0.925225, 0.365038, -0.103470, 0.111634), (-0.379410, -0.888302, 0.258782, 0.027613), (0.000000, 0.000000, 0.000000, 1.000000))
((0.001249, 0.277424, 0.960747, 0.202495), (-0.924595, 0.366317, -0.104575, 0.113175), (-0.380950, -0.888171, 0.256962, 0.029644), (0.000000, 0.000000, 0.000000, 1.000000))
((0.000413, 0.275620, 0.961267, 0.200220), (-0.923153, 0.369647, -0.105591, 0.114351), (-0.384432, -0.887353, 0.254592, 0.031225), (0.000000, 0.000000, 0.000000, 1.000000))
((0.001097, 0.274552, 0.961572, 0.196733), (-0.922975, 0.370348, -0.104690, 0.116118), (-0.384859, -0.887392, 0.253811, 0.033660), (0.000000, 0.000000, 0.000000, 1.000000))
((0.001849, 0.269731, 0.962934, 0.189723), (-0.918692, 0.380790, -0.104900, 0.119530), (-0.394970, -0.884446, 0.248504, 0.038606), (0.000000, 0.000000, 0.000000, 1.000000))
((0.000632, 0.265369, 0.964147, 0.182885), (-0.913687, 0.391999, -0.107294, 0.122642), (-0.406417, -0.880861, 0.242712, 0.043693), (0.000000, 0.000000, 0.000000, 1.000000))
((0.005029, 0.263141, 0.964744, 0.181094), (-0.911649, 0.397668, -0.103715, 0.123417), (-0.410940, -0.878986, 0.241892, 0.045035), (0.000000, 0.000000, 0.000000, 1.000000))
((0.002172, 0.261761, 0.965130, 0.178672), (-0.912211, 0.395949, -0.105336, 0.124434), (-0.409715, -0.880174, 0.239641, 0.046844), (0.000000, 0.000000, 0.000000, 1.000000))
((0.004213, 0.262536, 0.964913, 0.177319), (-0.911178, 0.398551, -0.104460, 0.124996), (-0.411992, -0.878767, 0.240896, 0.047853), (0.000000, 0.000000, 0.000000, 1.000000))
((0.004213, 0.262536, 0.964913, 0.177318), (-0.911178, 0.398551, -0.104460, 0.124996), (-0.411992, -0.878767, 0.240896, 0.047854), (0.000000, 0.000000, 0.000000, 1.000000))
((0.003885, 0.258240, 0.966073, 0.174231), (-0.910855, 0.399627, -0.103161, 0.126224), (-0.412709, -0.879551, 0.236772, 0.050159), (0.000000, 0.000000, 0.000000, 1.000000))
((0.005786, 0.259030, 0.965852, 0.173009), (-0.909628, 0.402575, -0.102517, 0.126685), (-0.415383, -0.877973, 0.237950, 0.051070), (0.000000, 0.000000, 0.000000, 1.000000))
((0.008267, 0.255291, 0.966829, 0.168601), (-0.907301, 0.408399, -0.100080, 0.128251), (-0.420401, -0.876377, 0.235002, 0.054330), (0.000000, 0.000000, 0.000000, 1.000000))
((0.008021, 0.251291, 0.967878, 0.165205), (-0.906763, 0.409877, -0.098902, 0.129308), (-0.421564, -0.876843, 0.231149, 0.056787), (0.000000, 0.000000, 0.000000, 1.000000))
((0.008021, 0.251291, 0.967878, 0.164897), (-0.906763, 0.409877, -0.098902, 0.129389), (-0.421564, -0.876843, 0.231149, 0.057002), (0.000000, 0.000000, 0.000000, 1.000000))
((0.011210, 0.248850, 0.968477, 0.158129), (-0.903169, 0.418183, -0.096998, 0.130922), (-0.429138, -0.873611, 0.229442, 0.061615), (0.000000, 0.000000, 0.000000, 1.000000))
((0.012063, 0.246783, 0.968996, 0.155964), (-0.903184, 0.418531, -0.095347, 0.131310), (-0.429085, -0.874031, 0.227939, 0.063042), (0.000000, 0.000000, 0.000000, 1.000000))
((0.012250, 0.244276, 0.969628, 0.155047), (-0.903110, 0.418963, -0.094139, 0.131448), (-0.429234, -0.874528, 0.225740, 0.063635), (0.000000, 0.000000, 0.000000, 1.000000))
((0.016035, 0.242229, 0.970087, 0.151946), (-0.902118, 0.421906, -0.090438, 0.131747), (-0.431192, -0.873682, 0.225284, 0.065571), (0.000000, 0.000000, 0.000000, 1.000000))
((0.017558, 0.240805, 0.970415, 0.149068), (-0.899439, 0.427708, -0.089860, 0.132025), (-0.436693, -0.871251, 0.224099, 0.067368), (0.000000, 0.000000, 0.000000, 1.000000))
((0.016972, 0.239229, 0.970815, 0.146609), (-0.899178, 0.428268, -0.089814, 0.132150), (-0.437255, -0.871411, 0.222378, 0.068866), (0.000000, 0.000000, 0.000000, 1.000000))
((0.017946, 0.239319, 0.970775, 0.146082), (-0.897857, 0.431059, -0.089668, 0.132176), (-0.439921, -0.870008, 0.222610, 0.069187), (0.000000, 0.000000, 0.000000, 1.000000))
((0.017946, 0.239319, 0.970775, 0.145940), (-0.897857, 0.431059, -0.089668, 0.132178), (-0.439921, -0.870008, 0.222610, 0.069272), (0.000000, 0.000000, 0.000000, 1.000000))
((0.018466, 0.236773, 0.971390, 0.139540), (-0.898511, 0.430091, -0.087753, 0.132237), (-0.438563, -0.871184, 0.220685, 0.073097), (0.000000, 0.000000, 0.000000, 1.000000))
((0.018466, 0.236773, 0.971390, 0.139442), (-0.898511, 0.430091, -0.087753, 0.132234), (-0.438563, -0.871184, 0.220685, 0.073155), (0.000000, 0.000000, 0.000000, 1.000000))
((0.020241, 0.231301, 0.972672, 0.132471), (-0.896505, 0.434852, -0.084752, 0.132055), (-0.442572, -0.870289, 0.216164, 0.077267), (0.000000, 0.000000, 0.000000, 1.000000))
((0.020241, 0.231301, 0.972672, 0.132440), (-0.896505, 0.434852, -0.084752, 0.132053), (-0.442572, -0.870289, 0.216164, 0.077285), (0.000000, 0.000000, 0.000000, 1.000000))
((0.021868, 0.229012, 0.973178, 0.125257), (-0.895851, 0.436608, -0.082614, 0.131649), (-0.443817, -0.870015, 0.214708, 0.081501), (0.000000, 0.000000, 0.000000, 1.000000))
((0.021032, 0.227680, 0.973509, 0.122361), (-0.895018, 0.438212, -0.083151, 0.131411), (-0.445535, -0.869559, 0.212994, 0.083202), (0.000000, 0.000000, 0.000000, 1.000000))
((0.022130, 0.225858, 0.973909, 0.119665), (-0.895014, 0.438555, -0.081367, 0.131189), (-0.445490, -0.869861, 0.211851, 0.084784), (0.000000, 0.000000, 0.000000, 1.000000))
((0.022130, 0.225858, 0.973909, 0.119665), (-0.895014, 0.438555, -0.081367, 0.131189), (-0.445490, -0.869861, 0.211851, 0.084784), (0.000000, 0.000000, 0.000000, 1.000000))
((0.023172, 0.222687, 0.974615, 0.114118), (-0.892857, 0.443171, -0.080031, 0.130564), (-0.449743, -0.868337, 0.209097, 0.088044), (0.000000, 0.000000, 0.000000, 1.000000))
((0.023104, 0.220762, 0.975054, 0.111911), (-0.893941, 0.441218, -0.078714, 0.130258), (-0.447589, -0.869822, 0.207542, 0.089343), (0.000000, 0.000000, 0.000000, 1.000000))
((0.025229, 0.221727, 0.974782, 0.109684), (-0.892562, 0.444140, -0.077924, 0.129930), (-0.450218, -0.868088, 0.209110, 0.090653), (0.000000, 0.000000, 0.000000, 1.000000))
((0.027188, 0.217353, 0.975714, 0.106170), (-0.891155, 0.447482, -0.074851, 0.129308), (-0.452884, -0.867478, 0.205861, 0.092708), (0.000000, 0.000000, 0.000000, 1.000000))
((0.028286, 0.218201, 0.975494, 0.104324), (-0.891059, 0.447762, -0.074319, 0.128911), (-0.453006, -0.867120, 0.207095, 0.093772), (0.000000, 0.000000, 0.000000, 1.000000))
((0.028903, 0.216199, 0.975921, 0.101761), (-0.890750, 0.448593, -0.072998, 0.128282), (-0.453574, -0.867192, 0.205545, 0.095233), (0.000000, 0.000000, 0.000000, 1.000000))
((0.029671, 0.216799, 0.975765, 0.100713), (-0.890670, 0.448811, -0.072635, 0.128006), (-0.453681, -0.866930, 0.206413, 0.095827), (0.000000, 0.000000, 0.000000, 1.000000))
((0.030532, 0.214235, 0.976305, 0.099492), (-0.889254, 0.451817, -0.071335, 0.127662), (-0.456393, -0.866005, 0.204304, 0.096515), (0.000000, 0.000000, 0.000000, 1.000000))
((0.031984, 0.214618, 0.976174, 0.098429), (-0.887996, 0.454368, -0.070801, 0.127326), (-0.458737, -0.864575, 0.205112, 0.097109), (0.000000, 0.000000, 0.000000, 1.000000))
((0.032078, 0.215315, 0.976018, 0.097246), (-0.889338, 0.451792, -0.070439, 0.126905), (-0.456123, -0.865750, 0.205981, 0.097760), (0.000000, 0.000000, 0.000000, 1.000000))
((0.035834, 0.215654, 0.975812, 0.095219), (-0.888420, 0.454010, -0.067711, 0.126121), (-0.457631, -0.864505, 0.207860, 0.098863), (0.000000, 0.000000, 0.000000, 1.000000))
((0.035834, 0.215654, 0.975812, 0.095182), (-0.888420, 0.454010, -0.067711, 0.126103), (-0.457631, -0.864505, 0.207860, 0.098883), (0.000000, 0.000000, 0.000000, 1.000000))
((0.035834, 0.215654, 0.975812, 0.095099), (-0.888420, 0.454010, -0.067711, 0.126056), (-0.457631, -0.864505, 0.207860, 0.098926), (0.000000, 0.000000, 0.000000, 1.000000))
((0.043357, 0.207451, 0.977284, 0.085832), (-0.883833, 0.464029, -0.059290, 0.120746), (-0.465788, -0.861186, 0.203471, 0.103791), (0.000000, 0.000000, 0.000000, 1.000000))
((0.051505, 0.203214, 0.977779, 0.079135), (-0.879173, 0.473643, -0.052127, 0.115949), (-0.473711, -0.856952, 0.203055, 0.107281), (0.000000, 0.000000, 0.000000, 1.000000))
((0.055469, 0.199280, 0.978371, 0.074336), (-0.873999, 0.483459, -0.048922, 0.111704), (-0.482752, -0.852382, 0.200987, 0.109799), (0.000000, 0.000000, 0.000000, 1.000000))
</SampleFrames>
<SampleWeights Num="76">0.0209884
0.0232291
0.0279512
0.0528331
0.0772248
0.101563
0.150069
0.181163
0.229211
0.242958
0.257006
0.270394
0.29218
0.302828
0.322722
0.3653
0.371451
0.42399
0.423989
0.424744
0.427112
0.436708
0.452814
0.452815
0.452336
0.448682
0.448682
0.468177
0.478537
0.479818
0.48514
0.48121
0.498791
0.498837
0.49485
0.506532
0.504944
0.504527
0.504527
0.511694
0.517935
0.512314
0.518423
0.518348
0.495212
0.490411
0.491985
0.492884
0.481418
0.47955
0.479371
0.479356
0.481567
0.48156
0.47442
0.474419
0.464445
0.46035
0.459806
0.459806
0.46456
0.468565
0.463483
0.451114
0.451445
0.447734
0.443594
0.433169
0.423886
0.423385
0.423431
0.423429
0.423423
0.360586
0.328276
0.263781
</SampleWeights>
</PointSplatMark>
