<PointSplatMark HeadPosAtStart="(-1.26617, 1.25516, 2.04853)" BrushTip="0" BrushInterface="ForceTapeDraw" SuperSamplesPerWidth="20" Draw="0" Width="0.06" Pose="1" LayerIndex="0" Name="wing" RoomToVirtualScaleAtStart="1.45521" RoomToVirtualFrameAtStart="((0.811604, 0.004902, -0.584187, 0.591488), (0.203498, 0.934966, 0.290563, -0.080271), (0.547619, -0.354703, 0.757825, -0.071385), (0.000000, 0.000000, 0.000000, 1.000000))" ColorSwatch="0.302658"><SamplePoints Num="146">(0.818965, -0.0867677, 0.266743)
(0.818432, -0.0860817, 0.266026)
(0.8178, -0.0852693, 0.265178)
(0.817023, -0.0842753, 0.264128)
(0.816347, -0.0834101, 0.263213)
(0.816346, -0.0834092, 0.263212)
(0.814923, -0.0815925, 0.261284)
(0.811514, -0.0772227, 0.256651)
(0.809941, -0.0751827, 0.254497)
(0.808309, -0.0730642, 0.252259)
(0.804513, -0.0680512, 0.246982)
(0.802363, -0.0651364, 0.243917)
(0.80016, -0.0621498, 0.240777)
(0.798265, -0.0595058, 0.237991)
(0.794545, -0.0542268, 0.232393)
(0.792125, -0.0507477, 0.228684)
(0.789884, -0.0474408, 0.22512)
(0.789829, -0.0473572, 0.225029)
(0.784406, -0.0391791, 0.216132)
(0.782322, -0.0359789, 0.212637)
(0.780504, -0.0331871, 0.209588)
(0.778762, -0.0304664, 0.206612)
(0.777276, -0.0281471, 0.204075)
(0.775875, -0.0259327, 0.201657)
(0.774412, -0.0236196, 0.199131)
(0.772999, -0.0213482, 0.19666)
(0.771546, -0.0190114, 0.194117)
(0.770623, -0.0175012, 0.192481)
(0.769509, -0.0156796, 0.190509)
(0.768126, -0.0134163, 0.188059)
(0.766516, -0.0107396, 0.185166)
(0.76474, -0.00778644, 0.181975)
(0.762893, -0.00466231, 0.178604)
(0.762872, -0.00462601, 0.178565)
(0.758209, 0.00341095, 0.169933)
(0.756193, 0.00695279, 0.166172)
(0.754134, 0.010569, 0.162333)
(0.752058, 0.0142836, 0.158427)
(0.749744, 0.0184233, 0.154075)
(0.748264, 0.0211204, 0.151278)
(0.746942, 0.0235295, 0.148779)
(0.743803, 0.0292951, 0.142835)
(0.742935, 0.0309032, 0.141188)
(0.740118, 0.0362284, 0.135833)
(0.738063, 0.0401142, 0.131925)
(0.735955, 0.0442299, 0.127864)
(0.734077, 0.0478976, 0.124246)
(0.732448, 0.05121, 0.121069)
(0.730831, 0.0544988, 0.117915)
(0.72638, 0.0641699, 0.10913)
(0.725659, 0.0658126, 0.107684)
(0.723145, 0.071988, 0.10252)
(0.721452, 0.076148, 0.0990403)
(0.719846, 0.0804257, 0.0956473)
(0.71818, 0.084862, 0.0921286)
(0.716608, 0.089425, 0.0887097)
(0.714785, 0.0947168, 0.0847448)
(0.713341, 0.0992689, 0.0815145)
(0.712135, 0.103067, 0.0788192)
(0.711049, 0.106758, 0.0763418)
(0.709799, 0.111007, 0.0734899)
(0.707533, 0.119291, 0.0682063)
(0.706242, 0.124199, 0.0651429)
(0.704253, 0.132149, 0.0603254)
(0.70316, 0.136752, 0.0576338)
(0.70214, 0.141335, 0.0550805)
(0.701033, 0.146313, 0.0523075)
(0.699956, 0.151519, 0.0495452)
(0.698552, 0.158308, 0.0459426)
(0.69635, 0.169804, 0.0401636)
(0.694173, 0.182064, 0.0343214)
(0.692361, 0.192951, 0.0293578)
(0.691741, 0.196966, 0.0276239)
(0.690282, 0.207245, 0.0235687)
(0.690282, 0.207245, 0.0235687)
(0.688355, 0.221767, 0.0182825)
(0.687658, 0.227382, 0.0164057)
(0.687156, 0.231424, 0.0150544)
(0.686572, 0.236377, 0.0135449)
(0.685735, 0.243735, 0.0115199)
(0.685411, 0.246582, 0.0107363)
(0.685039, 0.249951, 0.00987853)
(0.684578, 0.254179, 0.00884137)
(0.683956, 0.260066, 0.00750434)
(0.683435, 0.26511, 0.00642986)
(0.683127, 0.2683, 0.00585752)
(0.682539, 0.274387, 0.00476545)
(0.682126, 0.278927, 0.00409837)
(0.681114, 0.290939, 0.00272307)
(0.680458, 0.299062, 0.00202943)
(0.679868, 0.306745, 0.00156416)
(0.679446, 0.312194, 0.00135477)
(0.679132, 0.316245, 0.00119911)
(0.678886, 0.319306, 0.0011499)
(0.678562, 0.323332, 0.0010852)
(0.677052, 0.340748, 0.00112516)
(0.675856, 0.352801, 0.0015737)
(0.674901, 0.361925, 0.00202781)
(0.674377, 0.36691, 0.00232332)
(0.673845, 0.371968, 0.00262317)
(0.672889, 0.381044, 0.00324815)
(0.672472, 0.384961, 0.00355213)
(0.671801, 0.391271, 0.00411232)
(0.671517, 0.393942, 0.00434951)
(0.671023, 0.398661, 0.00478897)
(0.670759, 0.40125, 0.00505369)
(0.670372, 0.405094, 0.00549145)
(0.670032, 0.4086, 0.00594249)
(0.669909, 0.409865, 0.00610522)
(0.66926, 0.416774, 0.00711578)
(0.668766, 0.422024, 0.00788948)
(0.665388, 0.456056, 0.0143507)
(0.664425, 0.463847, 0.016204)
(0.663949, 0.467324, 0.0170834)
(0.663501, 0.470598, 0.0179112)
(0.66028, 0.49093, 0.0236108)
(0.659176, 0.497119, 0.0255498)
(0.65881, 0.499118, 0.0261924)
(0.658266, 0.501922, 0.0271354)
(0.657678, 0.504782, 0.0281283)
(0.657045, 0.50786, 0.0291969)
(0.655273, 0.515756, 0.0321864)
(0.654235, 0.520026, 0.033892)
(0.653908, 0.521359, 0.0344269)
(0.653711, 0.522119, 0.0347409)
(0.653567, 0.522672, 0.0349695)
(0.653503, 0.522901, 0.0350662)
(0.653297, 0.523611, 0.035372)
(0.652864, 0.525082, 0.0360069)
(0.65213, 0.527429, 0.0370318)
(0.651869, 0.528226, 0.0373823)
(0.651683, 0.528794, 0.0376321)
(0.651381, 0.529665, 0.038016)
(0.650795, 0.53135, 0.0387582)
(0.648881, 0.536159, 0.04083)
(0.648525, 0.537053, 0.0412152)
(0.647958, 0.538375, 0.0417753)
(0.646902, 0.540661, 0.0427303)
(0.646419, 0.541708, 0.0431675)
(0.645799, 0.543032, 0.0437202)
(0.645036, 0.544572, 0.0443599)
(0.644086, 0.546455, 0.0451427)
(0.643127, 0.54827, 0.0458993)
(0.642499, 0.549455, 0.0463936)
(0.641401, 0.551407, 0.0472137)
(0.640024, 0.553855, 0.0482417)
</SamplePoints>
<SampleFrames Num="146">((0.124445, 0.968718, 0.214708, 0.818965), (-0.785606, 0.228374, -0.575038, -0.086768), (-0.606083, -0.097116, 0.789450, 0.266743), (0.000000, 0.000000, 0.000000, 1.000000))
((0.121931, 0.969124, 0.214317, 0.818432), (-0.786970, 0.225977, -0.574119, -0.086082), (-0.604823, -0.098658, 0.790225, 0.266026), (0.000000, 0.000000, 0.000000, 1.000000))
((0.119398, 0.969485, 0.214110, 0.817800), (-0.787532, 0.223801, -0.574201, -0.085269), (-0.604597, -0.100060, 0.790222, 0.265178), (0.000000, 0.000000, 0.000000, 1.000000))
((0.116739, 0.969850, 0.213923, 0.817023), (-0.787538, 0.221631, -0.575033, -0.084275), (-0.605108, -0.101344, 0.789667, 0.264128), (0.000000, 0.000000, 0.000000, 1.000000))
((0.117415, 0.969227, 0.216361, 0.816347), (-0.788435, 0.223446, -0.573099, -0.083410), (-0.603808, -0.103296, 0.790409, 0.263213), (0.000000, 0.000000, 0.000000, 1.000000))
((0.117415, 0.969227, 0.216361, 0.816346), (-0.788435, 0.223446, -0.573099, -0.083409), (-0.603808, -0.103296, 0.790409, 0.263212), (0.000000, 0.000000, 0.000000, 1.000000))
((0.115169, 0.969544, 0.216150, 0.814923), (-0.788177, 0.221628, -0.574158, -0.081593), (-0.604576, -0.104239, 0.789697, 0.261284), (0.000000, 0.000000, 0.000000, 1.000000))
((0.109136, 0.969829, 0.217995, 0.811514), (-0.790100, 0.217711, -0.573013, -0.077223), (-0.603184, -0.109701, 0.790022, 0.256651), (0.000000, 0.000000, 0.000000, 1.000000))
((0.107229, 0.970220, 0.217200, 0.809941), (-0.791416, 0.215524, -0.572022, -0.075183), (-0.601799, -0.110558, 0.790958, 0.254497), (0.000000, 0.000000, 0.000000, 1.000000))
((0.105123, 0.969813, 0.220026, 0.808309), (-0.790607, 0.215713, -0.573069, -0.073064), (-0.603232, -0.113711, 0.789418, 0.252259), (0.000000, 0.000000, 0.000000, 1.000000))
((0.104692, 0.969489, 0.221652, 0.804513), (-0.791106, 0.216245, -0.572180, -0.068051), (-0.602654, -0.115448, 0.789608, 0.246982), (0.000000, 0.000000, 0.000000, 1.000000))
((0.103131, 0.969817, 0.220951, 0.802363), (-0.791485, 0.214551, -0.572293, -0.065136), (-0.602424, -0.115859, 0.789723, 0.243917), (0.000000, 0.000000, 0.000000, 1.000000))
((0.098628, 0.969691, 0.223544, 0.800160), (-0.791769, 0.212545, -0.572649, -0.062150), (-0.602806, -0.120516, 0.788734, 0.240777), (0.000000, 0.000000, 0.000000, 1.000000))
((0.103283, 0.968689, 0.225775, 0.798265), (-0.792264, 0.217359, -0.570152, -0.059506), (-0.601374, -0.119986, 0.789907, 0.237991), (0.000000, 0.000000, 0.000000, 1.000000))
((0.102443, 0.968166, 0.228386, 0.794545), (-0.792101, 0.218280, -0.570026, -0.054227), (-0.601732, -0.122510, 0.789246, 0.232393), (0.000000, 0.000000, 0.000000, 1.000000))
((0.104099, 0.967489, 0.230494, 0.792125), (-0.792105, 0.220798, -0.569050, -0.050748), (-0.601442, -0.123338, 0.789338, 0.228684), (0.000000, 0.000000, 0.000000, 1.000000))
((0.100330, 0.966690, 0.235465, 0.789884), (-0.793434, 0.220530, -0.567299, -0.047441), (-0.600330, -0.129909, 0.789131, 0.225120), (0.000000, 0.000000, 0.000000, 1.000000))
((0.100330, 0.966690, 0.235465, 0.789829), (-0.793434, 0.220530, -0.567299, -0.047357), (-0.600330, -0.129909, 0.789131, 0.225029), (0.000000, 0.000000, 0.000000, 1.000000))
((0.096566, 0.966323, 0.238527, 0.784406), (-0.796602, 0.218712, -0.563552, -0.039179), (-0.596742, -0.135591, 0.790895, 0.216132), (0.000000, 0.000000, 0.000000, 1.000000))
((0.094638, 0.966604, 0.238159, 0.782322), (-0.795661, 0.217222, -0.565454, -0.035979), (-0.598303, -0.135980, 0.789647, 0.212637), (0.000000, 0.000000, 0.000000, 1.000000))
((0.095947, 0.965931, 0.240357, 0.780504), (-0.795833, 0.219478, -0.564339, -0.033187), (-0.597866, -0.137138, 0.789778, 0.209588), (0.000000, 0.000000, 0.000000, 1.000000))
((0.094519, 0.965568, 0.242374, 0.778762), (-0.797315, 0.219208, -0.562349, -0.030466), (-0.596116, -0.140096, 0.790581, 0.206612), (0.000000, 0.000000, 0.000000, 1.000000))
((0.092876, 0.965857, 0.241855, 0.777276), (-0.797605, 0.217569, -0.562575, -0.028147), (-0.595987, -0.140655, 0.790579, 0.204075), (0.000000, 0.000000, 0.000000, 1.000000))
((0.090946, 0.965331, 0.244673, 0.775875), (-0.797393, 0.217771, -0.562797, -0.025933), (-0.596568, -0.143916, 0.789554, 0.201657), (0.000000, 0.000000, 0.000000, 1.000000))
((0.094983, 0.965137, 0.243904, 0.774412), (-0.796784, 0.220583, -0.562564, -0.023620), (-0.596753, -0.140905, 0.789957, 0.199131), (0.000000, 0.000000, 0.000000, 1.000000))
((0.092935, 0.964665, 0.246547, 0.772999), (-0.796803, 0.220540, -0.562555, -0.021348), (-0.597050, -0.144168, 0.789143, 0.196660), (0.000000, 0.000000, 0.000000, 1.000000))
((0.094058, 0.964707, 0.245953, 0.771546), (-0.796647, 0.221097, -0.562557, -0.019011), (-0.597082, -0.143025, 0.789327, 0.194117), (0.000000, 0.000000, 0.000000, 1.000000))
((0.092295, 0.965051, 0.245272, 0.770623), (-0.797818, 0.219058, -0.561693, -0.017501), (-0.595791, -0.143841, 0.790153, 0.192481), (0.000000, 0.000000, 0.000000, 1.000000))
((0.087971, 0.964902, 0.247438, 0.769509), (-0.799788, 0.216493, -0.559884, -0.015680), (-0.593802, -0.148645, 0.790762, 0.190509), (0.000000, 0.000000, 0.000000, 1.000000))
((0.083062, 0.965397, 0.247205, 0.768126), (-0.799999, 0.212511, -0.561107, -0.013416), (-0.594225, -0.151157, 0.789967, 0.188059), (0.000000, 0.000000, 0.000000, 1.000000))
((0.083893, 0.965430, 0.246792, 0.766516), (-0.798568, 0.213275, -0.562853, -0.010740), (-0.596030, -0.149861, 0.788854, 0.185166), (0.000000, 0.000000, 0.000000, 1.000000))
((0.085487, 0.964871, 0.248426, 0.764740), (-0.799761, 0.215155, -0.560438, -0.007786), (-0.594200, -0.150771, 0.790060, 0.181975), (0.000000, 0.000000, 0.000000, 1.000000))
((0.081330, 0.964697, 0.250489, 0.762893), (-0.801081, 0.212801, -0.559451, -0.004662), (-0.593005, -0.155162, 0.790108, 0.178604), (0.000000, 0.000000, 0.000000, 1.000000))
((0.081330, 0.964697, 0.250489, 0.762872), (-0.801081, 0.212801, -0.559451, -0.004626), (-0.593005, -0.155162, 0.790108, 0.178565), (0.000000, 0.000000, 0.000000, 1.000000))
((0.075969, 0.964902, 0.251380, 0.758209), (-0.802347, 0.208837, -0.559130, 0.003411), (-0.592003, -0.159218, 0.790052, 0.169933), (0.000000, 0.000000, 0.000000, 1.000000))
((0.075032, 0.964535, 0.253065, 0.756193), (-0.803224, 0.208850, -0.557864, 0.006953), (-0.590932, -0.161410, 0.790409, 0.166172), (0.000000, 0.000000, 0.000000, 1.000000))
((0.074123, 0.964240, 0.254453, 0.754134), (-0.804997, 0.208459, -0.555450, 0.010569), (-0.588631, -0.163662, 0.791662, 0.162333), (0.000000, 0.000000, 0.000000, 1.000000))
((0.067109, 0.964233, 0.256420, 0.752058), (-0.806292, 0.203790, -0.555305, 0.014284), (-0.587699, -0.169483, 0.791129, 0.158427), (0.000000, 0.000000, 0.000000, 1.000000))
((0.069022, 0.963725, 0.257819, 0.749744), (-0.806877, 0.205908, -0.553671, 0.018423), (-0.586673, -0.169813, 0.791820, 0.154075), (0.000000, 0.000000, 0.000000, 1.000000))
((0.067051, 0.964043, 0.257149, 0.748264), (-0.806818, 0.204012, -0.554458, 0.021120), (-0.586983, -0.170296, 0.791486, 0.151278), (0.000000, 0.000000, 0.000000, 1.000000))
((0.065005, 0.963571, 0.259432, 0.746942), (-0.807167, 0.203636, -0.554088, 0.023530), (-0.586733, -0.173386, 0.791000, 0.148779), (0.000000, 0.000000, 0.000000, 1.000000))
((0.061680, 0.963517, 0.260442, 0.743803), (-0.808214, 0.201326, -0.553406, 0.029295), (-0.585650, -0.176359, 0.791146, 0.142835), (0.000000, 0.000000, 0.000000, 1.000000))
((0.062393, 0.963709, 0.259562, 0.742935), (-0.809211, 0.201075, -0.552039, 0.030903), (-0.584196, -0.175597, 0.792389, 0.141188), (0.000000, 0.000000, 0.000000, 1.000000))
((0.062008, 0.963410, 0.260759, 0.740118), (-0.809515, 0.201369, -0.551485, 0.036228), (-0.583816, -0.176892, 0.792381, 0.135833), (0.000000, 0.000000, 0.000000, 1.000000))
((0.060114, 0.962930, 0.262967, 0.738063), (-0.808451, 0.201489, -0.553000, 0.040114), (-0.585486, -0.179353, 0.790594, 0.131925), (0.000000, 0.000000, 0.000000, 1.000000))
((0.064261, 0.963079, 0.261438, 0.735955), (-0.807740, 0.204042, -0.553104, 0.044230), (-0.586027, -0.175631, 0.791029, 0.127864), (0.000000, 0.000000, 0.000000, 1.000000))
((0.065840, 0.962460, 0.263316, 0.734077), (-0.807394, 0.206448, -0.552715, 0.047898), (-0.586327, -0.176209, 0.790677, 0.124246), (0.000000, 0.000000, 0.000000, 1.000000))
((0.064007, 0.961962, 0.265580, 0.732448), (-0.807588, 0.206270, -0.552498, 0.051210), (-0.586263, -0.179116, 0.790072, 0.121069), (0.000000, 0.000000, 0.000000, 1.000000))
((0.062081, 0.962175, 0.265264, 0.730831), (-0.806451, 0.204945, -0.554648, 0.054499), (-0.588033, -0.179489, 0.788670, 0.117915), (0.000000, 0.000000, 0.000000, 1.000000))
((0.063226, 0.961865, 0.266116, 0.726380), (-0.804676, 0.206862, -0.556512, 0.064170), (-0.590339, -0.178951, 0.787068, 0.109130), (0.000000, 0.000000, 0.000000, 1.000000))
((0.060874, 0.962103, 0.265803, 0.725659), (-0.804470, 0.204929, -0.557523, 0.065813), (-0.590865, -0.179892, 0.786459, 0.107684), (0.000000, 0.000000, 0.000000, 1.000000))
((0.059406, 0.961623, 0.267866, 0.723145), (-0.802299, 0.205659, -0.560375, 0.071988), (-0.593959, -0.181619, 0.783727, 0.102520), (0.000000, 0.000000, 0.000000, 1.000000))
((0.057210, 0.961902, 0.267341, 0.721452), (-0.800589, 0.204187, -0.563351, 0.076148), (-0.596476, -0.181801, 0.781770, 0.099040), (0.000000, 0.000000, 0.000000, 1.000000))
((0.058821, 0.962139, 0.266135, 0.719846), (-0.799919, 0.204920, -0.564036, 0.080426), (-0.597218, -0.179709, 0.781687, 0.095647), (0.000000, 0.000000, 0.000000, 1.000000))
((0.057154, 0.961724, 0.267993, 0.718180), (-0.800245, 0.204632, -0.563679, 0.084862), (-0.596944, -0.182243, 0.781310, 0.092129), (0.000000, 0.000000, 0.000000, 1.000000))
((0.057988, 0.961139, 0.269906, 0.716608), (-0.798517, 0.206921, -0.565292, 0.089425), (-0.599173, -0.182744, 0.779485, 0.088710), (0.000000, 0.000000, 0.000000, 1.000000))
((0.058500, 0.961417, 0.268804, 0.714785), (-0.796652, 0.207228, -0.567804, 0.094717), (-0.601600, -0.180927, 0.778038, 0.084745), (0.000000, 0.000000, 0.000000, 1.000000))
((0.062191, 0.960615, 0.270835, 0.713341), (-0.794969, 0.211748, -0.568496, 0.099269), (-0.603454, -0.179950, 0.776828, 0.081514), (0.000000, 0.000000, 0.000000, 1.000000))
((0.059856, 0.960899, 0.270351, 0.712135), (-0.793953, 0.209987, -0.570565, 0.103067), (-0.605026, -0.180494, 0.775478, 0.078819), (0.000000, 0.000000, 0.000000, 1.000000))
((0.060737, 0.960247, 0.272466, 0.711049), (-0.793558, 0.212031, -0.570359, 0.106758), (-0.605456, -0.181575, 0.774889, 0.076342), (0.000000, 0.000000, 0.000000, 1.000000))
((0.064267, 0.960292, 0.271493, 0.709799), (-0.792533, 0.214440, -0.570883, 0.111007), (-0.606433, -0.178479, 0.774845, 0.073490), (0.000000, 0.000000, 0.000000, 1.000000))
((0.064849, 0.959153, 0.275353, 0.707533), (-0.788942, 0.218241, -0.574406, 0.119291), (-0.611037, -0.179988, 0.770869, 0.068206), (0.000000, 0.000000, 0.000000, 1.000000))
((0.068493, 0.958495, 0.276760, 0.706242), (-0.788452, 0.221979, -0.573645, 0.124199), (-0.611271, -0.178921, 0.770931, 0.065143), (0.000000, 0.000000, 0.000000, 1.000000))
((0.066009, 0.958262, 0.278167, 0.704253), (-0.786543, 0.221511, -0.576440, 0.132149), (-0.613997, -0.180740, 0.768336, 0.060325), (0.000000, 0.000000, 0.000000, 1.000000))
((0.071970, 0.958158, 0.277045, 0.703160), (-0.784165, 0.226006, -0.577933, 0.136752), (-0.616365, -0.175655, 0.767619, 0.057634), (0.000000, 0.000000, 0.000000, 1.000000))
((0.074526, 0.957428, 0.278885, 0.702140), (-0.782785, 0.229427, -0.578455, 0.141335), (-0.617813, -0.175197, 0.766559, 0.055081), (0.000000, 0.000000, 0.000000, 1.000000))
((0.074721, 0.957835, 0.277434, 0.701033), (-0.781905, 0.228944, -0.579836, 0.146313), (-0.618904, -0.173601, 0.766042, 0.052307), (0.000000, 0.000000, 0.000000, 1.000000))
((0.080942, 0.957023, 0.278488, 0.699956), (-0.781019, 0.234488, -0.578813, 0.151519), (-0.619239, -0.170654, 0.766433, 0.049545), (0.000000, 0.000000, 0.000000, 1.000000))
((0.083474, 0.956527, 0.279444, 0.698552), (-0.778190, 0.237733, -0.581295, 0.158308), (-0.622457, -0.168937, 0.764204, 0.045943), (0.000000, 0.000000, 0.000000, 1.000000))
((0.088610, 0.955292, 0.282072, 0.696350), (-0.774693, 0.244098, -0.583324, 0.169804), (-0.626098, -0.166831, 0.761688, 0.040164), (0.000000, 0.000000, 0.000000, 1.000000))
((0.097035, 0.953993, 0.283693, 0.694173), (-0.770800, 0.252355, -0.584965, 0.182064), (-0.629644, -0.161908, 0.759825, 0.034321), (0.000000, 0.000000, 0.000000, 1.000000))
((0.107252, 0.952206, 0.286009, 0.692361), (-0.766936, 0.262298, -0.585670, 0.192951), (-0.632698, -0.156536, 0.758413, 0.029358), (0.000000, 0.000000, 0.000000, 1.000000))
((0.109997, 0.952224, 0.284905, 0.691741), (-0.766053, 0.263859, -0.586124, 0.196966), (-0.633296, -0.153780, 0.758477, 0.027624), (0.000000, 0.000000, 0.000000, 1.000000))
((0.118123, 0.950549, 0.287234, 0.690282), (-0.762142, 0.272210, -0.587402, 0.207245), (-0.636542, -0.149528, 0.756608, 0.023569), (0.000000, 0.000000, 0.000000, 1.000000))
((0.118123, 0.950549, 0.287234, 0.690282), (-0.762142, 0.272210, -0.587402, 0.207245), (-0.636542, -0.149528, 0.756608, 0.023569), (0.000000, 0.000000, 0.000000, 1.000000))
((0.128128, 0.948172, 0.290779, 0.688355), (-0.757758, 0.282750, -0.588095, 0.221767), (-0.639833, -0.144989, 0.754713, 0.018283), (0.000000, 0.000000, 0.000000, 1.000000))
((0.130170, 0.947696, 0.291423, 0.687658), (-0.755451, 0.285161, -0.589895, 0.227382), (-0.642144, -0.143369, 0.753058, 0.016406), (0.000000, 0.000000, 0.000000, 1.000000))
((0.135145, 0.947471, 0.289888, 0.687156), (-0.753049, 0.288361, -0.591409, 0.231424), (-0.643935, -0.138374, 0.752463, 0.015054), (0.000000, 0.000000, 0.000000, 1.000000))
((0.142939, 0.946004, 0.290939, 0.686572), (-0.749787, 0.295384, -0.592088, 0.236377), (-0.646056, -0.133510, 0.751523, 0.013545), (0.000000, 0.000000, 0.000000, 1.000000))
((0.151111, 0.944653, 0.291198, 0.685735), (-0.746912, 0.302075, -0.592345, 0.243735), (-0.647524, -0.127990, 0.751220, 0.011520), (0.000000, 0.000000, 0.000000, 1.000000))
((0.156420, 0.943153, 0.293250, 0.685411), (-0.744485, 0.307697, -0.592508, 0.246582), (-0.649057, -0.125640, 0.750293, 0.010736), (0.000000, 0.000000, 0.000000, 1.000000))
((0.161524, 0.942736, 0.291819, 0.685039), (-0.741692, 0.311030, -0.594267, 0.249951), (-0.651002, -0.120451, 0.749459, 0.009879), (0.000000, 0.000000, 0.000000, 1.000000))
((0.166272, 0.941527, 0.293055, 0.684578), (-0.738883, 0.315766, -0.595268, 0.254179), (-0.652997, -0.117557, 0.748181, 0.008841), (0.000000, 0.000000, 0.000000, 1.000000))
((0.176789, 0.939418, 0.293667, 0.683956), (-0.734645, 0.324507, -0.595812, 0.260066), (-0.655013, -0.110408, 0.747508, 0.007504), (0.000000, 0.000000, 0.000000, 1.000000))
((0.181672, 0.938145, 0.294753, 0.683435), (-0.731691, 0.329219, -0.596861, 0.265110), (-0.656980, -0.107236, 0.746242, 0.006430), (0.000000, 0.000000, 0.000000, 1.000000))
((0.186684, 0.936664, 0.296326, 0.683127), (-0.729518, 0.334191, -0.596758, 0.268300), (-0.657991, -0.104770, 0.745702, 0.005858), (0.000000, 0.000000, 0.000000, 1.000000))
((0.188092, 0.936323, 0.296513, 0.682539), (-0.727234, 0.335686, -0.598703, 0.274387), (-0.660115, -0.103023, 0.744066, 0.004765), (0.000000, 0.000000, 0.000000, 1.000000))
((0.190003, 0.935734, 0.297153, 0.682126), (-0.724087, 0.337957, -0.601235, 0.278927), (-0.663021, -0.100928, 0.741766, 0.004098), (0.000000, 0.000000, 0.000000, 1.000000))
((0.208002, 0.932374, 0.295657, 0.681114), (-0.717425, 0.350886, -0.601814, 0.290939), (-0.664858, -0.086933, 0.741894, 0.002723), (0.000000, 0.000000, 0.000000, 1.000000))
((0.214461, 0.930167, 0.297987, 0.680458), (-0.713157, 0.357585, -0.602943, 0.299062), (-0.667394, -0.083204, 0.740043, 0.002029), (0.000000, 0.000000, 0.000000, 1.000000))
((0.218447, 0.929366, 0.297590, 0.679868), (-0.711658, 0.360377, -0.603052, 0.306745), (-0.667701, -0.080047, 0.740114, 0.001564), (0.000000, 0.000000, 0.000000, 1.000000))
((0.220106, 0.928880, 0.297885, 0.679446), (-0.710131, 0.361942, -0.603913, 0.312194), (-0.668780, -0.078613, 0.739292, 0.001355), (0.000000, 0.000000, 0.000000, 1.000000))
((0.219012, 0.928831, 0.298843, 0.679132), (-0.708890, 0.361927, -0.605379, 0.316245), (-0.670454, -0.079261, 0.737705, 0.001199), (0.000000, 0.000000, 0.000000, 1.000000))
((0.218061, 0.928636, 0.300139, 0.678886), (-0.708759, 0.362106, -0.605425, 0.319306), (-0.670902, -0.080707, 0.737141, 0.001150), (0.000000, 0.000000, 0.000000, 1.000000))
((0.219970, 0.927802, 0.301323, 0.678562), (-0.707616, 0.364382, -0.605397, 0.323332), (-0.671485, -0.080052, 0.736681, 0.001085), (0.000000, 0.000000, 0.000000, 1.000000))
((0.220697, 0.927151, 0.302794, 0.677052), (-0.708685, 0.365732, -0.603329, 0.340748), (-0.670118, -0.081433, 0.737774, 0.001125), (0.000000, 0.000000, 0.000000, 1.000000))
((0.222465, 0.925610, 0.306195, 0.675856), (-0.706821, 0.369440, -0.603257, 0.352801), (-0.671501, -0.082222, 0.736428, 0.001574), (0.000000, 0.000000, 0.000000, 1.000000))
((0.222220, 0.925218, 0.307554, 0.674901), (-0.705348, 0.370332, -0.604432, 0.361925), (-0.673129, -0.082616, 0.734896, 0.002028), (0.000000, 0.000000, 0.000000, 1.000000))
((0.226217, 0.923919, 0.308543, 0.674377), (-0.705244, 0.373843, -0.602389, 0.366910), (-0.671906, -0.081328, 0.736158, 0.002323), (0.000000, 0.000000, 0.000000, 1.000000))
((0.227062, 0.922513, 0.312109, 0.673845), (-0.704046, 0.376918, -0.601874, 0.371968), (-0.672876, -0.083077, 0.735076, 0.002623), (0.000000, 0.000000, 0.000000, 1.000000))
((0.224360, 0.923617, 0.310797, 0.672889), (-0.705737, 0.373926, -0.601760, 0.381044), (-0.672010, -0.084330, 0.735725, 0.003248), (0.000000, 0.000000, 0.000000, 1.000000))
((0.225640, 0.922836, 0.312186, 0.672472), (-0.706201, 0.375685, -0.600117, 0.384961), (-0.671093, -0.085056, 0.736478, 0.003552), (0.000000, 0.000000, 0.000000, 1.000000))
((0.228349, 0.921095, 0.315341, 0.671801), (-0.704789, 0.379848, -0.599156, 0.391271), (-0.671661, -0.085432, 0.735916, 0.004112), (0.000000, 0.000000, 0.000000, 1.000000))
((0.227136, 0.920776, 0.317145, 0.671517), (-0.705698, 0.380039, -0.597964, 0.393942), (-0.671118, -0.087989, 0.736110, 0.004350), (0.000000, 0.000000, 0.000000, 1.000000))
((0.231153, 0.919386, 0.318273, 0.671023), (-0.707109, 0.383450, -0.594107, 0.398661), (-0.668255, -0.087724, 0.738742, 0.004789), (0.000000, 0.000000, 0.000000, 1.000000))
((0.238139, 0.916734, 0.320764, 0.670759), (-0.705759, 0.390227, -0.591293, 0.401250), (-0.667228, -0.085572, 0.739922, 0.005054), (0.000000, 0.000000, 0.000000, 1.000000))
((0.239463, 0.917005, 0.318998, 0.670372), (-0.705669, 0.390047, -0.591519, 0.405094), (-0.666850, -0.083460, 0.740504, 0.005491), (0.000000, 0.000000, 0.000000, 1.000000))
((0.240451, 0.916280, 0.320335, 0.670032), (-0.704467, 0.391768, -0.591815, 0.408600), (-0.667765, -0.083363, 0.739690, 0.005942), (0.000000, 0.000000, 0.000000, 1.000000))
((0.239632, 0.915717, 0.322552, 0.669909), (-0.704632, 0.392592, -0.591071, 0.409865), (-0.667885, -0.085641, 0.739321, 0.006105), (0.000000, 0.000000, 0.000000, 1.000000))
((0.251720, 0.912236, 0.323207, 0.669260), (-0.703083, 0.401865, -0.586668, 0.416774), (-0.665065, -0.079565, 0.742535, 0.007116), (0.000000, 0.000000, 0.000000, 1.000000))
((0.251686, 0.910951, 0.326836, 0.668766), (-0.701997, 0.404307, -0.586290, 0.422024), (-0.666224, -0.081877, 0.741243, 0.007889), (0.000000, 0.000000, 0.000000, 1.000000))
((0.260829, 0.906178, 0.332882, 0.665388), (-0.694727, 0.415615, -0.587043, 0.456056), (-0.670316, -0.078144, 0.737950, 0.014351), (0.000000, 0.000000, 0.000000, 1.000000))
((0.268269, 0.903131, 0.335241, 0.664425), (-0.691398, 0.422830, -0.585819, 0.463847), (-0.670821, -0.074628, 0.737855, 0.016204), (0.000000, 0.000000, 0.000000, 1.000000))
((0.264030, 0.904257, 0.335570, 0.663949), (-0.691179, 0.420049, -0.588073, 0.467324), (-0.672725, -0.076670, 0.735909, 0.017083), (0.000000, 0.000000, 0.000000, 1.000000))
((0.268083, 0.902482, 0.337131, 0.663501), (-0.689788, 0.424105, -0.586795, 0.470598), (-0.672551, -0.075239, 0.736216, 0.017911), (0.000000, 0.000000, 0.000000, 1.000000))
((0.279003, 0.897200, 0.342330, 0.660280), (-0.681375, 0.436160, -0.587786, 0.490930), (-0.676672, -0.069261, 0.733020, 0.023611), (0.000000, 0.000000, 0.000000, 1.000000))
((0.281680, 0.895691, 0.344084, 0.659176), (-0.678054, 0.439544, -0.589104, 0.497119), (-0.678896, -0.067369, 0.731137, 0.025550), (0.000000, 0.000000, 0.000000, 1.000000))
((0.283806, 0.895396, 0.343103, 0.658810), (-0.678336, 0.440379, -0.588155, 0.499118), (-0.677727, -0.065817, 0.732362, 0.026192), (0.000000, 0.000000, 0.000000, 1.000000))
((0.290824, 0.892510, 0.344741, 0.658266), (-0.675058, 0.446749, -0.587122, 0.501922), (-0.678025, -0.061971, 0.732422, 0.027135), (0.000000, 0.000000, 0.000000, 1.000000))
((0.289341, 0.892592, 0.345777, 0.657678), (-0.674541, 0.446426, -0.587962, 0.504782), (-0.679174, -0.063119, 0.731259, 0.028128), (0.000000, 0.000000, 0.000000, 1.000000))
((0.290726, 0.891855, 0.346515, 0.657045), (-0.672892, 0.448046, -0.588618, 0.507860), (-0.680217, -0.062041, 0.730381, 0.029197), (0.000000, 0.000000, 0.000000, 1.000000))
((0.297733, 0.888124, 0.350129, 0.655273), (-0.666838, 0.455932, -0.589452, 0.515756), (-0.683141, -0.057980, 0.727981, 0.032186), (0.000000, 0.000000, 0.000000, 1.000000))
((0.296312, 0.888664, 0.349965, 0.654235), (-0.667593, 0.454753, -0.589508, 0.520026), (-0.683022, -0.058956, 0.728015, 0.033892), (0.000000, 0.000000, 0.000000, 1.000000))
((0.298619, 0.888124, 0.349374, 0.653908), (-0.667246, 0.456023, -0.588919, 0.521359), (-0.682356, -0.057256, 0.728774, 0.034427), (0.000000, 0.000000, 0.000000, 1.000000))
((0.301064, 0.887417, 0.349072, 0.653711), (-0.666439, 0.457623, -0.588592, 0.522119), (-0.682070, -0.055432, 0.729183, 0.034741), (0.000000, 0.000000, 0.000000, 1.000000))
((0.303034, 0.885761, 0.351564, 0.653567), (-0.664320, 0.460844, -0.588474, 0.522672), (-0.683264, -0.055223, 0.728080, 0.034969), (0.000000, 0.000000, 0.000000, 1.000000))
((0.302830, 0.885836, 0.351552, 0.653503), (-0.664491, 0.460678, -0.588411, 0.522901), (-0.683188, -0.055415, 0.728137, 0.035066), (0.000000, 0.000000, 0.000000, 1.000000))
((0.310816, 0.882961, 0.351814, 0.653297), (-0.662342, 0.466683, -0.586097, 0.523611), (-0.681687, -0.050853, 0.729875, 0.035372), (0.000000, 0.000000, 0.000000, 1.000000))
((0.313109, 0.882385, 0.351226, 0.652864), (-0.661969, 0.467952, -0.585507, 0.525082), (-0.680999, -0.049173, 0.730631, 0.036007), (0.000000, 0.000000, 0.000000, 1.000000))
((0.319651, 0.879321, 0.353013, 0.652130), (-0.658441, 0.474044, -0.584583, 0.527429), (-0.681380, -0.045576, 0.730510, 0.037032), (0.000000, 0.000000, 0.000000, 1.000000))
((0.324831, 0.877541, 0.352714, 0.651869), (-0.656091, 0.477692, -0.584256, 0.528226), (-0.681197, -0.041628, 0.730916, 0.037382), (0.000000, 0.000000, 0.000000, 1.000000))
((0.332510, 0.874406, 0.353343, 0.651683), (-0.653514, 0.483756, -0.582151, 0.528794), (-0.679968, -0.037343, 0.732290, 0.037632), (0.000000, 0.000000, 0.000000, 1.000000))
((0.337169, 0.871760, 0.355460, 0.651381), (-0.650200, 0.488684, -0.581746, 0.529665), (-0.680850, -0.034973, 0.731587, 0.038016), (0.000000, 0.000000, 0.000000, 1.000000))
((0.344243, 0.868206, 0.357373, 0.650795), (-0.645791, 0.495251, -0.581103, 0.531350), (-0.681506, -0.030748, 0.731166, 0.038758), (0.000000, 0.000000, 0.000000, 1.000000))
((0.361456, 0.861262, 0.357180, 0.648881), (-0.635927, 0.507873, -0.581087, 0.536159), (-0.681870, -0.017103, 0.731274, 0.040830), (0.000000, 0.000000, 0.000000, 1.000000))
((0.365689, 0.858523, 0.359459, 0.648525), (-0.632474, 0.512557, -0.580743, 0.537053), (-0.682824, -0.014977, 0.730429, 0.041215), (0.000000, 0.000000, 0.000000, 1.000000))
((0.368285, 0.857688, 0.358800, 0.647958), (-0.631799, 0.514006, -0.580197, 0.538375), (-0.682053, -0.013011, 0.731187, 0.041775), (0.000000, 0.000000, 0.000000, 1.000000))
((0.375302, 0.854114, 0.360053, 0.646902), (-0.627886, 0.520013, -0.579090, 0.540661), (-0.681841, -0.008739, 0.731448, 0.042730), (0.000000, 0.000000, 0.000000, 1.000000))
((0.379671, 0.851212, 0.362337, 0.646419), (-0.624161, 0.524783, -0.578814, 0.541708), (-0.682842, -0.006398, 0.730538, 0.043168), (0.000000, 0.000000, 0.000000, 1.000000))
((0.389741, 0.846860, 0.361843, 0.645799), (-0.618705, 0.531814, -0.578255, 0.543032), (-0.682134, 0.001496, 0.731226, 0.043720), (0.000000, 0.000000, 0.000000, 1.000000))
((0.398887, 0.841997, 0.363222, 0.645036), (-0.610789, 0.539401, -0.579641, 0.544572), (-0.683978, 0.009360, 0.729443, 0.044360), (0.000000, 0.000000, 0.000000, 1.000000))
((0.408694, 0.837660, 0.362346, 0.644086), (-0.605828, 0.545927, -0.578737, 0.546455), (-0.682599, 0.017007, 0.730595, 0.045143), (0.000000, 0.000000, 0.000000, 1.000000))
((0.418191, 0.832480, 0.363447, 0.643127), (-0.597653, 0.553475, -0.580066, 0.548270), (-0.684052, 0.025363, 0.728992, 0.045899), (0.000000, 0.000000, 0.000000, 1.000000))
((0.425136, 0.828352, 0.364818, 0.642499), (-0.590631, 0.559304, -0.581665, 0.549455), (-0.685868, 0.031814, 0.727030, 0.046394), (0.000000, 0.000000, 0.000000, 1.000000))
((0.454451, 0.811843, 0.366586, 0.641401), (-0.569839, 0.581272, -0.580867, 0.551407), (-0.684659, 0.055080, 0.726779, 0.047214), (0.000000, 0.000000, 0.000000, 1.000000))
((0.484850, 0.792443, 0.370074, 0.640024), (-0.543829, 0.604551, -0.582038, 0.553855), (-0.684960, 0.080944, 0.724070, 0.048242), (0.000000, 0.000000, 0.000000, 1.000000))
</SampleFrames>
<SampleWeights Num="146">0.0101607
0.0210178
0.0223562
0.0172619
0.0207189
0.0207192
0.0288451
0.0737159
0.0864894
0.084136
0.111673
0.130323
0.151325
0.186732
0.255353
0.276999
0.29019
0.290173
0.33286
0.336224
0.347052
0.36605
0.38871
0.397887
0.401704
0.407431
0.417411
0.433195
0.460718
0.46374
0.458096
0.46622
0.481473
0.481471
0.509369
0.519538
0.536273
0.545466
0.550142
0.544964
0.538551
0.547629
0.55621
0.561727
0.543702
0.527429
0.530867
0.539508
0.549218
0.591454
0.598473
0.593591
0.596203
0.614249
0.623109
0.614526
0.597344
0.600238
0.619854
0.636993
0.64195
0.604749
0.610383
0.615198
0.61008
0.598994
0.594279
0.582559
0.552099
0.526942
0.481089
0.447092
0.45495
0.435865
0.435865
0.395032
0.368421
0.348406
0.33145
0.339814
0.334179
0.320539
0.301439
0.289012
0.293668
0.283576
0.24915
0.230044
0.242206
0.226624
0.215658
0.206938
0.200247
0.195123
0.191244
0.191334
0.192653
0.176781
0.174681
0.173209
0.172136
0.167896
0.146017
0.139817
0.141961
0.128444
0.100157
0.0801709
0.0775966
0.100091
0.0917752
0.100568
0.0860362
0.0794512
0.083414
0.0996988
0.0955607
0.0990104
0.107101
0.101525
0.105582
0.109854
0.130934
0.130081
0.126226
0.127558
0.122358
0.132324
0.129154
0.121239
0.112667
0.113476
0.123829
0.129662
0.131437
0.135485
0.146099
0.153261
0.148594
0.147013
0.125024
0.104582
0.0964089
0.0866171
0.0710494
0.0500786
</SampleWeights>
</PointSplatMark>
