<PointSplatMark HeadPosAtStart="(0.858627, 2.28521, 2.02432)" BrushTip="0" BrushInterface="ForceTapeDraw" SuperSamplesPerWidth="20" Draw="0" Width="0.06" Pose="1" LayerIndex="0" Name="wing" RoomToVirtualScaleAtStart="1.45521" RoomToVirtualFrameAtStart="((0.651715, -0.652942, 0.385919, 0.079372), (0.274232, 0.677247, 0.682739, -0.170511), (-0.707152, -0.339120, 0.620430, -0.048363), (0.000000, 0.000000, 0.000000, 1.000000))" ColorSwatch="0.302658"><SamplePoints Num="135">(0.104443, 0.653135, -0.0449667)
(0.104443, 0.653133, -0.0449663)
(0.103956, 0.651887, -0.0446934)
(0.103545, 0.650841, -0.0444659)
(0.102963, 0.649371, -0.0441465)
(0.102499, 0.648198, -0.0438916)
(0.101828, 0.64651, -0.0435234)
(0.101506, 0.645701, -0.0433469)
(0.100913, 0.644209, -0.0430213)
(0.0994609, 0.640589, -0.0422245)
(0.09858, 0.638408, -0.0417388)
(0.0985781, 0.638404, -0.0417378)
(0.0960093, 0.63208, -0.0403045)
(0.0960068, 0.632074, -0.0403031)
(0.0945495, 0.628505, -0.0394836)
(0.0941097, 0.627431, -0.0392345)
(0.0938482, 0.626792, -0.0390865)
(0.0921576, 0.622658, -0.0381258)
(0.0901999, 0.61786, -0.0370027)
(0.0897598, 0.616781, -0.0367502)
(0.0855586, 0.606379, -0.0343197)
(0.0840389, 0.6026, -0.0334321)
(0.0812888, 0.59573, -0.0317958)
(0.080489, 0.593722, -0.0313115)
(0.0799376, 0.592337, -0.0309776)
(0.0792452, 0.590578, -0.030557)
(0.0784215, 0.588486, -0.0300566)
(0.0775526, 0.586282, -0.0295238)
(0.0766286, 0.583938, -0.0289573)
(0.075872, 0.582012, -0.0284958)
(0.0742853, 0.577964, -0.0275292)
(0.0725755, 0.573544, -0.0264845)
(0.0715892, 0.570995, -0.0258818)
(0.0706934, 0.568644, -0.0253232)
(0.0697721, 0.566226, -0.0247488)
(0.0690725, 0.56438, -0.0243015)
(0.0673081, 0.559722, -0.0231734)
(0.0661394, 0.556605, -0.0223999)
(0.063788, 0.550291, -0.0208004)
(0.0612989, 0.543489, -0.0190381)
(0.0598911, 0.539521, -0.0179898)
(0.0583934, 0.535148, -0.0168206)
(0.0564875, 0.529418, -0.0152799)
(0.0555575, 0.526456, -0.0144821)
(0.054686, 0.52368, -0.0137346)
(0.0540698, 0.521661, -0.0131883)
(0.0525553, 0.516537, -0.0117981)
(0.0518889, 0.514254, -0.0111785)
(0.0513109, 0.512198, -0.0106202)
(0.0507551, 0.510221, -0.0100831)
(0.0503477, 0.508705, -0.00967585)
(0.0500572, 0.507624, -0.00938539)
(0.049924, 0.507102, -0.00924585)
(0.049657, 0.506054, -0.00896598)
(0.0490649, 0.503573, -0.00831251)
(0.0482839, 0.500299, -0.00745041)
(0.0477899, 0.498075, -0.00687491)
(0.0474111, 0.496369, -0.00643359)
(0.0470384, 0.494576, -0.00597165)
(0.0464887, 0.491932, -0.00529035)
(0.0458328, 0.488542, -0.00442317)
(0.0453029, 0.485803, -0.00372252)
(0.0447248, 0.482675, -0.00292799)
(0.0440654, 0.47899, -0.00199626)
(0.0422938, 0.468606, 0.000656933)
(0.0415306, 0.463811, 0.00189857)
(0.040954, 0.460189, 0.00283657)
(0.0404013, 0.456596, 0.00378689)
(0.0384802, 0.443911, 0.00723132)
(0.0376861, 0.438476, 0.00874443)
(0.0369089, 0.433157, 0.0102251)
(0.0361141, 0.427378, 0.0118143)
(0.0353405, 0.421753, 0.0133612)
(0.0345949, 0.416108, 0.0149109)
(0.0338396, 0.410391, 0.0164807)
(0.0330219, 0.403933, 0.0182632)
(0.0322505, 0.397841, 0.0199449)
(0.0307822, 0.385515, 0.0233361)
(0.0303004, 0.381252, 0.0245007)
(0.0299134, 0.377828, 0.0254363)
(0.0296006, 0.374972, 0.0262198)
(0.0290806, 0.36955, 0.0276932)
(0.0285839, 0.364373, 0.0291003)
(0.0281178, 0.359018, 0.0305372)
(0.0276413, 0.353545, 0.0320061)
(0.0272334, 0.34848, 0.0333554)
(0.0268651, 0.343652, 0.0346354)
(0.0265785, 0.339498, 0.0357389)
(0.0262889, 0.334965, 0.0369447)
(0.0260958, 0.331502, 0.0378602)
(0.0258918, 0.327281, 0.0389701)
(0.025769, 0.324201, 0.0397799)
(0.0256614, 0.320854, 0.0406607)
(0.025584, 0.317753, 0.0414827)
(0.0255298, 0.314522, 0.0423469)
(0.0254921, 0.31109, 0.0432706)
(0.0254863, 0.309863, 0.0436033)
(0.0255033, 0.304998, 0.044942)
(0.025552, 0.302267, 0.0457235)
(0.0256025, 0.299442, 0.0465321)
(0.025672, 0.296563, 0.0473949)
(0.0258115, 0.290788, 0.0491252)
(0.0260107, 0.28518, 0.0508748)
(0.0261261, 0.282591, 0.0516901)
(0.0262833, 0.27962, 0.0526347)
(0.0265352, 0.275476, 0.0539791)
(0.0268571, 0.27071, 0.0555524)
(0.0272378, 0.265768, 0.0571788)
(0.027583, 0.261889, 0.0584512)
(0.0279365, 0.25824, 0.0596534)
(0.0283583, 0.254221, 0.0609837)
(0.0293931, 0.245243, 0.063965)
(0.0296936, 0.242731, 0.0648008)
(0.0299745, 0.240458, 0.0655583)
(0.0302235, 0.238503, 0.0662108)
(0.0306863, 0.234868, 0.0674241)
(0.0316201, 0.227567, 0.0698458)
(0.0320965, 0.223877, 0.0710528)
(0.0324332, 0.221366, 0.0718726)
(0.0327625, 0.218909, 0.0726744)
(0.0330706, 0.216529, 0.0734589)
(0.0334985, 0.213224, 0.0745485)
(0.0338496, 0.210395, 0.0754886)
(0.0341989, 0.20758, 0.0764237)
(0.0344418, 0.205549, 0.0771163)
(0.0347562, 0.202922, 0.0780124)
(0.0347587, 0.2029, 0.0780204)
(0.0350446, 0.200314, 0.0789372)
(0.0351417, 0.199367, 0.0792793)
(0.0352162, 0.198599, 0.07956)
(0.0353411, 0.197283, 0.0800428)
(0.0354994, 0.195146, 0.0808611)
(0.0356135, 0.193254, 0.081612)
(0.035668, 0.192147, 0.0820637)
(0.0356708, 0.192045, 0.0821075)
</SamplePoints>
<SampleFrames Num="135">((-0.150356, -0.062176, 0.986675, 0.104443), (-0.563225, 0.825612, -0.033801, 0.653135), (-0.812509, -0.560802, -0.159155, -0.044967), (0.000000, 0.000000, 0.000000, 1.000000))
((0.150356, -0.059375, 0.986847, 0.104443), (-0.563225, 0.815224, 0.134862, 0.653133), (-0.812509, -0.576094, 0.089132, -0.044966), (0.000000, 0.000000, 0.000000, 1.000000))
((0.153337, -0.059374, 0.986389, 0.103956), (-0.564722, 0.813868, 0.136777, 0.651887), (-0.810911, -0.578008, 0.091266, -0.044693), (0.000000, 0.000000, 0.000000, 1.000000))
((0.150545, -0.061182, 0.986708, 0.103545), (-0.565122, 0.813608, 0.136671, 0.650841), (-0.811156, -0.578185, 0.087909, -0.044466), (0.000000, 0.000000, 0.000000, 1.000000))
((0.151072, -0.060593, 0.986664, 0.102963), (-0.566302, 0.812795, 0.136624, 0.649371), (-0.810234, -0.579390, 0.088477, -0.044146), (0.000000, 0.000000, 0.000000, 1.000000))
((0.151682, -0.059782, 0.986620, 0.102499), (-0.565235, 0.813609, 0.136197, 0.648198), (-0.810865, -0.578331, 0.089619, -0.043892), (0.000000, 0.000000, 0.000000, 1.000000))
((0.151991, -0.061732, 0.986452, 0.101828), (-0.567427, 0.811739, 0.138227, 0.646510), (-0.809274, -0.580749, 0.088349, -0.043523), (0.000000, 0.000000, 0.000000, 1.000000))
((0.152226, -0.061259, 0.986445, 0.101506), (-0.566743, 0.812272, 0.137901, 0.645701), (-0.809709, -0.580054, 0.088931, -0.043347), (0.000000, 0.000000, 0.000000, 1.000000))
((0.152212, -0.063071, 0.986333, 0.100913), (-0.566645, 0.812089, 0.139374, 0.644209), (-0.809781, -0.580115, 0.087871, -0.043021), (0.000000, 0.000000, 0.000000, 1.000000))
((0.152822, -0.064069, 0.986175, 0.099461), (-0.567380, 0.811358, 0.140635, 0.640589), (-0.809151, -0.581028, 0.087642, -0.042225), (0.000000, 0.000000, 0.000000, 1.000000))
((0.150897, -0.062718, 0.986558, 0.098580), (-0.568015, 0.811289, 0.138455, 0.638408), (-0.809067, -0.581272, 0.086796, -0.041739), (0.000000, 0.000000, 0.000000, 1.000000))
((0.150897, -0.062718, 0.986558, 0.098578), (-0.568015, 0.811289, 0.138455, 0.638404), (-0.809067, -0.581272, 0.086796, -0.041738), (0.000000, 0.000000, 0.000000, 1.000000))
((0.152148, -0.067151, 0.986074, 0.096009), (-0.568620, 0.810092, 0.142903, 0.632080), (-0.808407, -0.582444, 0.085070, -0.040304), (0.000000, 0.000000, 0.000000, 1.000000))
((0.152148, -0.067151, 0.986074, 0.096007), (-0.568620, 0.810092, 0.142903, 0.632074), (-0.808407, -0.582444, 0.085070, -0.040303), (0.000000, 0.000000, 0.000000, 1.000000))
((0.153006, -0.067204, 0.985937, 0.094549), (-0.564083, 0.813246, 0.142972, 0.628505), (-0.811418, -0.578026, 0.086523, -0.039484), (0.000000, 0.000000, 0.000000, 1.000000))
((0.152790, -0.067547, 0.985948, 0.094110), (-0.568358, 0.810156, 0.143581, 0.627431), (-0.808470, -0.582309, 0.085393, -0.039235), (0.000000, 0.000000, 0.000000, 1.000000))
((0.153288, -0.066979, 0.985909, 0.093848), (-0.567631, 0.810710, 0.143332, 0.626792), (-0.808887, -0.581603, 0.086253, -0.039086), (0.000000, 0.000000, 0.000000, 1.000000))
((0.151430, -0.067637, 0.986151, 0.092158), (-0.570552, 0.808702, 0.143079, 0.622658), (-0.807180, -0.584317, 0.083871, -0.038126), (0.000000, 0.000000, 0.000000, 1.000000))
((0.152436, -0.069887, 0.985839, 0.090200), (-0.568616, 0.809665, 0.145320, 0.617860), (-0.808356, -0.582716, 0.083683, -0.037003), (0.000000, 0.000000, 0.000000, 1.000000))
((0.152565, -0.069654, 0.985836, 0.089760), (-0.570169, 0.808564, 0.145367, 0.616781), (-0.807237, -0.584271, 0.083644, -0.036750), (0.000000, 0.000000, 0.000000, 1.000000))
((0.148239, -0.074402, 0.986149, 0.085559), (-0.573728, 0.805740, 0.147034, 0.606379), (-0.805520, -0.587577, 0.076755, -0.034320), (0.000000, 0.000000, 0.000000, 1.000000))
((0.148673, -0.075752, 0.985981, 0.084039), (-0.576951, 0.803129, 0.148700, 0.602600), (-0.803134, -0.590970, 0.075698, -0.033432), (0.000000, 0.000000, 0.000000, 1.000000))
((0.145207, -0.081913, 0.986005, 0.081289), (-0.575757, 0.803455, 0.151538, 0.595730), (-0.804623, -0.589704, 0.069505, -0.031796), (0.000000, 0.000000, 0.000000, 1.000000))
((0.145689, -0.080866, 0.986020, 0.080489), (-0.574180, 0.804715, 0.150834, 0.593722), (-0.805662, -0.588128, 0.070807, -0.031312), (0.000000, 0.000000, 0.000000, 1.000000))
((0.145784, -0.080503, 0.986036, 0.079938), (-0.575514, 0.803784, 0.150712, 0.592337), (-0.804693, -0.589449, 0.070849, -0.030978), (0.000000, 0.000000, 0.000000, 1.000000))
((0.145642, -0.082530, 0.985889, 0.079245), (-0.577776, 0.801827, 0.152475, 0.590578), (-0.803096, -0.591830, 0.069096, -0.030557), (0.000000, 0.000000, 0.000000, 1.000000))
((0.146383, -0.081747, 0.985845, 0.078422), (-0.578682, 0.801195, 0.152362, 0.588486), (-0.802309, -0.592793, 0.069976, -0.030057), (0.000000, 0.000000, 0.000000, 1.000000))
((0.143440, -0.082830, 0.986187, 0.077553), (-0.580298, 0.800168, 0.151610, 0.586282), (-0.801673, -0.594029, 0.066710, -0.029524), (0.000000, 0.000000, 0.000000, 1.000000))
((0.143510, -0.084508, 0.986034, 0.076629), (-0.582078, 0.798578, 0.153159, 0.583938), (-0.800368, -0.595929, 0.065414, -0.028957), (0.000000, 0.000000, 0.000000, 1.000000))
((0.143994, -0.085400, 0.985887, 0.075872), (-0.578869, 0.800763, 0.153911, 0.582012), (-0.802606, -0.592861, 0.065870, -0.028496), (0.000000, 0.000000, 0.000000, 1.000000))
((0.144093, -0.086951, 0.985737, 0.074285), (-0.584273, 0.796488, 0.155665, 0.577964), (-0.798663, -0.598369, 0.063965, -0.027529), (0.000000, 0.000000, 0.000000, 1.000000))
((0.143904, -0.089820, 0.985507, 0.072576), (-0.583050, 0.796969, 0.157774, 0.573544), (-0.799590, -0.597304, 0.062317, -0.026484), (0.000000, 0.000000, 0.000000, 1.000000))
((0.143884, -0.091380, 0.985366, 0.071589), (-0.584608, 0.795555, 0.159142, 0.570995), (-0.798456, -0.598951, 0.061046, -0.025882), (0.000000, 0.000000, 0.000000, 1.000000))
((0.144176, -0.090928, 0.985366, 0.070693), (-0.587752, 0.793224, 0.159196, 0.568644), (-0.796091, -0.602103, 0.060921, -0.025323), (0.000000, 0.000000, 0.000000, 1.000000))
((0.144000, -0.092600, 0.985236, 0.069772), (-0.589427, 0.791704, 0.160560, 0.566226), (-0.794883, -0.603845, 0.059425, -0.024749), (0.000000, 0.000000, 0.000000, 1.000000))
((0.143984, -0.094047, 0.985101, 0.069073), (-0.588900, 0.791870, 0.161674, 0.564380), (-0.795277, -0.603404, 0.058632, -0.024301), (0.000000, 0.000000, 0.000000, 1.000000))
((0.140755, -0.096530, 0.985327, 0.067308), (-0.590048, 0.790993, 0.161781, 0.559722), (-0.795004, -0.604162, 0.054379, -0.023173), (0.000000, 0.000000, 0.000000, 1.000000))
((0.141416, -0.095636, 0.985320, 0.066139), (-0.592590, 0.789119, 0.161643, 0.556605), (-0.792994, -0.606749, 0.054921, -0.022400), (0.000000, 0.000000, 0.000000, 1.000000))
((0.141555, -0.098067, 0.985061, 0.063788), (-0.594642, 0.787125, 0.163812, 0.550291), (-0.791431, -0.608947, 0.053107, -0.020800), (0.000000, 0.000000, 0.000000, 1.000000))
((0.141226, -0.100578, 0.984855, 0.061299), (-0.596640, 0.785206, 0.165746, 0.543489), (-0.789985, -0.611011, 0.050883, -0.019038), (0.000000, 0.000000, 0.000000, 1.000000))
((0.141032, -0.101658, 0.984772, 0.059891), (-0.597319, 0.784524, 0.166530, 0.539521), (-0.789506, -0.611709, 0.049921, -0.017990), (0.000000, 0.000000, 0.000000, 1.000000))
((0.141013, -0.102649, 0.984672, 0.058393), (-0.599799, 0.782431, 0.167462, 0.535148), (-0.787627, -0.614220, 0.048764, -0.016821), (0.000000, 0.000000, 0.000000, 1.000000))
((0.138149, -0.104549, 0.984878, 0.056488), (-0.602309, 0.780526, 0.167342, 0.529418), (-0.786218, -0.616319, 0.044858, -0.015280), (0.000000, 0.000000, 0.000000, 1.000000))
((0.137971, -0.105620, 0.984789, 0.055558), (-0.601134, 0.781287, 0.168014, 0.526456), (-0.787148, -0.615171, 0.044303, -0.014482), (0.000000, 0.000000, 0.000000, 1.000000))
((0.137302, -0.107349, 0.984695, 0.054686), (-0.602802, 0.779774, 0.169062, 0.523680), (-0.785988, -0.616789, 0.042354, -0.013735), (0.000000, 0.000000, 0.000000, 1.000000))
((0.136613, -0.109195, 0.984588, 0.054070), (-0.604675, 0.778077, 0.170191, 0.521661), (-0.784669, -0.618606, 0.040268, -0.013188), (0.000000, 0.000000, 0.000000, 1.000000))
((0.136786, -0.110327, 0.984438, 0.052555), (-0.609411, 0.774099, 0.171431, 0.516537), (-0.780966, -0.623376, 0.038651, -0.011798), (0.000000, 0.000000, 0.000000, 1.000000))
((0.136815, -0.111544, 0.984297, 0.051889), (-0.608614, 0.774518, 0.172367, 0.514254), (-0.781582, -0.622639, 0.038078, -0.011179), (0.000000, 0.000000, 0.000000, 1.000000))
((0.133851, -0.112325, 0.984615, 0.051311), (-0.610444, 0.773335, 0.171208, 0.512198), (-0.780668, -0.623969, 0.034943, -0.010620), (0.000000, 0.000000, 0.000000, 1.000000))
((0.133992, -0.113664, 0.984442, 0.050755), (-0.609934, 0.773489, 0.172325, 0.510221), (-0.781042, -0.623535, 0.034314, -0.010083), (0.000000, 0.000000, 0.000000, 1.000000))
((0.133590, -0.115407, 0.984294, 0.050348), (-0.609918, 0.773252, 0.173441, 0.508705), (-0.781124, -0.623508, 0.032910, -0.009676), (0.000000, 0.000000, 0.000000, 1.000000))
((0.133485, -0.115281, 0.984323, 0.050057), (-0.611534, 0.771996, 0.173344, 0.507624), (-0.779877, -0.625086, 0.032552, -0.009385), (0.000000, 0.000000, 0.000000, 1.000000))
((0.133246, -0.115373, 0.984345, 0.049924), (-0.613478, 0.770452, 0.173347, 0.507102), (-0.778390, -0.626971, 0.031881, -0.009246), (0.000000, 0.000000, 0.000000, 1.000000))
((0.133010, -0.115348, 0.984380, 0.049657), (-0.615211, 0.769091, 0.173249, 0.506054), (-0.777061, -0.628645, 0.031333, -0.008966), (0.000000, 0.000000, 0.000000, 1.000000))
((0.132475, -0.116962, 0.984261, 0.049065), (-0.616800, 0.767594, 0.174232, 0.503573), (-0.775891, -0.630174, 0.029545, -0.008313), (0.000000, 0.000000, 0.000000, 1.000000))
((0.131715, -0.120217, 0.983971, 0.048284), (-0.616431, 0.767424, 0.176276, 0.500299), (-0.776314, -0.629769, 0.026976, -0.007450), (0.000000, 0.000000, 0.000000, 1.000000))
((0.128423, -0.120960, 0.984315, 0.047790), (-0.618249, 0.766291, 0.174830, 0.498075), (-0.775419, -0.631004, 0.023626, -0.006875), (0.000000, 0.000000, 0.000000, 1.000000))
((0.128713, -0.120524, 0.984331, 0.047411), (-0.619484, 0.765320, 0.174713, 0.496369), (-0.774385, -0.632265, 0.023844, -0.006434), (0.000000, 0.000000, 0.000000, 1.000000))
((0.129277, -0.119893, 0.984334, 0.047038), (-0.620472, 0.764543, 0.174611, 0.494576), (-0.773500, -0.633325, 0.024448, -0.005972), (0.000000, 0.000000, 0.000000, 1.000000))
((0.128678, -0.121481, 0.984218, 0.046489), (-0.622042, 0.763059, 0.175510, 0.491932), (-0.772337, -0.634809, 0.022623, -0.005290), (0.000000, 0.000000, 0.000000, 1.000000))
((0.127543, -0.124782, 0.983952, 0.045833), (-0.621692, 0.762923, 0.177337, 0.488542), (-0.772808, -0.634333, 0.019730, -0.004423), (0.000000, 0.000000, 0.000000, 1.000000))
((0.127833, -0.124353, 0.983969, 0.045303), (-0.624804, 0.760392, 0.177269, 0.485803), (-0.770246, -0.637449, 0.019507, -0.003723), (0.000000, 0.000000, 0.000000, 1.000000))
((0.124788, -0.124550, 0.984335, 0.044725), (-0.625933, 0.759873, 0.175500, 0.482675), (-0.769828, -0.638028, 0.016863, -0.002928), (0.000000, 0.000000, 0.000000, 1.000000))
((0.124811, -0.125503, 0.984211, 0.044065), (-0.626672, 0.759087, 0.176266, 0.478990), (-0.769224, -0.638777, 0.016093, -0.001996), (0.000000, 0.000000, 0.000000, 1.000000))
((0.120048, -0.130196, 0.984194, 0.042294), (-0.630569, 0.755708, 0.176885, 0.468606), (-0.766793, -0.641837, 0.008623, 0.000657), (0.000000, 0.000000, 0.000000, 1.000000))
((0.119137, -0.132773, 0.983960, 0.041531), (-0.629201, 0.756523, 0.178266, 0.463811), (-0.768058, -0.640347, 0.006589, 0.001899), (0.000000, 0.000000, 0.000000, 1.000000))
((0.118386, -0.133947, 0.983892, 0.040954), (-0.630117, 0.755659, 0.178694, 0.460189), (-0.767423, -0.641122, 0.005057, 0.002837), (0.000000, 0.000000, 0.000000, 1.000000))
((0.117889, -0.135040, 0.983802, 0.040401), (-0.630992, 0.754804, 0.179219, 0.456596), (-0.766779, -0.641899, 0.003774, 0.003787), (0.000000, 0.000000, 0.000000, 1.000000))
((0.116829, -0.139661, 0.983283, 0.038480), (-0.633470, 0.752039, 0.182082, 0.443911), (-0.764897, -0.644153, -0.000611, 0.007231), (0.000000, 0.000000, 0.000000, 1.000000))
((0.114486, -0.138980, 0.983655, 0.037686), (-0.635653, 0.750685, 0.180046, 0.438476), (-0.763438, -0.645876, -0.002400, 0.008744), (0.000000, 0.000000, 0.000000, 1.000000))
((0.113590, -0.141496, 0.983400, 0.036909), (-0.636276, 0.749835, 0.181384, 0.433157), (-0.763053, -0.646317, -0.004857, 0.010225), (0.000000, 0.000000, 0.000000, 1.000000))
((0.113367, -0.142015, 0.983351, 0.036114), (-0.638217, 0.748126, 0.181622, 0.427378), (-0.761464, -0.648181, -0.005823, 0.011814), (0.000000, 0.000000, 0.000000, 1.000000))
((0.111849, -0.144542, 0.983157, 0.035340), (-0.638696, 0.747489, 0.182556, 0.421753), (-0.761286, -0.648357, -0.008713, 0.013361), (0.000000, 0.000000, 0.000000, 1.000000))
((0.111493, -0.144940, 0.983139, 0.034595), (-0.638488, 0.747649, 0.182631, 0.416108), (-0.761513, -0.648084, -0.009185, 0.014911), (0.000000, 0.000000, 0.000000, 1.000000))
((0.112645, -0.148889, 0.982417, 0.033840), (-0.639160, 0.746151, 0.186368, 0.410391), (-0.760779, -0.648915, -0.011113, 0.016481), (0.000000, 0.000000, 0.000000, 1.000000))
((0.112456, -0.149095, 0.982407, 0.033022), (-0.640555, 0.744950, 0.186381, 0.403933), (-0.759633, -0.650246, -0.011729, 0.018263), (0.000000, 0.000000, 0.000000, 1.000000))
((0.110960, -0.151618, 0.982191, 0.032251), (-0.643022, 0.742597, 0.187276, 0.397841), (-0.757767, -0.652351, -0.015095, 0.019945), (0.000000, 0.000000, 0.000000, 1.000000))
((0.106369, -0.154345, 0.982275, 0.030782), (-0.643065, 0.742792, 0.186351, 0.385515), (-0.758388, -0.651489, -0.020244, 0.023336), (0.000000, 0.000000, 0.000000, 1.000000))
((0.108519, -0.156614, 0.981680, 0.030300), (-0.643660, 0.741493, 0.189448, 0.381252), (-0.757579, -0.652427, -0.020340, 0.024501), (0.000000, 0.000000, 0.000000, 1.000000))
((0.108330, -0.157272, 0.981596, 0.029913), (-0.642155, 0.742690, 0.189863, 0.377828), (-0.758881, -0.650905, -0.020537, 0.025436), (0.000000, 0.000000, 0.000000, 1.000000))
((0.107331, -0.158697, 0.981476, 0.029601), (-0.643691, 0.741261, 0.190248, 0.374972), (-0.757722, -0.652187, -0.022592, 0.026220), (0.000000, 0.000000, 0.000000, 1.000000))
((0.106817, -0.159289, 0.981436, 0.029081), (-0.645776, 0.739433, 0.190296, 0.369550), (-0.756019, -0.654114, -0.023881, 0.027693), (0.000000, 0.000000, 0.000000, 1.000000))
((0.106146, -0.159968, 0.981399, 0.028584), (-0.647971, 0.737510, 0.190297, 0.364373), (-0.754233, -0.656117, -0.025371, 0.029100), (0.000000, 0.000000, 0.000000, 1.000000))
((0.105203, -0.162068, 0.981156, 0.028118), (-0.646317, 0.738696, 0.191319, 0.359018), (-0.755782, -0.654265, -0.027034, 0.030537), (0.000000, 0.000000, 0.000000, 1.000000))
((0.104765, -0.162550, 0.981123, 0.027641), (-0.648266, 0.736984, 0.191324, 0.353545), (-0.754172, -0.656073, -0.028166, 0.032006), (0.000000, 0.000000, 0.000000, 1.000000))
((0.102807, -0.165241, 0.980880, 0.027233), (-0.649340, 0.735857, 0.192022, 0.348480), (-0.753517, -0.656666, -0.031646, 0.033355), (0.000000, 0.000000, 0.000000, 1.000000))
((0.102562, -0.165639, 0.980839, 0.026865), (-0.649333, 0.735827, 0.192161, 0.343652), (-0.753557, -0.656599, -0.032087, 0.034635), (0.000000, 0.000000, 0.000000, 1.000000))
((0.101603, -0.166474, 0.980797, 0.026578), (-0.649914, 0.735321, 0.192134, 0.339498), (-0.753186, -0.656955, -0.033483, 0.035739), (0.000000, 0.000000, 0.000000, 1.000000))
((0.099542, -0.168898, 0.980594, 0.026289), (-0.648657, 0.736291, 0.192666, 0.334965), (-0.754543, -0.655248, -0.036265, 0.036945), (0.000000, 0.000000, 0.000000, 1.000000))
((0.097390, -0.166384, 0.981240, 0.026096), (-0.650988, 0.735115, 0.189262, 0.331502), (-0.752814, -0.657208, -0.036721, 0.037860), (0.000000, 0.000000, 0.000000, 1.000000))
((0.096676, -0.167116, 0.981186, 0.025892), (-0.651524, 0.734626, 0.189316, 0.327281), (-0.752443, -0.657569, -0.037859, 0.038970), (0.000000, 0.000000, 0.000000, 1.000000))
((0.095376, -0.168294, 0.981112, 0.025769), (-0.652725, 0.733567, 0.189284, 0.324201), (-0.751567, -0.658450, -0.039885, 0.039780), (0.000000, 0.000000, 0.000000, 1.000000))
((0.097370, -0.170785, 0.980485, 0.025661), (-0.651567, 0.733756, 0.192514, 0.320854), (-0.752316, -0.657597, -0.039832, 0.040661), (0.000000, 0.000000, 0.000000, 1.000000))
((0.096305, -0.171901, 0.980396, 0.025584), (-0.652731, 0.732702, 0.192589, 0.317753), (-0.751444, -0.658482, -0.041642, 0.041483), (0.000000, 0.000000, 0.000000, 1.000000))
((0.096663, -0.171170, 0.980488, 0.025530), (-0.655292, 0.730531, 0.192136, 0.314522), (-0.749165, -0.661079, -0.041551, 0.042347), (0.000000, 0.000000, 0.000000, 1.000000))
((0.094274, -0.174020, 0.980219, 0.025492), (-0.654929, 0.730705, 0.192712, 0.311090), (-0.749787, -0.660142, -0.045084, 0.043271), (0.000000, 0.000000, 0.000000, 1.000000))
((0.094857, -0.173462, 0.980262, 0.025486), (-0.654062, 0.731477, 0.192730, 0.309863), (-0.750470, -0.659434, -0.044069, 0.043603), (0.000000, 0.000000, 0.000000, 1.000000))
((0.092529, -0.170781, 0.980955, 0.025503), (-0.658095, 0.728838, 0.188963, 0.304998), (-0.747228, -0.663046, -0.044951, 0.044942), (0.000000, 0.000000, 0.000000, 1.000000))
((0.091554, -0.171784, 0.980871, 0.025552), (-0.657235, 0.729572, 0.189119, 0.302267), (-0.748104, -0.661978, -0.046107, 0.045724), (0.000000, 0.000000, 0.000000, 1.000000))
((0.090571, -0.172783, 0.980787, 0.025602), (-0.656371, 0.730311, 0.189270, 0.299442), (-0.748982, -0.660902, -0.047265, 0.046532), (0.000000, 0.000000, 0.000000, 1.000000))
((0.090640, -0.172313, 0.980863, 0.025672), (-0.659355, 0.727746, 0.188776, 0.296563), (-0.746348, -0.663848, -0.047652, 0.047395), (0.000000, 0.000000, 0.000000, 1.000000))
((0.088496, -0.174450, 0.980681, 0.025812), (-0.659826, 0.727283, 0.188916, 0.290788), (-0.746189, -0.663797, -0.050745, 0.049125), (0.000000, 0.000000, 0.000000, 1.000000))
((0.087264, -0.175006, 0.980693, 0.026011), (-0.661965, 0.725480, 0.188366, 0.285180), (-0.744438, -0.665622, -0.052540, 0.050875), (0.000000, 0.000000, 0.000000, 1.000000))
((0.087327, -0.174450, 0.980786, 0.026126), (-0.662855, 0.724779, 0.187934, 0.282591), (-0.743638, -0.666531, -0.052342, 0.051690), (0.000000, 0.000000, 0.000000, 1.000000))
((0.086293, -0.175412, 0.980706, 0.026283), (-0.661987, 0.725549, 0.188023, 0.279620), (-0.744532, -0.665439, -0.053511, 0.052635), (0.000000, 0.000000, 0.000000, 1.000000))
((0.084849, -0.176451, 0.980646, 0.026535), (-0.665018, 0.722878, 0.187610, 0.275476), (-0.741991, -0.668066, -0.056008, 0.053979), (0.000000, 0.000000, 0.000000, 1.000000))
((0.084105, -0.176995, 0.980612, 0.026857), (-0.665396, 0.722562, 0.187488, 0.270710), (-0.741737, -0.668264, -0.057001, 0.055552), (0.000000, 0.000000, 0.000000, 1.000000))
((0.083218, -0.177505, 0.980595, 0.027238), (-0.665689, 0.722353, 0.187252, 0.265768), (-0.741574, -0.668354, -0.058050, 0.057179), (0.000000, 0.000000, 0.000000, 1.000000))
((0.082448, -0.178063, 0.980559, 0.027583), (-0.664189, 0.723728, 0.187271, 0.261889), (-0.743004, -0.666717, -0.058597, 0.058451), (0.000000, 0.000000, 0.000000, 1.000000))
((0.080946, -0.179086, 0.980498, 0.027936), (-0.665331, 0.722764, 0.186939, 0.258240), (-0.742147, -0.667488, -0.060647, 0.059653), (0.000000, 0.000000, 0.000000, 1.000000))
((0.080736, -0.178514, 0.980619, 0.028358), (-0.669981, 0.718701, 0.185995, 0.254221), (-0.737975, -0.672013, -0.061576, 0.060984), (0.000000, 0.000000, 0.000000, 1.000000))
((0.076967, -0.181410, 0.980391, 0.029393), (-0.669547, 0.719196, 0.185643, 0.245243), (-0.738771, -0.670706, -0.066108, 0.063965), (0.000000, 0.000000, 0.000000, 1.000000))
((0.077585, -0.180681, 0.980477, 0.029694), (-0.668306, 0.720354, 0.185629, 0.242731), (-0.739830, -0.669660, -0.064861, 0.064801), (0.000000, 0.000000, 0.000000, 1.000000))
((0.077200, -0.180419, 0.980556, 0.029975), (-0.671586, 0.717487, 0.184890, 0.240458), (-0.736894, -0.672801, -0.065777, 0.065558), (0.000000, 0.000000, 0.000000, 1.000000))
((0.077654, -0.179943, 0.980607, 0.030223), (-0.672711, 0.716470, 0.184745, 0.238503), (-0.735819, -0.674011, -0.065413, 0.066211), (0.000000, 0.000000, 0.000000, 1.000000))
((0.076227, -0.180898, 0.980543, 0.030686), (-0.675762, 0.713732, 0.184208, 0.234868), (-0.733168, -0.676655, -0.067839, 0.067424), (0.000000, 0.000000, 0.000000, 1.000000))
((0.073121, -0.183762, 0.980247, 0.031620), (-0.673745, 0.715585, 0.184405, 0.227567), (-0.735337, -0.673921, -0.071485, 0.069846), (0.000000, 0.000000, 0.000000, 1.000000))
((0.074133, -0.186613, 0.979632, 0.032096), (-0.672733, 0.715795, 0.187262, 0.223877), (-0.736162, -0.672913, -0.072477, 0.071053), (0.000000, 0.000000, 0.000000, 1.000000))
((0.073310, -0.186363, 0.979742, 0.032433), (-0.675941, 0.713043, 0.186210, 0.221366), (-0.733301, -0.675899, -0.073697, 0.071873), (0.000000, 0.000000, 0.000000, 1.000000))
((0.074470, -0.184383, 0.980029, 0.032762), (-0.678485, 0.710861, 0.185298, 0.218909), (-0.730830, -0.678734, -0.072163, 0.072674), (0.000000, 0.000000, 0.000000, 1.000000))
((0.072270, -0.185602, 0.979964, 0.033071), (-0.680034, 0.709576, 0.184542, 0.216529), (-0.729610, -0.679746, -0.074934, 0.073459), (0.000000, 0.000000, 0.000000, 1.000000))
((0.072496, -0.184770, 0.980104, 0.033499), (-0.680402, 0.709350, 0.184055, 0.213224), (-0.729244, -0.680208, -0.074293, 0.074548), (0.000000, 0.000000, 0.000000, 1.000000))
((0.070846, -0.185777, 0.980035, 0.033850), (-0.681689, 0.708248, 0.183535, 0.210395), (-0.728204, -0.681082, -0.076465, 0.075489), (0.000000, 0.000000, 0.000000, 1.000000))
((0.070605, -0.185329, 0.980137, 0.034199), (-0.684607, 0.705634, 0.182741, 0.207580), (-0.725485, -0.683911, -0.077056, 0.076424), (0.000000, 0.000000, 0.000000, 1.000000))
((0.068937, -0.186459, 0.980041, 0.034442), (-0.684251, 0.706051, 0.182462, 0.205549), (-0.725981, -0.683172, -0.078912, 0.077116), (0.000000, 0.000000, 0.000000, 1.000000))
((0.068705, -0.186048, 0.980136, 0.034756), (-0.685336, 0.705146, 0.181890, 0.202922), (-0.724979, -0.684219, -0.079059, 0.078012), (0.000000, 0.000000, 0.000000, 1.000000))
((0.068705, -0.186048, 0.980136, 0.034759), (-0.685336, 0.705146, 0.181890, 0.202900), (-0.724979, -0.684219, -0.079059, 0.078020), (0.000000, 0.000000, 0.000000, 1.000000))
((0.069097, -0.184197, 0.980458, 0.035045), (-0.689763, 0.701214, 0.180346, 0.200314), (-0.720730, -0.688745, -0.078600, 0.078937), (0.000000, 0.000000, 0.000000, 1.000000))
((0.068267, -0.184275, 0.980501, 0.035142), (-0.691665, 0.699524, 0.179625, 0.199367), (-0.718984, -0.690441, -0.079702, 0.079279), (0.000000, 0.000000, 0.000000, 1.000000))
((0.069459, -0.182766, 0.980700, 0.035216), (-0.694925, 0.696444, 0.179010, 0.198599), (-0.715720, -0.693947, -0.078634, 0.079560), (0.000000, 0.000000, 0.000000, 1.000000))
((0.068622, -0.182913, 0.980731, 0.035341), (-0.698800, 0.692789, 0.178105, 0.197283), (-0.712018, -0.697557, -0.080279, 0.080043), (0.000000, 0.000000, 0.000000, 1.000000))
((0.067792, -0.183026, 0.980768, 0.035499), (-0.704436, 0.687353, 0.176962, 0.195146), (-0.706523, -0.702885, -0.082333, 0.080861), (0.000000, 0.000000, 0.000000, 1.000000))
((0.066367, -0.183475, 0.980781, 0.035614), (-0.712407, 0.679513, 0.175324, 0.193254), (-0.698621, -0.710351, -0.085612, 0.081612), (0.000000, 0.000000, 0.000000, 1.000000))
((0.062984, -0.181586, 0.981356, 0.035668), (-0.720242, 0.672407, 0.170645, 0.192147), (-0.690858, -0.717562, -0.088435, 0.082064), (0.000000, 0.000000, 0.000000, 1.000000))
((0.063780, -0.180613, 0.981484, 0.035671), (-0.725972, 0.666429, 0.169812, 0.192045), (-0.684760, -0.723361, -0.088615, 0.082108), (0.000000, 0.000000, 0.000000, 1.000000))
</SampleFrames>
<SampleWeights Num="135">0.0164292
0.0164292
0.0327906
0.0235962
0.0273367
0.0291681
0.0369543
0.0426885
0.0577419
0.077918
0.0853552
0.0853551
0.103905
0.103905
0.125582
0.128318
0.134758
0.139587
0.145579
0.148782
0.141587
0.140997
0.162281
0.17658
0.184069
0.185979
0.188078
0.195546
0.200238
0.214847
0.228038
0.233596
0.237659
0.249663
0.257313
0.258292
0.239166
0.23816
0.238358
0.238522
0.236628
0.247139
0.24379
0.244752
0.235805
0.230038
0.209269
0.19485
0.177527
0.163511
0.155642
0.159986
0.15992
0.16877
0.17322
0.163652
0.157909
0.15781
0.155992
0.158539
0.156667
0.151996
0.145481
0.13739
0.143917
0.142168
0.137615
0.13444
0.108403
0.0917423
0.0780294
0.0687572
0.0612855
0.0551896
0.0579936
0.0511562
0.0468208
0.0465181
0.0502309
0.0545991
0.063994
0.0707401
0.0742855
0.0802562
0.0927428
0.0955089
0.10162
0.100137
0.101785
0.107393
0.111021
0.115921
0.124718
0.133167
0.138158
0.140788
0.140063
0.13185
0.134646
0.131189
0.127246
0.13093
0.12516
0.117236
0.109784
0.107695
0.105639
0.0996508
0.0879365
0.08435
0.0853791
0.0784855
0.066787
0.0662907
0.0775286
0.0962933
0.115595
0.10855
0.0978753
0.0910596
0.0970188
0.102746
0.108043
0.113518
0.113194
0.112075
0.112073
0.124438
0.129846
0.131236
0.12843
0.112415
0.0984305
0.0934323
0.0895526
</SampleWeights>
</PointSplatMark>
