<PointSplatMark HeadPosAtStart="(-0.785442, 0.984573, 3.03269)" BrushTip="0" BrushInterface="ForceTapeDraw" SuperSamplesPerWidth="20" Draw="0" Width="0.06" Pose="1" LayerIndex="0" Name="wingdetail" RoomToVirtualScaleAtStart="1.45521" RoomToVirtualFrameAtStart="((0.536279, -0.841341, -0.067453, 0.056407), (0.821102, 0.501530, 0.272506, 0.105400), (-0.195441, -0.201525, 0.959787, -0.105358), (0.000000, 0.000000, 0.000000, 1.000000))" ColorSwatch="0.302658"><SamplePoints Num="34">(0.384228, 0.667467, -0.0605501)
(0.384131, 0.667337, -0.0605746)
(0.383693, 0.666749, -0.0606852)
(0.383163, 0.666037, -0.0608193)
(0.382251, 0.664804, -0.0610516)
(0.380835, 0.662893, -0.0614121)
(0.379564, 0.661163, -0.0617378)
(0.378643, 0.65991, -0.0619739)
(0.377822, 0.658782, -0.0621868)
(0.376239, 0.656608, -0.0625976)
(0.37455, 0.654274, -0.0630369)
(0.373255, 0.652484, -0.063374)
(0.364987, 0.640938, -0.0655369)
(0.364987, 0.640938, -0.0655369)
(0.355289, 0.627212, -0.0681275)
(0.341726, 0.607933, -0.071788)
(0.337808, 0.602392, -0.0728256)
(0.33344, 0.596214, -0.0739825)
(0.324567, 0.583786, -0.0762228)
(0.318367, 0.57518, -0.0777149)
(0.31277, 0.567413, -0.0790617)
(0.306898, 0.559298, -0.0804561)
(0.306898, 0.559298, -0.0804561)
(0.290984, 0.537379, -0.0841773)
(0.283942, 0.52768, -0.085824)
(0.279027, 0.520954, -0.0869461)
(0.27192, 0.511229, -0.0885687)
(0.26595, 0.503056, -0.0899418)
(0.258843, 0.493329, -0.0915762)
(0.2537, 0.486294, -0.0927437)
(0.250525, 0.481952, -0.0934645)
(0.24183, 0.470133, -0.09539)
(0.23853, 0.465685, -0.0960949)
(0.237336, 0.464075, -0.09635)
</SamplePoints>
<SampleFrames Num="34">((0.759552, 0.115289, 0.640148, 0.384228), (-0.395843, 0.862866, 0.314278, 0.667467), (-0.516129, -0.492108, 0.701028, -0.060550), (0.000000, 0.000000, 0.000000, 1.000000))
((0.759435, 0.115320, 0.640281, 0.384131), (-0.395873, 0.862907, 0.314127, 0.667337), (-0.516278, -0.492029, 0.700974, -0.060575), (0.000000, 0.000000, 0.000000, 1.000000))
((0.759675, 0.115315, 0.639998, 0.383693), (-0.395630, 0.863024, 0.314112, 0.666749), (-0.516112, -0.491825, 0.701240, -0.060685), (0.000000, 0.000000, 0.000000, 1.000000))
((0.759079, 0.117819, 0.640248, 0.383163), (-0.398219, 0.862058, 0.313492, 0.666037), (-0.514996, -0.492924, 0.701288, -0.060819), (0.000000, 0.000000, 0.000000, 1.000000))
((0.760931, 0.121117, 0.637428, 0.382251), (-0.402231, 0.858921, 0.316962, 0.664804), (-0.509110, -0.497580, 0.702297, -0.061052), (0.000000, 0.000000, 0.000000, 1.000000))
((0.761905, 0.123654, 0.635775, 0.380835), (-0.406022, 0.855972, 0.320091, 0.662893), (-0.504625, -0.502018, 0.702376, -0.061412), (0.000000, 0.000000, 0.000000, 1.000000))
((0.762306, 0.124992, 0.635033, 0.379564), (-0.407796, 0.854673, 0.321303, 0.661163), (-0.502585, -0.503895, 0.702494, -0.061738), (0.000000, 0.000000, 0.000000, 1.000000))
((0.761740, 0.127512, 0.635211, 0.378643), (-0.410263, 0.853756, 0.320601, 0.659910), (-0.501434, -0.504818, 0.702654, -0.061974), (0.000000, 0.000000, 0.000000, 1.000000))
((0.761515, 0.127680, 0.635447, 0.377822), (-0.409973, 0.854246, 0.319665, 0.658782), (-0.502013, -0.503946, 0.702866, -0.062187), (0.000000, 0.000000, 0.000000, 1.000000))
((0.762705, 0.130191, 0.633507, 0.376239), (-0.413651, 0.851180, 0.323087, 0.656608), (-0.497166, -0.508471, 0.703053, -0.062598), (0.000000, 0.000000, 0.000000, 1.000000))
((0.764176, 0.133843, 0.630969, 0.374550), (-0.417299, 0.848511, 0.325409, 0.654274), (-0.491830, -0.511972, 0.704264, -0.063037), (0.000000, 0.000000, 0.000000, 1.000000))
((0.764022, 0.137692, 0.630326, 0.373255), (-0.421559, 0.846119, 0.326144, 0.652484), (-0.488424, -0.514901, 0.704499, -0.063374), (0.000000, 0.000000, 0.000000, 1.000000))
((0.761171, 0.148008, 0.631437, 0.364987), (-0.436868, 0.836598, 0.330529, 0.640938), (-0.479338, -0.527444, 0.701454, -0.065537), (0.000000, 0.000000, 0.000000, 1.000000))
((0.761171, 0.148008, 0.631437, 0.364987), (-0.436868, 0.836598, 0.330529, 0.640938), (-0.479338, -0.527444, 0.701454, -0.065537), (0.000000, 0.000000, 0.000000, 1.000000))
((0.760707, 0.160419, 0.628960, 0.355289), (-0.450582, 0.827988, 0.333783, 0.627212), (-0.467226, -0.537310, 0.702138, -0.068127), (0.000000, 0.000000, 0.000000, 1.000000))
((0.761505, 0.172079, 0.624899, 0.341726), (-0.463873, 0.818057, 0.340008, 0.607933), (-0.452695, -0.548791, 0.702777, -0.071788), (0.000000, 0.000000, 0.000000, 1.000000))
((0.759829, 0.173850, 0.626448, 0.337808), (-0.466747, 0.816633, 0.339496, 0.602392), (-0.452557, -0.550351, 0.701645, -0.072826), (0.000000, 0.000000, 0.000000, 1.000000))
((0.759301, 0.178032, 0.625912, 0.333440), (-0.471393, 0.813564, 0.340445, 0.596214), (-0.448609, -0.553551, 0.701663, -0.073982), (0.000000, 0.000000, 0.000000, 1.000000))
((0.761195, 0.182864, 0.622208, 0.324567), (-0.476869, 0.808049, 0.345908, 0.583786), (-0.439521, -0.560015, 0.702285, -0.076223), (0.000000, 0.000000, 0.000000, 1.000000))
((0.761348, 0.184677, 0.621485, 0.318367), (-0.481511, 0.802969, 0.351267, 0.575180), (-0.434162, -0.566688, 0.700263, -0.077715), (0.000000, 0.000000, 0.000000, 1.000000))
((0.758478, 0.187428, 0.624165, 0.312770), (-0.485893, 0.800901, 0.349952, 0.567413), (-0.434304, -0.568708, 0.698535, -0.079062), (0.000000, 0.000000, 0.000000, 1.000000))
((0.759438, 0.186715, 0.623210, 0.306898), (-0.486140, 0.799462, 0.352886, 0.559298), (-0.432344, -0.570963, 0.697911, -0.080456), (0.000000, 0.000000, 0.000000, 1.000000))
((0.759438, 0.186715, 0.623210, 0.306898), (-0.486140, 0.799462, 0.352886, 0.559298), (-0.432344, -0.570963, 0.697911, -0.080456), (0.000000, 0.000000, 0.000000, 1.000000))
((0.759070, 0.190050, 0.622651, 0.290984), (-0.491738, 0.794160, 0.357076, 0.537379), (-0.426622, -0.577227, 0.696278, -0.084177), (0.000000, 0.000000, 0.000000, 1.000000))
((0.757757, 0.192505, 0.623495, 0.283942), (-0.496262, 0.790435, 0.359078, 0.527680), (-0.423708, -0.581511, 0.694490, -0.085824), (0.000000, 0.000000, 0.000000, 1.000000))
((0.757299, 0.192477, 0.624059, 0.279027), (-0.497541, 0.789022, 0.360413, 0.520954), (-0.423025, -0.583436, 0.693291, -0.086946), (0.000000, 0.000000, 0.000000, 1.000000))
((0.755620, 0.194910, 0.625338, 0.271920), (-0.500541, 0.787616, 0.359332, 0.511229), (-0.422489, -0.584526, 0.692699, -0.088569), (0.000000, 0.000000, 0.000000, 1.000000))
((0.755799, 0.194636, 0.625207, 0.265950), (-0.502482, 0.784610, 0.363179, 0.503056), (-0.419856, -0.588646, 0.690809, -0.089942), (0.000000, 0.000000, 0.000000, 1.000000))
((0.754746, 0.194194, 0.626616, 0.258843), (-0.504088, 0.782957, 0.364518, 0.493329), (-0.419826, -0.590988, 0.688825, -0.091576), (0.000000, 0.000000, 0.000000, 1.000000))
((0.755363, 0.189169, 0.627409, 0.253700), (-0.499923, 0.785360, 0.365086, 0.486294), (-0.423679, -0.589428, 0.687801, -0.092744), (0.000000, 0.000000, 0.000000, 1.000000))
((0.754450, 0.185104, 0.629715, 0.250525), (-0.497607, 0.786936, 0.364854, 0.481952), (-0.428010, -0.588615, 0.685813, -0.093464), (0.000000, 0.000000, 0.000000, 1.000000))
((0.755811, 0.171424, 0.631952, 0.241830), (-0.485372, 0.794478, 0.364991, 0.470133), (-0.439504, -0.582596, 0.683679, -0.095390), (0.000000, 0.000000, 0.000000, 1.000000))
((0.757271, 0.161863, 0.632725, 0.238530), (-0.475124, 0.801249, 0.363673, 0.465685), (-0.448105, -0.576022, 0.683667, -0.096095), (0.000000, 0.000000, 0.000000, 1.000000))
((0.757523, 0.154825, 0.634183, 0.237336), (-0.467028, 0.807298, 0.360770, 0.464075), (-0.456119, -0.569473, 0.683854, -0.096350), (0.000000, 0.000000, 0.000000, 1.000000))
</SampleFrames>
<SampleWeights Num="34">0.017007
0.019257
0.0262227
0.0313806
0.0411321
0.0686025
0.0731054
0.0793024
0.0901071
0.10308
0.123485
0.138704
0.140592
0.140592
0.156801
0.23611
0.236375
0.253668
0.332282
0.358089
0.359298
0.374698
0.374698
0.441198
0.477949
0.502566
0.538239
0.550574
0.513808
0.462853
0.417813
0.289983
0.230508
0.190824
</SampleWeights>
</PointSplatMark>
