<PointSplatMark HeadPosAtStart="(0.227024, 1.95871, 2.57993)" BrushTip="0" BrushInterface="ForceTapeDraw" SuperSamplesPerWidth="20" Draw="0" Width="0.06" Pose="1" LayerIndex="0" Name="wingdetail" RoomToVirtualScaleAtStart="1.45521" RoomToVirtualFrameAtStart="((0.924160, -0.267618, 0.272595, 0.013530), (0.069327, 0.819239, 0.569246, -0.190649), (-0.375661, -0.507177, 0.775661, -0.011544), (0.000000, 0.000000, 0.000000, 1.000000))" ColorSwatch="0.302658"><SamplePoints Num="64">(-0.00649633, -0.180585, 0.146293)
(-0.0071044, -0.18084, 0.146642)
(-0.0077168, -0.181097, 0.146994)
(-0.00922043, -0.181743, 0.147842)
(-0.0125354, -0.183181, 0.149696)
(-0.0125354, -0.183181, 0.149696)
(-0.0166332, -0.184961, 0.151949)
(-0.0220366, -0.187324, 0.154861)
(-0.0292857, -0.190455, 0.158702)
(-0.033384, -0.192225, 0.160873)
(-0.0374839, -0.193981, 0.162955)
(-0.0415881, -0.195739, 0.16504)
(-0.0458238, -0.197537, 0.167096)
(-0.0497555, -0.199206, 0.169004)
(-0.0521141, -0.200183, 0.170091)
(-0.0539567, -0.200946, 0.170939)
(-0.0553467, -0.2015, 0.171564)
(-0.0562022, -0.201816, 0.171938)
(-0.0569458, -0.202025, 0.172243)
(-0.0625228, -0.202988, 0.17431)
(-0.0638618, -0.203121, 0.174769)
(-0.0663125, -0.20322, 0.175537)
(-0.067072, -0.203251, 0.175775)
(-0.0671026, -0.203245, 0.175782)
(-0.0671405, -0.203236, 0.17579)
(-0.067629, -0.203115, 0.175884)
(-0.0680359, -0.202983, 0.175953)
(-0.0685761, -0.202807, 0.176044)
(-0.0691376, -0.202584, 0.176126)
(-0.0700286, -0.202229, 0.176256)
(-0.0709928, -0.201777, 0.176379)
(-0.072081, -0.201268, 0.176517)
(-0.0732647, -0.200634, 0.17665)
(-0.0744297, -0.20001, 0.17678)
(-0.0761922, -0.198973, 0.176944)
(-0.0783104, -0.197727, 0.177141)
(-0.0783791, -0.197683, 0.177147)
(-0.0812628, -0.195837, 0.177378)
(-0.082839, -0.194747, 0.177483)
(-0.0847564, -0.193422, 0.17761)
(-0.0854434, -0.192913, 0.177647)
(-0.0865707, -0.192077, 0.177707)
(-0.0886632, -0.19042, 0.177805)
(-0.0901443, -0.18918, 0.177867)
(-0.0920023, -0.187624, 0.177945)
(-0.0958744, -0.184213, 0.178099)
(-0.0996204, -0.180801, 0.17824)
(-0.102235, -0.178387, 0.178332)
(-0.10513, -0.175715, 0.178435)
(-0.111131, -0.170123, 0.17865)
(-0.11844, -0.163375, 0.178932)
(-0.121631, -0.160498, 0.179063)
(-0.123092, -0.159181, 0.179124)
(-0.123158, -0.159124, 0.179127)
(-0.129591, -0.153537, 0.179426)
(-0.136902, -0.147501, 0.179786)
(-0.144465, -0.14172, 0.180209)
(-0.151732, -0.136876, 0.180707)
(-0.159912, -0.132339, 0.181434)
(-0.165066, -0.130011, 0.181998)
(-0.182611, -0.123645, 0.184296)
(-0.19036, -0.121399, 0.185487)
(-0.197806, -0.119241, 0.186632)
(-0.215971, -0.115108, 0.189874)
</SamplePoints>
<SampleFrames Num="64">((0.109834, 0.529778, 0.840994, -0.006496), (-0.993944, 0.055536, 0.094825, -0.180585), (0.003531, -0.846316, 0.532669, 0.146293), (0.000000, 0.000000, 0.000000, 1.000000))
((0.114320, 0.529707, 0.840441, -0.007104), (-0.993440, 0.058634, 0.098176, -0.180840), (0.002726, -0.846152, 0.532935, 0.146642), (0.000000, 0.000000, 0.000000, 1.000000))
((0.112788, 0.530395, 0.840214, -0.007717), (-0.993607, 0.056043, 0.098001, -0.181097), (0.004891, -0.845896, 0.533325, 0.146994), (0.000000, 0.000000, 0.000000, 1.000000))
((0.111082, 0.528517, 0.841624, -0.009220), (-0.993770, 0.051396, 0.098888, -0.181743), (0.009008, -0.847365, 0.530934, 0.147842), (0.000000, 0.000000, 0.000000, 1.000000))
((0.109914, 0.526029, 0.843334, -0.012535), (-0.993822, 0.045055, 0.101425, -0.183181), (0.015356, -0.849272, 0.527732, 0.149696), (0.000000, 0.000000, 0.000000, 1.000000))
((0.109914, 0.526029, 0.843334, -0.012535), (-0.993822, 0.045055, 0.101425, -0.183181), (0.015356, -0.849272, 0.527732, 0.149696), (0.000000, 0.000000, 0.000000, 1.000000))
((0.107855, 0.527507, 0.842677, -0.016633), (-0.993933, 0.038848, 0.102896, -0.184961), (0.021542, -0.848662, 0.528497, 0.151949), (0.000000, 0.000000, 0.000000, 1.000000))
((0.108059, 0.525994, 0.843596, -0.022037), (-0.993623, 0.029655, 0.108786, -0.187324), (0.032204, -0.849971, 0.525844, 0.154861), (0.000000, 0.000000, 0.000000, 1.000000))
((0.108105, 0.522648, 0.845667, -0.029286), (-0.993339, 0.022663, 0.112976, -0.190455), (0.039882, -0.852247, 0.521617, 0.158702), (0.000000, 0.000000, 0.000000, 1.000000))
((0.107578, 0.522320, 0.845937, -0.033384), (-0.993249, 0.019331, 0.114376, -0.192225), (0.043388, -0.852531, 0.520873, 0.160873), (0.000000, 0.000000, 0.000000, 1.000000))
((0.108919, 0.520105, 0.847129, -0.037484), (-0.992893, 0.015809, 0.117954, -0.193981), (0.047956, -0.853956, 0.518131, 0.162955), (0.000000, 0.000000, 0.000000, 1.000000))
((0.108872, 0.521311, 0.846394, -0.041588), (-0.992656, 0.011837, 0.120395, -0.195739), (0.052744, -0.853285, 0.518771, 0.165040), (0.000000, 0.000000, 0.000000, 1.000000))
((0.110330, 0.519247, 0.847473, -0.045824), (-0.992243, 0.008401, 0.124030, -0.197537), (0.057283, -0.854583, 0.516146, 0.167096), (0.000000, 0.000000, 0.000000, 1.000000))
((0.109062, 0.516976, 0.849024, -0.049755), (-0.992260, 0.005603, 0.124050, -0.199206), (0.059374, -0.855981, 0.513586, 0.169004), (0.000000, 0.000000, 0.000000, 1.000000))
((0.109843, 0.518320, 0.848103, -0.052114), (-0.992219, 0.006856, 0.124318, -0.200183), (0.058622, -0.855159, 0.515040, 0.170091), (0.000000, 0.000000, 0.000000, 1.000000))
((0.110218, 0.516411, 0.849218, -0.053957), (-0.992098, 0.005632, 0.125337, -0.200946), (0.059943, -0.856322, 0.512951, 0.170939), (0.000000, 0.000000, 0.000000, 1.000000))
((0.110792, 0.517294, 0.848606, -0.055347), (-0.992048, 0.006253, 0.125708, -0.201500), (0.059722, -0.855785, 0.513873, 0.171564), (0.000000, 0.000000, 0.000000, 1.000000))
((0.101581, 0.519196, 0.848597, -0.056202), (-0.992652, -0.003481, 0.120955, -0.201816), (0.065753, -0.854648, 0.515027, 0.171938), (0.000000, 0.000000, 0.000000, 1.000000))
((0.097208, 0.519865, 0.848700, -0.056946), (-0.993192, -0.004329, 0.116409, -0.202025), (0.064191, -0.854238, 0.515905, 0.172243), (0.000000, 0.000000, 0.000000, 1.000000))
((0.092528, 0.517369, 0.850745, -0.062523), (-0.993309, -0.011342, 0.114931, -0.202988), (0.069111, -0.855687, 0.512858, 0.174310), (0.000000, 0.000000, 0.000000, 1.000000))
((0.088833, 0.518664, 0.850351, -0.063862), (-0.993680, -0.012670, 0.111534, -0.203121), (0.068623, -0.854884, 0.514261, 0.174769), (0.000000, 0.000000, 0.000000, 1.000000))
((0.089497, 0.516933, 0.851334, -0.066313), (-0.993488, -0.014182, 0.113052, -0.203220), (0.070514, -0.855908, 0.512298, 0.175537), (0.000000, 0.000000, 0.000000, 1.000000))
((0.087137, 0.517363, 0.851318, -0.067072), (-0.993878, -0.013113, 0.109698, -0.203251), (0.067917, -0.855666, 0.513053, 0.175775), (0.000000, 0.000000, 0.000000, 1.000000))
((0.087224, 0.519720, 0.849872, -0.067103), (-0.994740, -0.000550, 0.102429, -0.203245), (0.053702, -0.854336, 0.516939, 0.175782), (0.000000, 0.000000, 0.000000, 1.000000))
((0.086097, 0.519328, 0.850227, -0.067141), (-0.995100, 0.003182, 0.098824, -0.203236), (0.048617, -0.854569, 0.517057, 0.175790), (0.000000, 0.000000, 0.000000, 1.000000))
((0.086181, 0.519454, 0.850141, -0.067629), (-0.995094, 0.003270, 0.098877, -0.203115), (0.048582, -0.854492, 0.517188, 0.175884), (0.000000, 0.000000, 0.000000, 1.000000))
((0.086433, 0.519833, 0.849884, -0.068036), (-0.995078, 0.003537, 0.099036, -0.202983), (0.048476, -0.854261, 0.517580, 0.175953), (0.000000, 0.000000, 0.000000, 1.000000))
((0.084188, 0.518573, 0.850879, -0.068576), (-0.995221, 0.001357, 0.097642, -0.202807), (0.049480, -0.855032, 0.516209, 0.176044), (0.000000, 0.000000, 0.000000, 1.000000))
((0.085960, 0.518456, 0.850773, -0.069138), (-0.995191, 0.004433, 0.097851, -0.202584), (0.046960, -0.855093, 0.516344, 0.176126), (0.000000, 0.000000, 0.000000, 1.000000))
((0.087567, 0.519998, 0.849667, -0.070029), (-0.995318, 0.010647, 0.096062, -0.202229), (0.040906, -0.854101, 0.518496, 0.176256), (0.000000, 0.000000, 0.000000, 1.000000))
((0.085622, 0.519159, 0.850378, -0.070993), (-0.995442, 0.008593, 0.094982, -0.201777), (0.042004, -0.854635, 0.517528, 0.176379), (0.000000, 0.000000, 0.000000, 1.000000))
((0.082100, 0.518780, 0.850956, -0.072081), (-0.995593, 0.003870, 0.093695, -0.201268), (0.045314, -0.854899, 0.516812, 0.176517), (0.000000, 0.000000, 0.000000, 1.000000))
((0.084213, 0.519173, 0.850510, -0.073265), (-0.995535, 0.007302, 0.094115, -0.200634), (0.042652, -0.854638, 0.517470, 0.176650), (0.000000, 0.000000, 0.000000, 1.000000))
((0.083842, 0.517862, 0.851346, -0.074430), (-0.995613, 0.007920, 0.093232, -0.200010), (0.041539, -0.855428, 0.516254, 0.176780), (0.000000, 0.000000, 0.000000, 1.000000))
((0.083305, 0.518257, 0.851158, -0.076192), (-0.995841, 0.011666, 0.090362, -0.198973), (0.036901, -0.855146, 0.517073, 0.176944), (0.000000, 0.000000, 0.000000, 1.000000))
((0.083553, 0.517762, 0.851435, -0.078310), (-0.995854, 0.012536, 0.090102, -0.197727), (0.035978, -0.855433, 0.516663, 0.177141), (0.000000, 0.000000, 0.000000, 1.000000))
((0.083553, 0.517762, 0.851435, -0.078379), (-0.995854, 0.012536, 0.090102, -0.197683), (0.035978, -0.855433, 0.516663, 0.177147), (0.000000, 0.000000, 0.000000, 1.000000))
((0.081307, 0.517932, 0.851549, -0.081263), (-0.996186, 0.015091, 0.085939, -0.195837), (0.031660, -0.855289, 0.517183, 0.177378), (0.000000, 0.000000, 0.000000, 1.000000))
((0.081165, 0.517032, 0.852109, -0.082839), (-0.996236, 0.015975, 0.085200, -0.194747), (0.030439, -0.855817, 0.516382, 0.177483), (0.000000, 0.000000, 0.000000, 1.000000))
((0.076733, 0.516649, 0.852752, -0.084756), (-0.996622, 0.014631, 0.080814, -0.193422), (0.029276, -0.856072, 0.516026, 0.177610), (0.000000, 0.000000, 0.000000, 1.000000))
((0.078735, 0.516828, 0.852461, -0.085443), (-0.996533, 0.017746, 0.081283, -0.192913), (0.026882, -0.855905, 0.516434, 0.177647), (0.000000, 0.000000, 0.000000, 1.000000))
((0.074801, 0.517853, 0.852193, -0.086571), (-0.996838, 0.015864, 0.077857, -0.192077), (0.026799, -0.855323, 0.517402, 0.177707), (0.000000, 0.000000, 0.000000, 1.000000))
((0.075054, 0.517507, 0.852381, -0.088663), (-0.996850, 0.016963, 0.077476, -0.190420), (0.025635, -0.855511, 0.517150, 0.177805), (0.000000, 0.000000, 0.000000, 1.000000))
((0.072614, 0.519826, 0.851180, -0.090144), (-0.997154, 0.020472, 0.072565, -0.189180), (0.020296, -0.854027, 0.519833, 0.177867), (0.000000, 0.000000, 0.000000, 1.000000))
((0.071841, 0.517513, 0.852654, -0.092002), (-0.997253, 0.021793, 0.070797, -0.187624), (0.018056, -0.855398, 0.517657, 0.177945), (0.000000, 0.000000, 0.000000, 1.000000))
((0.070250, 0.518435, 0.852227, -0.095874), (-0.997415, 0.023589, 0.067868, -0.184213), (0.015082, -0.854792, 0.518752, 0.178099), (0.000000, 0.000000, 0.000000, 1.000000))
((0.069814, 0.518635, 0.852141, -0.099620), (-0.997518, 0.028437, 0.064417, -0.180801), (0.009177, -0.854523, 0.519333, 0.178240), (0.000000, 0.000000, 0.000000, 1.000000))
((0.065790, 0.518916, 0.852290, -0.102235), (-0.997797, 0.026883, 0.060654, -0.178387), (0.008562, -0.854402, 0.519542, 0.178332), (0.000000, 0.000000, 0.000000, 1.000000))
((0.064275, 0.518183, 0.852851, -0.105130), (-0.997893, 0.025813, 0.059522, -0.175715), (0.008829, -0.854880, 0.518750, 0.178435), (0.000000, 0.000000, 0.000000, 1.000000))
((0.061254, 0.514849, 0.855090, -0.111131), (-0.998040, 0.020601, 0.059090, -0.170123), (0.012807, -0.857033, 0.515102, 0.178650), (0.000000, 0.000000, 0.000000, 1.000000))
((0.058135, 0.513365, 0.856199, -0.118440), (-0.998214, 0.018085, 0.056934, -0.163375), (0.013744, -0.857980, 0.513499, 0.178932), (0.000000, 0.000000, 0.000000, 1.000000))
((0.056418, 0.512453, 0.856860, -0.121631), (-0.998305, 0.016693, 0.055748, -0.160498), (0.014265, -0.858553, 0.512526, 0.179063), (0.000000, 0.000000, 0.000000, 1.000000))
((0.054561, 0.511873, 0.857327, -0.123092), (-0.998387, 0.014440, 0.054916, -0.159181), (0.015730, -0.858940, 0.511835, 0.179124), (0.000000, 0.000000, 0.000000, 1.000000))
((0.054561, 0.511873, 0.857327, -0.123158), (-0.998387, 0.014440, 0.054916, -0.159124), (0.015730, -0.858940, 0.511835, 0.179127), (0.000000, 0.000000, 0.000000, 1.000000))
((0.053499, 0.509358, 0.858890, -0.129591), (-0.998392, 0.011146, 0.055578, -0.153537), (0.018736, -0.860483, 0.509135, 0.179426), (0.000000, 0.000000, 0.000000, 1.000000))
((0.049297, 0.506863, 0.860616, -0.136902), (-0.998441, 0.002436, 0.055757, -0.147501), (0.026165, -0.862023, 0.506193, 0.179786), (0.000000, 0.000000, 0.000000, 1.000000))
((0.044515, 0.505723, 0.861547, -0.144465), (-0.998548, -0.003661, 0.053743, -0.141720), (0.030333, -0.862688, 0.504826, 0.180209), (0.000000, 0.000000, 0.000000, 1.000000))
((0.041717, 0.505286, 0.861943, -0.151732), (-0.998563, -0.007961, 0.052996, -0.136876), (0.033640, -0.862915, 0.504228, 0.180707), (0.000000, 0.000000, 0.000000, 1.000000))
((0.045190, 0.502469, 0.863413, -0.159912), (-0.998264, -0.009956, 0.058042, -0.132339), (0.037760, -0.864538, 0.501147, 0.181434), (0.000000, 0.000000, 0.000000, 1.000000))
((0.046160, 0.503318, 0.862868, -0.165066), (-0.998215, -0.009535, 0.058962, -0.130011), (0.037904, -0.864049, 0.501979, 0.181998), (0.000000, 0.000000, 0.000000, 1.000000))
((0.048112, 0.501769, 0.863663, -0.182611), (-0.998090, -0.009386, 0.061054, -0.123645), (0.038741, -0.864951, 0.500359, 0.184296), (0.000000, 0.000000, 0.000000, 1.000000))
((0.049568, 0.501137, 0.863947, -0.190360), (-0.997928, -0.010673, 0.063446, -0.121399), (0.041016, -0.865302, 0.499570, 0.185487), (0.000000, 0.000000, 0.000000, 1.000000))
((0.050072, 0.499179, 0.865051, -0.197806), (-0.997891, -0.010821, 0.064006, -0.119241), (0.041311, -0.866431, 0.497584, 0.186632), (0.000000, 0.000000, 0.000000, 1.000000))
((0.053881, 0.496505, 0.866360, -0.215971), (-0.997947, -0.003300, 0.063956, -0.115108), (0.034613, -0.868028, 0.495308, 0.189874), (0.000000, 0.000000, 0.000000, 1.000000))
</SampleFrames>
<SampleWeights Num="64">0.0477197
0.0654172
0.0741441
0.0793463
0.116146
0.116146
0.167069
0.210578
0.234821
0.236935
0.243504
0.2596
0.265155
0.257694
0.260522
0.265431
0.262392
0.300875
0.324658
0.344419
0.350147
0.34734
0.33892
0.321898
0.326033
0.328999
0.325732
0.334657
0.340744
0.343688
0.33568
0.334072
0.339377
0.344849
0.344953
0.335579
0.335574
0.343787
0.345461
0.34385
0.343273
0.344283
0.341472
0.342962
0.336653
0.325328
0.351772
0.357041
0.338051
0.337607
0.362063
0.364449
0.371383
0.371377
0.400946
0.404723
0.391731
0.371366
0.365038
0.33933
0.222298
0.196746
0.182377
0.0762923
</SampleWeights>
</PointSplatMark>
