<PointSplatMark HeadPosAtStart="(0.236793, 1.97885, 2.59101)" BrushTip="0" BrushInterface="ForceTapeDraw" SuperSamplesPerWidth="20" Draw="0" Width="0.06" Pose="1" LayerIndex="0" Name="wingdetail" RoomToVirtualScaleAtStart="1.45521" RoomToVirtualFrameAtStart="((0.924160, -0.267618, 0.272595, 0.013530), (0.069327, 0.819239, 0.569246, -0.190649), (-0.375661, -0.507177, 0.775661, -0.011544), (0.000000, 0.000000, 0.000000, 1.000000))" ColorSwatch="0.302658"><SamplePoints Num="109">(-0.00852504, -0.208713, 0.143841)
(-0.00917367, -0.209089, 0.14446)
(-0.00952515, -0.209296, 0.144792)
(-0.00968736, -0.209394, 0.144942)
(-0.0100739, -0.209629, 0.145302)
(-0.0107632, -0.210059, 0.145931)
(-0.0116565, -0.210616, 0.146745)
(-0.0116929, -0.21064, 0.146778)
(-0.0148317, -0.212681, 0.149611)
(-0.0161909, -0.213576, 0.150831)
(-0.0171495, -0.214209, 0.151679)
(-0.0181865, -0.214883, 0.152594)
(-0.0190094, -0.215418, 0.153321)
(-0.0194334, -0.21569, 0.153685)
(-0.0198771, -0.215974, 0.154067)
(-0.0217584, -0.217144, 0.155651)
(-0.0235124, -0.218191, 0.157084)
(-0.0249967, -0.219076, 0.158296)
(-0.0260779, -0.219696, 0.15915)
(-0.0272912, -0.22039, 0.160108)
(-0.0276179, -0.220571, 0.160358)
(-0.0302186, -0.222008, 0.162353)
(-0.0308392, -0.222342, 0.162814)
(-0.0311621, -0.222516, 0.163053)
(-0.0320136, -0.222966, 0.163673)
(-0.0336604, -0.223817, 0.164862)
(-0.0351202, -0.224551, 0.165907)
(-0.0370254, -0.225437, 0.167235)
(-0.0380536, -0.225915, 0.167951)
(-0.0387808, -0.226224, 0.16844)
(-0.0394884, -0.226524, 0.168915)
(-0.0407822, -0.227007, 0.169742)
(-0.0411987, -0.227163, 0.170008)
(-0.0423197, -0.227507, 0.170683)
(-0.0433284, -0.227816, 0.171291)
(-0.0453209, -0.228273, 0.172378)
(-0.0476261, -0.228652, 0.173574)
(-0.0482878, -0.228728, 0.173905)
(-0.0547977, -0.228657, 0.176814)
(-0.0586031, -0.228403, 0.178451)
(-0.0592994, -0.228351, 0.178749)
(-0.0613159, -0.228101, 0.179581)
(-0.063654, -0.227811, 0.180545)
(-0.0654382, -0.227522, 0.181238)
(-0.0667886, -0.227304, 0.181763)
(-0.0685601, -0.226957, 0.182428)
(-0.0733868, -0.225847, 0.184158)
(-0.0738749, -0.225735, 0.184333)
(-0.0741704, -0.225657, 0.184432)
(-0.074481, -0.225575, 0.184537)
(-0.0747531, -0.225492, 0.184624)
(-0.0757814, -0.225177, 0.184953)
(-0.0768074, -0.224807, 0.185258)
(-0.0777705, -0.22446, 0.185545)
(-0.0799021, -0.223569, 0.18613)
(-0.0813402, -0.222969, 0.186524)
(-0.0830673, -0.222147, 0.186955)
(-0.0846336, -0.221403, 0.187346)
(-0.0869015, -0.220199, 0.187852)
(-0.0890893, -0.219037, 0.18834)
(-0.0916757, -0.217539, 0.188849)
(-0.0933917, -0.216544, 0.189187)
(-0.0955395, -0.215197, 0.189556)
(-0.100508, -0.211867, 0.190309)
(-0.100792, -0.211662, 0.190347)
(-0.102697, -0.210291, 0.190601)
(-0.104133, -0.209195, 0.190771)
(-0.10458, -0.208854, 0.190824)
(-0.106611, -0.207235, 0.191031)
(-0.107572, -0.206469, 0.191129)
(-0.10871, -0.205522, 0.191233)
(-0.10871, -0.205522, 0.191233)
(-0.1122, -0.202495, 0.191518)
(-0.113448, -0.201413, 0.191619)
(-0.115117, -0.199908, 0.191744)
(-0.119825, -0.195513, 0.19209)
(-0.119825, -0.195513, 0.19209)
(-0.124457, -0.19103, 0.19243)
(-0.126272, -0.189274, 0.192563)
(-0.126287, -0.189259, 0.192564)
(-0.128244, -0.187335, 0.192709)
(-0.131305, -0.184314, 0.192938)
(-0.136236, -0.179431, 0.193324)
(-0.139433, -0.176316, 0.193577)
(-0.144232, -0.171723, 0.193959)
(-0.144909, -0.171075, 0.194012)
(-0.147054, -0.169071, 0.19419)
(-0.147054, -0.169071, 0.19419)
(-0.151178, -0.16534, 0.19455)
(-0.153525, -0.163217, 0.194754)
(-0.153537, -0.163206, 0.194756)
(-0.157116, -0.160124, 0.195089)
(-0.15715, -0.160097, 0.195093)
(-0.16145, -0.156648, 0.195537)
(-0.163804, -0.154908, 0.195809)
(-0.165195, -0.15388, 0.19597)
(-0.168661, -0.151543, 0.196433)
(-0.168661, -0.151543, 0.196433)
(-0.173698, -0.148492, 0.197198)
(-0.176179, -0.14699, 0.197575)
(-0.179694, -0.145093, 0.198179)
(-0.183992, -0.142772, 0.198917)
(-0.188767, -0.140472, 0.199841)
(-0.192924, -0.138469, 0.200645)
(-0.193011, -0.138431, 0.200664)
(-0.197918, -0.136315, 0.201736)
(-0.202348, -0.134598, 0.202804)
(-0.210522, -0.131775, 0.204927)
(-0.210581, -0.131757, 0.204944)
</SamplePoints>
<SampleFrames Num="109">((0.102712, 0.547145, 0.830712, -0.008525), (-0.994709, 0.058190, 0.084663, -0.208713), (-0.002016, -0.835013, 0.550227, 0.143841), (0.000000, 0.000000, 0.000000, 1.000000))
((0.103795, 0.547646, 0.830247, -0.009174), (-0.994594, 0.054495, 0.088395, -0.209089), (0.003165, -0.834934, 0.550341, 0.144460), (0.000000, 0.000000, 0.000000, 1.000000))
((0.102255, 0.548207, 0.830068, -0.009525), (-0.994742, 0.051551, 0.088494, -0.209296), (0.005722, -0.834753, 0.550596, 0.144792), (0.000000, 0.000000, 0.000000, 1.000000))
((0.102277, 0.548311, 0.829997, -0.009687), (-0.994741, 0.051770, 0.088377, -0.209394), (0.005489, -0.834671, 0.550722, 0.144942), (0.000000, 0.000000, 0.000000, 1.000000))
((0.098714, 0.549016, 0.829962, -0.010074), (-0.995065, 0.045994, 0.087926, -0.209629), (0.010100, -0.834545, 0.550847, 0.145302), (0.000000, 0.000000, 0.000000, 1.000000))
((0.099399, 0.550908, 0.828626, -0.010763), (-0.994987, 0.045862, 0.088864, -0.210059), (0.010954, -0.833305, 0.552705, 0.145931), (0.000000, 0.000000, 0.000000, 1.000000))
((0.098092, 0.550372, 0.829137, -0.011656), (-0.995040, 0.040390, 0.090909, -0.210616), (0.016545, -0.833942, 0.551604, 0.146745), (0.000000, 0.000000, 0.000000, 1.000000))
((0.098092, 0.550372, 0.829137, -0.011693), (-0.995040, 0.040390, 0.090909, -0.210640), (0.016545, -0.833942, 0.551604, 0.146778), (0.000000, 0.000000, 0.000000, 1.000000))
((0.097341, 0.548364, 0.830555, -0.014832), (-0.994978, 0.034088, 0.094105, -0.212681), (0.023292, -0.835545, 0.548928, 0.149611), (0.000000, 0.000000, 0.000000, 1.000000))
((0.093881, 0.548390, 0.830936, -0.016191), (-0.995242, 0.029834, 0.092755, -0.213576), (0.026076, -0.835690, 0.548582, 0.150831), (0.000000, 0.000000, 0.000000, 1.000000))
((0.095990, 0.547239, 0.831454, -0.017149), (-0.995037, 0.030745, 0.094640, -0.214209), (0.026228, -0.836412, 0.547474, 0.151679), (0.000000, 0.000000, 0.000000, 1.000000))
((0.094869, 0.549852, 0.829857, -0.018186), (-0.995085, 0.028615, 0.094798, -0.214883), (0.028378, -0.834772, 0.549864, 0.152594), (0.000000, 0.000000, 0.000000, 1.000000))
((0.093337, 0.549259, 0.830423, -0.019009), (-0.995081, 0.023658, 0.096196, -0.215418), (0.033190, -0.835317, 0.548766, 0.153321), (0.000000, 0.000000, 0.000000, 1.000000))
((0.093530, 0.549606, 0.830172, -0.019433), (-0.995073, 0.024060, 0.096180, -0.215690), (0.032887, -0.835078, 0.549148, 0.153685), (0.000000, 0.000000, 0.000000, 1.000000))
((0.092061, 0.550262, 0.829902, -0.019877), (-0.995124, 0.021207, 0.096328, -0.215974), (0.035406, -0.834723, 0.549531, 0.154067), (0.000000, 0.000000, 0.000000, 1.000000))
((0.090383, 0.548529, 0.831232, -0.021758), (-0.995154, 0.017291, 0.096797, -0.217144), (0.038723, -0.835953, 0.547433, 0.155651), (0.000000, 0.000000, 0.000000, 1.000000))
((0.091055, 0.548069, 0.831462, -0.023512), (-0.994984, 0.015347, 0.098846, -0.218191), (0.041414, -0.836292, 0.546718, 0.157084), (0.000000, 0.000000, 0.000000, 1.000000))
((0.089319, 0.547641, 0.831932, -0.024997), (-0.995126, 0.014018, 0.097613, -0.219076), (0.041795, -0.836596, 0.546224, 0.158296), (0.000000, 0.000000, 0.000000, 1.000000))
((0.089524, 0.545353, 0.833412, -0.026078), (-0.995022, 0.012186, 0.098910, -0.219696), (0.043785, -0.838118, 0.543729, 0.159150), (0.000000, 0.000000, 0.000000, 1.000000))
((0.090118, 0.546213, 0.832784, -0.027291), (-0.994979, 0.012820, 0.099261, -0.220390), (0.043541, -0.837548, 0.544626, 0.160108), (0.000000, 0.000000, 0.000000, 1.000000))
((0.090287, 0.546459, 0.832605, -0.027618), (-0.994967, 0.013002, 0.099360, -0.220571), (0.043471, -0.837385, 0.544882, 0.160358), (0.000000, 0.000000, 0.000000, 1.000000))
((0.090597, 0.543486, 0.834515, -0.030219), (-0.994933, 0.012714, 0.099732, -0.222008), (0.043593, -0.839322, 0.541884, 0.162353), (0.000000, 0.000000, 0.000000, 1.000000))
((0.091064, 0.544018, 0.834117, -0.030839), (-0.994879, 0.012812, 0.100259, -0.222342), (0.043856, -0.838976, 0.542399, 0.162814), (0.000000, 0.000000, 0.000000, 1.000000))
((0.090588, 0.542581, 0.835105, -0.031162), (-0.995002, 0.013946, 0.098872, -0.222516), (0.042000, -0.839888, 0.541133, 0.163053), (0.000000, 0.000000, 0.000000, 1.000000))
((0.091013, 0.543196, 0.834658, -0.032014), (-0.994971, 0.014397, 0.099124, -0.222966), (0.041827, -0.839482, 0.541775, 0.163673), (0.000000, 0.000000, 0.000000, 1.000000))
((0.089507, 0.543030, 0.834929, -0.033660), (-0.995086, 0.013130, 0.098137, -0.223817), (0.042329, -0.839611, 0.541537, 0.164862), (0.000000, 0.000000, 0.000000, 1.000000))
((0.087347, 0.541184, 0.836356, -0.035120), (-0.995332, 0.012823, 0.095653, -0.224551), (0.041041, -0.840807, 0.539778, 0.165907), (0.000000, 0.000000, 0.000000, 1.000000))
((0.087665, 0.540782, 0.836582, -0.037025), (-0.995375, 0.014422, 0.094982, -0.225437), (0.039300, -0.841039, 0.539545, 0.167235), (0.000000, 0.000000, 0.000000, 1.000000))
((0.087768, 0.538334, 0.838149, -0.038054), (-0.995285, 0.012522, 0.096180, -0.225915), (0.041282, -0.842639, 0.536895, 0.167951), (0.000000, 0.000000, 0.000000, 1.000000))
((0.088193, 0.538952, 0.837707, -0.038781), (-0.995255, 0.012972, 0.096434, -0.226224), (0.041107, -0.842237, 0.537538, 0.168440), (0.000000, 0.000000, 0.000000, 1.000000))
((0.086174, 0.538040, 0.838503, -0.039488), (-0.995402, 0.011175, 0.095128, -0.226524), (0.041813, -0.842845, 0.536529, 0.168915), (0.000000, 0.000000, 0.000000, 1.000000))
((0.086684, 0.538783, 0.837973, -0.040782), (-0.995367, 0.011715, 0.095433, -0.227007), (0.041601, -0.842363, 0.537302, 0.169742), (0.000000, 0.000000, 0.000000, 1.000000))
((0.084556, 0.537642, 0.838923, -0.041199), (-0.995508, 0.009604, 0.094184, -0.227163), (0.042580, -0.843119, 0.536039, 0.170008), (0.000000, 0.000000, 0.000000, 1.000000))
((0.085043, 0.538282, 0.838463, -0.042320), (-0.995466, 0.009920, 0.094599, -0.227507), (0.042603, -0.842706, 0.536685, 0.170683), (0.000000, 0.000000, 0.000000, 1.000000))
((0.083170, 0.537510, 0.839146, -0.043328), (-0.995587, 0.008081, 0.093499, -0.227816), (0.043476, -0.843219, 0.535810, 0.171291), (0.000000, 0.000000, 0.000000, 1.000000))
((0.083594, 0.535438, 0.840427, -0.045321), (-0.995459, 0.006326, 0.094984, -0.228273), (0.045542, -0.844551, 0.533535, 0.172378), (0.000000, 0.000000, 0.000000, 1.000000))
((0.083886, 0.535043, 0.840650, -0.047626), (-0.995513, 0.007933, 0.094291, -0.228652), (0.043781, -0.844788, 0.533308, 0.173574), (0.000000, 0.000000, 0.000000, 1.000000))
((0.083433, 0.533633, 0.841591, -0.048288), (-0.995624, 0.008957, 0.093024, -0.228728), (0.042102, -0.845669, 0.532045, 0.173905), (0.000000, 0.000000, 0.000000, 1.000000))
((0.082558, 0.532347, 0.842491, -0.054798), (-0.995759, 0.009618, 0.091499, -0.228657), (0.040606, -0.846472, 0.530883, 0.176814), (0.000000, 0.000000, 0.000000, 1.000000))
((0.084800, 0.529478, 0.844075, -0.058603), (-0.995664, 0.012525, 0.092173, -0.228403), (0.038231, -0.848231, 0.528245, 0.178451), (0.000000, 0.000000, 0.000000, 1.000000))
((0.084397, 0.528202, 0.844914, -0.059299), (-0.995764, 0.013650, 0.090932, -0.228351), (0.036497, -0.849009, 0.527116, 0.178749), (0.000000, 0.000000, 0.000000, 1.000000))
((0.085203, 0.529242, 0.844182, -0.061316), (-0.995691, 0.014090, 0.091661, -0.228101), (0.036616, -0.848354, 0.528162, 0.179581), (0.000000, 0.000000, 0.000000, 1.000000))
((0.084845, 0.527243, 0.845468, -0.063654), (-0.995834, 0.016426, 0.089691, -0.227811), (0.033401, -0.849555, 0.526441, 0.180545), (0.000000, 0.000000, 0.000000, 1.000000))
((0.084717, 0.526272, 0.846086, -0.065438), (-0.995891, 0.017458, 0.088858, -0.227522), (0.031992, -0.850137, 0.525589, 0.181238), (0.000000, 0.000000, 0.000000, 1.000000))
((0.084669, 0.525427, 0.846615, -0.066789), (-0.995941, 0.018580, 0.088072, -0.227304), (0.030545, -0.850636, 0.524867, 0.181763), (0.000000, 0.000000, 0.000000, 1.000000))
((0.084496, 0.524541, 0.847182, -0.068560), (-0.996011, 0.019981, 0.086968, -0.226957), (0.028691, -0.851151, 0.524137, 0.182428), (0.000000, 0.000000, 0.000000, 1.000000))
((0.081075, 0.522760, 0.848616, -0.073387), (-0.996280, 0.017554, 0.084369, -0.225847), (0.029208, -0.852299, 0.522239, 0.184158), (0.000000, 0.000000, 0.000000, 1.000000))
((0.082728, 0.524338, 0.847482, -0.073875), (-0.996303, 0.023748, 0.082563, -0.225735), (0.023165, -0.851179, 0.524364, 0.184333), (0.000000, 0.000000, 0.000000, 1.000000))
((0.080280, 0.522860, 0.848630, -0.074170), (-0.996478, 0.021398, 0.081083, -0.225657), (0.024236, -0.852150, 0.522736, 0.184432), (0.000000, 0.000000, 0.000000, 1.000000))
((0.080455, 0.523108, 0.848460, -0.074481), (-0.996465, 0.021575, 0.081188, -0.225575), (0.024164, -0.851993, 0.522995, 0.184537), (0.000000, 0.000000, 0.000000, 1.000000))
((0.080455, 0.523108, 0.848460, -0.074753), (-0.996465, 0.021575, 0.081188, -0.225492), (0.024164, -0.851993, 0.522995, 0.184624), (0.000000, 0.000000, 0.000000, 1.000000))
((0.080836, 0.523706, 0.848055, -0.075781), (-0.996444, 0.022162, 0.081295, -0.225177), (0.023780, -0.851611, 0.523635, 0.184953), (0.000000, 0.000000, 0.000000, 1.000000))
((0.078373, 0.524157, 0.848008, -0.076807), (-0.996702, 0.023237, 0.077752, -0.224807), (0.021049, -0.851305, 0.524249, 0.185258), (0.000000, 0.000000, 0.000000, 1.000000))
((0.078060, 0.522902, 0.848811, -0.077770), (-0.996745, 0.023728, 0.077047, -0.224460), (0.020148, -0.852063, 0.523052, 0.185545), (0.000000, 0.000000, 0.000000, 1.000000))
((0.079761, 0.521821, 0.849318, -0.079902), (-0.996671, 0.027334, 0.076805, -0.223569), (0.016863, -0.852617, 0.522264, 0.186130), (0.000000, 0.000000, 0.000000, 1.000000))
((0.079816, 0.521169, 0.849713, -0.081340), (-0.996688, 0.028410, 0.076197, -0.222969), (0.015571, -0.852980, 0.521711, 0.186524), (0.000000, 0.000000, 0.000000, 1.000000))
((0.081205, 0.519975, 0.850313, -0.083067), (-0.996634, 0.032720, 0.075170, -0.222147), (0.011264, -0.853554, 0.520882, 0.186955), (0.000000, 0.000000, 0.000000, 1.000000))
((0.080761, 0.520668, 0.849931, -0.084634), (-0.996714, 0.036908, 0.072099, -0.221403), (0.006170, -0.852961, 0.521938, 0.187346), (0.000000, 0.000000, 0.000000, 1.000000))
((0.084182, 0.519562, 0.850276, -0.086902), (-0.996450, 0.043963, 0.071791, -0.220199), (-0.000081, -0.853301, 0.521419, 0.187852), (0.000000, 0.000000, 0.000000, 1.000000))
((0.086141, 0.518954, 0.850451, -0.089089), (-0.996276, 0.048063, 0.071583, -0.219037), (-0.003727, -0.853450, 0.521162, 0.188340), (0.000000, 0.000000, 0.000000, 1.000000))
((0.085660, 0.517074, 0.851644, -0.091676), (-0.996304, 0.049911, 0.069907, -0.217539), (-0.006359, -0.854484, 0.519438, 0.188849), (0.000000, 0.000000, 0.000000, 1.000000))
((0.088843, 0.515710, 0.852144, -0.093392), (-0.995966, 0.056784, 0.069473, -0.216544), (-0.012560, -0.854879, 0.518675, 0.189187), (0.000000, 0.000000, 0.000000, 1.000000))
((0.090012, 0.516034, 0.851825, -0.095539), (-0.995747, 0.063487, 0.066760, -0.215197), (-0.019629, -0.854212, 0.519554, 0.189556), (0.000000, 0.000000, 0.000000, 1.000000))
((0.091217, 0.513472, 0.853244, -0.100508), (-0.995489, 0.069482, 0.064610, -0.211867), (-0.026110, -0.855289, 0.517493, 0.190309), (0.000000, 0.000000, 0.000000, 1.000000))
((0.091217, 0.513472, 0.853244, -0.100792), (-0.995489, 0.069482, 0.064610, -0.211662), (-0.026110, -0.855289, 0.517493, 0.190347), (0.000000, 0.000000, 0.000000, 1.000000))
((0.096918, 0.510276, 0.854532, -0.102697), (-0.994518, 0.083516, 0.062924, -0.210291), (-0.039259, -0.855946, 0.515573, 0.190601), (0.000000, 0.000000, 0.000000, 1.000000))
((0.097555, 0.512680, 0.853020, -0.104133), (-0.994344, 0.086368, 0.061809, -0.209195), (-0.041986, -0.854225, 0.518206, 0.190771), (0.000000, 0.000000, 0.000000, 1.000000))
((0.095249, 0.511751, 0.853838, -0.104580), (-0.994606, 0.084304, 0.060424, -0.208854), (-0.041060, -0.854988, 0.517020, 0.190824), (0.000000, 0.000000, 0.000000, 1.000000))
((0.097083, 0.511062, 0.854044, -0.106611), (-0.994281, 0.088159, 0.060270, -0.207235), (-0.044490, -0.855011, 0.516698, 0.191031), (0.000000, 0.000000, 0.000000, 1.000000))
((0.096528, 0.509979, 0.854754, -0.107572), (-0.994263, 0.089166, 0.059083, -0.206469), (-0.046084, -0.855553, 0.515660, 0.191129), (0.000000, 0.000000, 0.000000, 1.000000))
((0.098809, 0.510253, 0.854329, -0.108710), (-0.993953, 0.091923, 0.060056, -0.205522), (-0.047889, -0.855098, 0.516250, 0.191233), (0.000000, 0.000000, 0.000000, 1.000000))
((0.098809, 0.510253, 0.854329, -0.108710), (-0.993953, 0.091923, 0.060056, -0.205522), (-0.047889, -0.855098, 0.516250, 0.191233), (0.000000, 0.000000, 0.000000, 1.000000))
((0.098524, 0.510608, 0.854150, -0.112200), (-0.993713, 0.096343, 0.057029, -0.202495), (-0.053172, -0.854399, 0.516890, 0.191518), (0.000000, 0.000000, 0.000000, 1.000000))
((0.096546, 0.510090, 0.854685, -0.113448), (-0.993961, 0.094401, 0.055939, -0.201413), (-0.052149, -0.854925, 0.516124, 0.191619), (0.000000, 0.000000, 0.000000, 1.000000))
((0.097981, 0.509127, 0.855096, -0.115117), (-0.993604, 0.098505, 0.055202, -0.199908), (-0.056127, -0.855036, 0.515522, 0.191744), (0.000000, 0.000000, 0.000000, 1.000000))
((0.101123, 0.508951, 0.854835, -0.119825), (-0.992715, 0.108196, 0.053016, -0.195513), (-0.065507, -0.853969, 0.516184, 0.192090), (0.000000, 0.000000, 0.000000, 1.000000))
((0.101123, 0.508951, 0.854835, -0.119825), (-0.992715, 0.108196, 0.053016, -0.195513), (-0.065507, -0.853969, 0.516184, 0.192090), (0.000000, 0.000000, 0.000000, 1.000000))
((0.099600, 0.507851, 0.855668, -0.124457), (-0.992863, 0.107409, 0.051821, -0.191030), (-0.065589, -0.854722, 0.514925, 0.192430), (0.000000, 0.000000, 0.000000, 1.000000))
((0.097092, 0.506410, 0.856809, -0.126272), (-0.993100, 0.106186, 0.049776, -0.189274), (-0.065774, -0.855730, 0.513225, 0.192563), (0.000000, 0.000000, 0.000000, 1.000000))
((0.097092, 0.506410, 0.856809, -0.126287), (-0.993100, 0.106186, 0.049776, -0.189259), (-0.065774, -0.855730, 0.513225, 0.192564), (0.000000, 0.000000, 0.000000, 1.000000))
((0.098596, 0.505461, 0.857198, -0.128244), (-0.992738, 0.109615, 0.049550, -0.187335), (-0.068916, -0.855859, 0.512598, 0.192709), (0.000000, 0.000000, 0.000000, 1.000000))
((0.099095, 0.507270, 0.856071, -0.131305), (-0.992425, 0.113164, 0.047822, -0.184314), (-0.072618, -0.854325, 0.514641, 0.192938), (0.000000, 0.000000, 0.000000, 1.000000))
((0.099226, 0.504424, 0.857736, -0.136236), (-0.992410, 0.113094, 0.048296, -0.179431), (-0.072643, -0.856018, 0.511817, 0.193324), (0.000000, 0.000000, 0.000000, 1.000000))
((0.100403, 0.501116, 0.859536, -0.139433), (-0.992170, 0.114931, 0.048890, -0.176316), (-0.074288, -0.857714, 0.508732, 0.193577), (0.000000, 0.000000, 0.000000, 1.000000))
((0.098393, 0.499896, 0.860478, -0.144232), (-0.992335, 0.114254, 0.047094, -0.171723), (-0.074771, -0.858516, 0.507306, 0.193959), (0.000000, 0.000000, 0.000000, 1.000000))
((0.098753, 0.500269, 0.860220, -0.144909), (-0.992307, 0.114368, 0.047404, -0.171075), (-0.074667, -0.858283, 0.507715, 0.194012), (0.000000, 0.000000, 0.000000, 1.000000))
((0.100737, 0.498241, 0.861167, -0.147054), (-0.992065, 0.115754, 0.049078, -0.169071), (-0.075231, -0.859277, 0.505948, 0.194190), (0.000000, 0.000000, 0.000000, 1.000000))
((0.100737, 0.498241, 0.861167, -0.147054), (-0.992065, 0.115754, 0.049078, -0.169071), (-0.075231, -0.859277, 0.505948, 0.194190), (0.000000, 0.000000, 0.000000, 1.000000))
((0.099662, 0.496145, 0.862501, -0.151178), (-0.991921, 0.117908, 0.046791, -0.165340), (-0.078481, -0.860196, 0.503888, 0.194550), (0.000000, 0.000000, 0.000000, 1.000000))
((0.101607, 0.493966, 0.863524, -0.153525), (-0.991747, 0.118524, 0.048895, -0.163217), (-0.078196, -0.861365, 0.501932, 0.194754), (0.000000, 0.000000, 0.000000, 1.000000))
((0.101607, 0.493966, 0.863524, -0.153537), (-0.991747, 0.118524, 0.048895, -0.163206), (-0.078196, -0.861365, 0.501932, 0.194756), (0.000000, 0.000000, 0.000000, 1.000000))
((0.105802, 0.492199, 0.864029, -0.157116), (-0.991130, 0.122469, 0.051601, -0.160124), (-0.080419, -0.861824, 0.500791, 0.195089), (0.000000, 0.000000, 0.000000, 1.000000))
((0.105802, 0.492199, 0.864029, -0.157150), (-0.991130, 0.122469, 0.051601, -0.160097), (-0.080419, -0.861824, 0.500791, 0.195093), (0.000000, 0.000000, 0.000000, 1.000000))
((0.107442, 0.489401, 0.865415, -0.161450), (-0.990917, 0.123518, 0.053172, -0.156648), (-0.080872, -0.863267, 0.498227, 0.195537), (0.000000, 0.000000, 0.000000, 1.000000))
((0.111053, 0.487083, 0.866266, -0.163804), (-0.990308, 0.127396, 0.055323, -0.154908), (-0.083412, -0.864014, 0.496510, 0.195809), (0.000000, 0.000000, 0.000000, 1.000000))
((0.112284, 0.484303, 0.867665, -0.165195), (-0.990129, 0.128241, 0.056552, -0.153880), (-0.083882, -0.865451, 0.493922, 0.195970), (0.000000, 0.000000, 0.000000, 1.000000))
((0.112815, 0.484505, 0.867484, -0.168661), (-0.990061, 0.128602, 0.056929, -0.151543), (-0.083978, -0.865284, 0.494198, 0.196433), (0.000000, 0.000000, 0.000000, 1.000000))
((0.112815, 0.484505, 0.867484, -0.168661), (-0.990061, 0.128602, 0.056929, -0.151543), (-0.083978, -0.865284, 0.494198, 0.196433), (0.000000, 0.000000, 0.000000, 1.000000))
((0.116025, 0.483689, 0.867516, -0.173698), (-0.989765, 0.129369, 0.060245, -0.148492), (-0.083090, -0.865626, 0.493748, 0.197198), (0.000000, 0.000000, 0.000000, 1.000000))
((0.119395, 0.481246, 0.868416, -0.176179), (-0.989090, 0.133675, 0.061908, -0.146990), (-0.086293, -0.866333, 0.491956, 0.197575), (0.000000, 0.000000, 0.000000, 1.000000))
((0.122912, 0.480629, 0.868267, -0.179694), (-0.988200, 0.139849, 0.062476, -0.145093), (-0.091399, -0.865701, 0.492147, 0.198179), (0.000000, 0.000000, 0.000000, 1.000000))
((0.125456, 0.478868, 0.868876, -0.183992), (-0.987252, 0.146729, 0.061681, -0.142772), (-0.097952, -0.865538, 0.491171, 0.198917), (0.000000, 0.000000, 0.000000, 1.000000))
((0.128515, 0.475877, 0.870072, -0.188767), (-0.986516, 0.151002, 0.063125, -0.140472), (-0.101343, -0.866452, 0.488866, 0.199841), (0.000000, 0.000000, 0.000000, 1.000000))
((0.131134, 0.474578, 0.870390, -0.192924), (-0.986203, 0.151929, 0.065743, -0.138469), (-0.101037, -0.867002, 0.487953, 0.200645), (0.000000, 0.000000, 0.000000, 1.000000))
((0.131134, 0.474578, 0.870390, -0.193011), (-0.986203, 0.151929, 0.065743, -0.138431), (-0.101037, -0.867002, 0.487953, 0.200664), (0.000000, 0.000000, 0.000000, 1.000000))
((0.133999, 0.473593, 0.870491, -0.197918), (-0.985818, 0.153255, 0.068373, -0.136315), (-0.101026, -0.867308, 0.487413, 0.201736), (0.000000, 0.000000, 0.000000, 1.000000))
((0.135144, 0.470714, 0.871874, -0.202348), (-0.985550, 0.154546, 0.069327, -0.134598), (-0.102112, -0.868645, 0.484798, 0.202804), (0.000000, 0.000000, 0.000000, 1.000000))
((0.138609, 0.468058, 0.872760, -0.210522), (-0.983784, 0.166367, 0.067020, -0.131775), (-0.113829, -0.867896, 0.483528, 0.204927), (0.000000, 0.000000, 0.000000, 1.000000))
((0.138609, 0.468058, 0.872760, -0.210581), (-0.983784, 0.166367, 0.067020, -0.131757), (-0.113829, -0.867896, 0.483528, 0.204944), (0.000000, 0.000000, 0.000000, 1.000000))
</SampleFrames>
<SampleWeights Num="109">0.0171917
0.0278894
0.0270824
0.030228
0.0519739
0.0663604
0.0816137
0.0816041
0.104651
0.113423
0.14016
0.182231
0.220544
0.227178
0.228341
0.249729
0.267204
0.269252
0.268249
0.267682
0.26367
0.260687
0.254992
0.256041
0.258895
0.265971
0.278678
0.277424
0.284237
0.291846
0.29663
0.300362
0.296237
0.298576
0.297801
0.302482
0.309505
0.308462
0.301006
0.314454
0.317678
0.320533
0.315627
0.322687
0.342618
0.34575
0.328304
0.334374
0.338867
0.33636
0.336291
0.346047
0.353418
0.359479
0.346655
0.335357
0.344393
0.348237
0.338399
0.326638
0.317266
0.321576
0.343622
0.339455
0.339359
0.326508
0.31275
0.305633
0.29147
0.286499
0.285656
0.285656
0.28037
0.274114
0.278065
0.319945
0.319945
0.266973
0.259398
0.259397
0.265918
0.279012
0.262286
0.277402
0.276044
0.276071
0.292269
0.292269
0.285605
0.275452
0.275452
0.288788
0.288786
0.276666
0.262478
0.254399
0.248213
0.248213
0.24862
0.249614
0.233844
0.207945
0.185667
0.184756
0.184743
0.196245
0.174294
0.124609
0.124601
</SampleWeights>
</PointSplatMark>
