<PointSplatMark HeadPosAtStart="(-0.907387, 2.1455, 1.94114)" BrushTip="0" BrushInterface="ForceTapeDraw" SuperSamplesPerWidth="20" Draw="0" Width="0.06" Pose="1" LayerIndex="0" Name="wingdetail" RoomToVirtualScaleAtStart="1.45521" RoomToVirtualFrameAtStart="((0.865701, -0.436188, -0.245565, 0.262891), (0.470270, 0.540650, 0.697527, -0.195668), (-0.171488, -0.719332, 0.673167, 0.034821), (0.000000, 0.000000, 0.000000, 1.000000))" ColorSwatch="0.302658"><SamplePoints Num="32">(0.776866, -0.126747, 0.219441)
(0.776433, -0.126599, 0.21904)
(0.776405, -0.126589, 0.219013)
(0.773813, -0.125717, 0.21658)
(0.766578, -0.123291, 0.209757)
(0.765358, -0.122882, 0.208606)
(0.761824, -0.121695, 0.205278)
(0.755772, -0.119659, 0.199607)
(0.753766, -0.118982, 0.197748)
(0.746366, -0.116463, 0.190987)
(0.742738, -0.115229, 0.187673)
(0.738249, -0.113688, 0.183649)
(0.73113, -0.111228, 0.177406)
(0.72418, -0.108846, 0.171388)
(0.712668, -0.104985, 0.161593)
(0.709351, -0.103878, 0.158776)
(0.705585, -0.102634, 0.155608)
(0.701976, -0.101442, 0.152571)
(0.698559, -0.10033, 0.14973)
(0.694334, -0.0989547, 0.146217)
(0.691505, -0.0980428, 0.143884)
(0.6896, -0.0974285, 0.142313)
(0.681616, -0.0948984, 0.135812)
(0.671872, -0.0918766, 0.128006)
(0.642214, -0.0832136, 0.104978)
(0.619843, -0.0770037, 0.0885908)
(0.610722, -0.0744718, 0.0819095)
(0.590987, -0.0691027, 0.0680683)
(0.580955, -0.0664447, 0.0613717)
(0.566545, -0.062627, 0.0517534)
(0.555442, -0.059817, 0.0447853)
(0.555442, -0.059817, 0.0447853)
</SamplePoints>
<SampleFrames Num="32">((0.094545, 0.821943, 0.561668, 0.776866), (-0.995202, 0.092312, 0.032432, -0.126747), (-0.025191, -0.562039, 0.826727, 0.219441), (0.000000, 0.000000, 0.000000, 1.000000))
((0.097137, 0.821024, 0.562569, 0.776433), (-0.995039, 0.092327, 0.037066, -0.126599), (-0.021508, -0.563378, 0.825919, 0.219040), (0.000000, 0.000000, 0.000000, 1.000000))
((0.097137, 0.821024, 0.562569, 0.776405), (-0.995039, 0.092327, 0.037066, -0.126589), (-0.021508, -0.563378, 0.825919, 0.219013), (0.000000, 0.000000, 0.000000, 1.000000))
((0.098775, 0.821284, 0.561904, 0.773813), (-0.994785, 0.095923, 0.034667, -0.125717), (-0.025428, -0.562398, 0.826476, 0.216580), (0.000000, 0.000000, 0.000000, 1.000000))
((0.100697, 0.820563, 0.562616, 0.766578), (-0.994505, 0.099290, 0.033184, -0.123291), (-0.028633, -0.562866, 0.826052, 0.209757), (0.000000, 0.000000, 0.000000, 1.000000))
((0.100764, 0.820919, 0.562084, 0.765358), (-0.994503, 0.099271, 0.033298, -0.122882), (-0.028464, -0.562350, 0.826409, 0.208606), (0.000000, 0.000000, 0.000000, 1.000000))
((0.096272, 0.821424, 0.562134, 0.761824), (-0.994992, 0.094674, 0.032061, -0.121695), (-0.026884, -0.562406, 0.826424, 0.205278), (0.000000, 0.000000, 0.000000, 1.000000))
((0.097275, 0.820753, 0.562941, 0.755772), (-0.994829, 0.096774, 0.030811, -0.119659), (-0.029190, -0.563027, 0.825923, 0.199607), (0.000000, 0.000000, 0.000000, 1.000000))
((0.094795, 0.820759, 0.563355, 0.753766), (-0.995092, 0.094259, 0.030116, -0.118982), (-0.028383, -0.563445, 0.825666, 0.197748), (0.000000, 0.000000, 0.000000, 1.000000))
((0.089990, 0.821343, 0.563292, 0.746366), (-0.995663, 0.087586, 0.031354, -0.116463), (-0.023584, -0.563671, 0.825663, 0.190987), (0.000000, 0.000000, 0.000000, 1.000000))
((0.090562, 0.821197, 0.563413, 0.742738), (-0.995588, 0.088606, 0.030882, -0.115229), (-0.024562, -0.563724, 0.825598, 0.187673), (0.000000, 0.000000, 0.000000, 1.000000))
((0.087188, 0.822136, 0.562575, 0.738249), (-0.995848, 0.086777, 0.027522, -0.113688), (-0.026192, -0.562638, 0.826288, 0.183649), (0.000000, 0.000000, 0.000000, 1.000000))
((0.079455, 0.822801, 0.562748, 0.731130), (-0.996644, 0.076719, 0.028545, -0.111228), (-0.019687, -0.563127, 0.826136, 0.177406), (0.000000, 0.000000, 0.000000, 1.000000))
((0.076742, 0.822890, 0.562995, 0.724180), (-0.996931, 0.072078, 0.030541, -0.108846), (-0.015448, -0.563611, 0.825896, 0.171388), (0.000000, 0.000000, 0.000000, 1.000000))
((0.078282, 0.820594, 0.566125, 0.712668), (-0.996886, 0.069855, 0.036592, -0.104985), (-0.009519, -0.567227, 0.823507, 0.161593), (0.000000, 0.000000, 0.000000, 1.000000))
((0.079134, 0.821250, 0.565054, 0.709351), (-0.996816, 0.070740, 0.036787, -0.103878), (-0.009761, -0.566166, 0.824233, 0.158776), (0.000000, 0.000000, 0.000000, 1.000000))
((0.081368, 0.820443, 0.565908, 0.705585), (-0.996649, 0.071774, 0.039244, -0.102634), (-0.008420, -0.567205, 0.823534, 0.155608), (0.000000, 0.000000, 0.000000, 1.000000))
((0.084712, 0.818052, 0.568872, 0.701976), (-0.996388, 0.072893, 0.043553, -0.101442), (-0.005838, -0.570507, 0.821272, 0.152571), (0.000000, 0.000000, 0.000000, 1.000000))
((0.085421, 0.818301, 0.568407, 0.698559), (-0.996324, 0.073851, 0.043411, -0.100330), (-0.006454, -0.570026, 0.821601, 0.149730), (0.000000, 0.000000, 0.000000, 1.000000))
((0.090356, 0.817249, 0.569157, 0.694334), (-0.995885, 0.078153, 0.045882, -0.098955), (-0.006984, -0.570961, 0.820948, 0.146217), (0.000000, 0.000000, 0.000000, 1.000000))
((0.094943, 0.815678, 0.570661, 0.691505), (-0.995454, 0.082169, 0.048169, -0.098043), (-0.007600, -0.572640, 0.819771, 0.143884), (0.000000, 0.000000, 0.000000, 1.000000))
((0.097968, 0.815538, 0.570351, 0.689600), (-0.995145, 0.085699, 0.048394, -0.097429), (-0.009411, -0.572323, 0.819974, 0.142313), (0.000000, 0.000000, 0.000000, 1.000000))
((0.102222, 0.812994, 0.573229, 0.681616), (-0.994728, 0.088271, 0.052195, -0.094898), (-0.008165, -0.575542, 0.817731, 0.135812), (0.000000, 0.000000, 0.000000, 1.000000))
((0.106621, 0.810071, 0.576556, 0.671872), (-0.994272, 0.091160, 0.055787, -0.091877), (-0.007367, -0.579202, 0.815151, 0.128006), (0.000000, 0.000000, 0.000000, 1.000000))
((0.126591, 0.800722, 0.585507, 0.642214), (-0.991697, 0.115610, 0.056307, -0.083214), (-0.022604, -0.587774, 0.808709, 0.104978), (0.000000, 0.000000, 0.000000, 1.000000))
((0.149554, 0.789879, 0.594747, 0.619843), (-0.987963, 0.143428, 0.057946, -0.077004), (-0.039533, -0.596254, 0.801822, 0.088591), (0.000000, 0.000000, 0.000000, 1.000000))
((0.158518, 0.784035, 0.600134, 0.610722), (-0.986312, 0.153683, 0.059746, -0.074472), (-0.045387, -0.601390, 0.797665, 0.081910), (0.000000, 0.000000, 0.000000, 1.000000))
((0.183547, 0.773267, 0.606934, 0.590987), (-0.981074, 0.182842, 0.063743, -0.069103), (-0.061683, -0.607147, 0.792192, 0.068068), (0.000000, 0.000000, 0.000000, 1.000000))
((0.199181, 0.764516, 0.613060, 0.580955), (-0.977193, 0.201954, 0.065640, -0.066445), (-0.073627, -0.612152, 0.787305, 0.061372), (0.000000, 0.000000, 0.000000, 1.000000))
((0.232241, 0.747050, 0.622880, 0.566545), (-0.967703, 0.242025, 0.070536, -0.062627), (-0.098059, -0.619144, 0.779131, 0.051753), (0.000000, 0.000000, 0.000000, 1.000000))
((0.261558, 0.729819, 0.631626, 0.555442), (-0.957681, 0.277694, 0.075714, -0.059817), (-0.120141, -0.624700, 0.771567, 0.044785), (0.000000, 0.000000, 0.000000, 1.000000))
((0.261558, 0.729819, 0.631626, 0.555442), (-0.957681, 0.277694, 0.075714, -0.059817), (-0.120141, -0.624700, 0.771567, 0.044785), (0.000000, 0.000000, 0.000000, 1.000000))
</SampleFrames>
<SampleWeights Num="32">0.0587016
0.111996
0.111993
0.0826016
0.0452398
0.0591953
0.0635258
0.0549656
0.055847
0.0912355
0.0916132
0.0893761
0.144194
0.18591
0.225784
0.243409
0.255826
0.27229
0.285973
0.298816
0.302804
0.302683
0.336254
0.371346
0.410288
0.411204
0.412536
0.407502
0.369428
0.290026
0.249435
0.249435
</SampleWeights>
</PointSplatMark>
